"id","date","confirmed","deaths","recovered","tests","vaccines","people_vaccinated","people_fully_vaccinated","hosp","icu","vent","school_closing","workplace_closing","cancel_events","gatherings_restrictions","transport_closing","stay_home_restrictions","internal_movement_restrictions","international_movement_restrictions","information_campaigns","testing_policy","contact_tracing","facial_coverings","vaccination_policy","elderly_people_protection","government_response_index","stringency_index","containment_health_index","economic_support_index","administrative_area_level","administrative_area_level_1","administrative_area_level_2","administrative_area_level_3","latitude","longitude","population","iso_alpha_3","iso_alpha_2","iso_numeric","iso_currency","key_local","key_google_mobility","key_apple_mobility","key_jhu_csse","key_nuts","key_gadm"
"484fe392",2020-04-13,1,1,NA,NA,NA,NA,NA,NA,NA,NA,3,2,2,4,0,1,2,4,2,1,0,0,0,2,-57.81,-77.78,-57.14,-62.5,3,"Brazil","Pernambuco","Lagoa dos Gatos",-8.68610764,-35.8958853996463,16318,"BRA","BR",76,"BRL","2608701","ChIJzzwYT7-qAAcREUgcnCFWyYs",NA,"BRPE2608701",NA,"BRA.17.98_1"
"484fe392",2020-04-14,1,1,NA,NA,NA,NA,NA,NA,NA,NA,3,2,2,4,0,1,2,4,2,1,0,0,0,2,-57.81,-77.78,-57.14,-62.5,3,"Brazil","Pernambuco","Lagoa dos Gatos",-8.68610764,-35.8958853996463,16318,"BRA","BR",76,"BRL","2608701","ChIJzzwYT7-qAAcREUgcnCFWyYs",NA,"BRPE2608701",NA,"BRA.17.98_1"
"484fe392",2020-04-15,1,1,NA,NA,NA,NA,NA,NA,NA,NA,3,2,2,4,0,1,2,4,2,1,0,0,0,2,-57.81,-77.78,-57.14,-62.5,3,"Brazil","Pernambuco","Lagoa dos Gatos",-8.68610764,-35.8958853996463,16318,"BRA","BR",76,"BRL","2608701","ChIJzzwYT7-qAAcREUgcnCFWyYs",NA,"BRPE2608701",NA,"BRA.17.98_1"
"484fe392",2020-04-16,1,1,NA,NA,NA,NA,NA,NA,NA,NA,3,2,2,4,0,1,2,4,2,1,0,0,0,2,-57.81,-77.78,-57.14,-62.5,3,"Brazil","Pernambuco","Lagoa dos Gatos",-8.68610764,-35.8958853996463,16318,"BRA","BR",76,"BRL","2608701","ChIJzzwYT7-qAAcREUgcnCFWyYs",NA,"BRPE2608701",NA,"BRA.17.98_1"
"484fe392",2020-04-17,1,1,NA,NA,NA,NA,NA,NA,NA,NA,3,2,2,4,0,1,2,4,2,1,0,0,0,2,-57.81,-77.78,-57.14,-62.5,3,"Brazil","Pernambuco","Lagoa dos Gatos",-8.68610764,-35.8958853996463,16318,"BRA","BR",76,"BRL","2608701","ChIJzzwYT7-qAAcREUgcnCFWyYs",NA,"BRPE2608701",NA,"BRA.17.98_1"
"484fe392",2020-04-18,1,1,NA,NA,NA,NA,NA,NA,NA,NA,3,2,2,4,0,1,2,4,2,1,0,0,0,2,-57.81,-77.78,-57.14,-62.5,3,"Brazil","Pernambuco","Lagoa dos Gatos",-8.68610764,-35.8958853996463,16318,"BRA","BR",76,"BRL","2608701","ChIJzzwYT7-qAAcREUgcnCFWyYs",NA,"BRPE2608701",NA,"BRA.17.98_1"
"484fe392",2020-04-19,1,1,NA,NA,NA,NA,NA,NA,NA,NA,3,2,2,4,0,1,2,4,2,1,0,0,0,2,-57.81,-77.78,-57.14,-62.5,3,"Brazil","Pernambuco","Lagoa dos Gatos",-8.68610764,-35.8958853996463,16318,"BRA","BR",76,"BRL","2608701","ChIJzzwYT7-qAAcREUgcnCFWyYs",NA,"BRPE2608701",NA,"BRA.17.98_1"
"484fe392",2020-04-20,1,1,NA,NA,NA,NA,NA,NA,NA,NA,3,2,2,4,-2,-2,2,4,2,1,0,0,0,2,-63.54,-87.96,-63.69,-62.5,3,"Brazil","Pernambuco","Lagoa dos Gatos",-8.68610764,-35.8958853996463,16318,"BRA","BR",76,"BRL","2608701","ChIJzzwYT7-qAAcREUgcnCFWyYs",NA,"BRPE2608701",NA,"BRA.17.98_1"
"484fe392",2020-04-21,1,1,NA,NA,NA,NA,NA,NA,NA,NA,3,2,2,4,-2,-2,2,4,2,1,0,0,0,2,-63.54,-87.96,-63.69,-62.5,3,"Brazil","Pernambuco","Lagoa dos Gatos",-8.68610764,-35.8958853996463,16318,"BRA","BR",76,"BRL","2608701","ChIJzzwYT7-qAAcREUgcnCFWyYs",NA,"BRPE2608701",NA,"BRA.17.98_1"
"484fe392",2020-04-22,1,1,NA,NA,NA,NA,NA,NA,NA,NA,3,2,2,4,-2,-2,2,4,2,1,0,0,0,2,-63.54,-87.96,-63.69,-62.5,3,"Brazil","Pernambuco","Lagoa dos Gatos",-8.68610764,-35.8958853996463,16318,"BRA","BR",76,"BRL","2608701","ChIJzzwYT7-qAAcREUgcnCFWyYs",NA,"BRPE2608701",NA,"BRA.17.98_1"
"484fe392",2020-04-23,1,1,NA,NA,NA,NA,NA,NA,NA,NA,3,2,2,4,-2,-2,2,4,2,1,0,1,0,2,-65.1,-87.96,-65.48,-62.5,3,"Brazil","Pernambuco","Lagoa dos Gatos",-8.68610764,-35.8958853996463,16318,"BRA","BR",76,"BRL","2608701","ChIJzzwYT7-qAAcREUgcnCFWyYs",NA,"BRPE2608701",NA,"BRA.17.98_1"
"484fe392",2020-04-24,1,1,NA,NA,NA,NA,NA,NA,NA,NA,3,2,2,4,-2,-2,2,4,2,1,0,-2,0,2,-65.89,-87.96,-66.37,-62.5,3,"Brazil","Pernambuco","Lagoa dos Gatos",-8.68610764,-35.8958853996463,16318,"BRA","BR",76,"BRL","2608701","ChIJzzwYT7-qAAcREUgcnCFWyYs",NA,"BRPE2608701",NA,"BRA.17.98_1"
"484fe392",2020-04-25,2,1,NA,NA,NA,NA,NA,NA,NA,NA,3,2,2,4,-2,-2,2,4,2,1,0,-2,0,2,-65.89,-87.96,-66.37,-62.5,3,"Brazil","Pernambuco","Lagoa dos Gatos",-8.68610764,-35.8958853996463,16318,"BRA","BR",76,"BRL","2608701","ChIJzzwYT7-qAAcREUgcnCFWyYs",NA,"BRPE2608701",NA,"BRA.17.98_1"
"484fe392",2020-04-26,2,1,NA,NA,NA,NA,NA,NA,NA,NA,3,2,2,4,-2,-2,2,4,2,1,0,-2,0,2,-65.89,-87.96,-66.37,-62.5,3,"Brazil","Pernambuco","Lagoa dos Gatos",-8.68610764,-35.8958853996463,16318,"BRA","BR",76,"BRL","2608701","ChIJzzwYT7-qAAcREUgcnCFWyYs",NA,"BRPE2608701",NA,"BRA.17.98_1"
"484fe392",2020-04-27,2,1,NA,NA,NA,NA,NA,NA,NA,NA,3,2,2,4,-2,-2,2,4,2,1,0,2,0,2,-66.67,-87.96,-67.26,-62.5,3,"Brazil","Pernambuco","Lagoa dos Gatos",-8.68610764,-35.8958853996463,16318,"BRA","BR",76,"BRL","2608701","ChIJzzwYT7-qAAcREUgcnCFWyYs",NA,"BRPE2608701",NA,"BRA.17.98_1"
"484fe392",2020-04-28,2,1,NA,NA,NA,NA,NA,NA,NA,NA,3,2,2,4,-2,-2,2,4,2,1,0,2,0,2,-66.67,-87.96,-67.26,-62.5,3,"Brazil","Pernambuco","Lagoa dos Gatos",-8.68610764,-35.8958853996463,16318,"BRA","BR",76,"BRL","2608701","ChIJzzwYT7-qAAcREUgcnCFWyYs",NA,"BRPE2608701",NA,"BRA.17.98_1"
"484fe392",2020-04-29,2,1,NA,NA,NA,NA,NA,NA,NA,NA,3,2,2,4,-2,-2,2,4,2,1,0,2,0,2,-66.67,-87.96,-67.26,-62.5,3,"Brazil","Pernambuco","Lagoa dos Gatos",-8.68610764,-35.8958853996463,16318,"BRA","BR",76,"BRL","2608701","ChIJzzwYT7-qAAcREUgcnCFWyYs",NA,"BRPE2608701",NA,"BRA.17.98_1"
"484fe392",2020-04-30,2,1,NA,NA,NA,NA,NA,NA,NA,NA,3,2,2,4,-2,-2,2,4,2,1,2,2,0,2,-72.92,-87.96,-74.4,-62.5,3,"Brazil","Pernambuco","Lagoa dos Gatos",-8.68610764,-35.8958853996463,16318,"BRA","BR",76,"BRL","2608701","ChIJzzwYT7-qAAcREUgcnCFWyYs",NA,"BRPE2608701",NA,"BRA.17.98_1"
"484fe392",2020-05-01,2,1,NA,NA,NA,NA,NA,NA,NA,NA,3,2,2,4,-2,-2,2,4,2,1,2,2,0,2,-72.92,-87.96,-74.4,-62.5,3,"Brazil","Pernambuco","Lagoa dos Gatos",-8.68610764,-35.8958853996463,16318,"BRA","BR",76,"BRL","2608701","ChIJzzwYT7-qAAcREUgcnCFWyYs",NA,"BRPE2608701",NA,"BRA.17.98_1"
"484fe392",2020-05-02,2,1,NA,NA,NA,NA,NA,NA,NA,NA,3,2,2,4,-2,-2,2,4,2,1,2,2,0,2,-72.92,-87.96,-74.4,-62.5,3,"Brazil","Pernambuco","Lagoa dos Gatos",-8.68610764,-35.8958853996463,16318,"BRA","BR",76,"BRL","2608701","ChIJzzwYT7-qAAcREUgcnCFWyYs",NA,"BRPE2608701",NA,"BRA.17.98_1"
"484fe392",2020-05-03,2,1,NA,NA,NA,NA,NA,NA,NA,NA,3,2,2,4,-2,-2,2,4,2,1,2,2,0,2,-72.92,-87.96,-74.4,-62.5,3,"Brazil","Pernambuco","Lagoa dos Gatos",-8.68610764,-35.8958853996463,16318,"BRA","BR",76,"BRL","2608701","ChIJzzwYT7-qAAcREUgcnCFWyYs",NA,"BRPE2608701",NA,"BRA.17.98_1"
"484fe392",2020-05-04,2,1,NA,NA,NA,NA,NA,NA,NA,NA,3,2,2,4,-2,-2,2,4,2,1,2,2,0,2,-72.92,-87.96,-74.4,-62.5,3,"Brazil","Pernambuco","Lagoa dos Gatos",-8.68610764,-35.8958853996463,16318,"BRA","BR",76,"BRL","2608701","ChIJzzwYT7-qAAcREUgcnCFWyYs",NA,"BRPE2608701",NA,"BRA.17.98_1"
"484fe392",2020-05-05,2,1,NA,NA,NA,NA,NA,NA,NA,NA,3,2,2,4,-2,-2,2,4,2,1,2,2,0,2,-72.92,-87.96,-74.4,-62.5,3,"Brazil","Pernambuco","Lagoa dos Gatos",-8.68610764,-35.8958853996463,16318,"BRA","BR",76,"BRL","2608701","ChIJzzwYT7-qAAcREUgcnCFWyYs",NA,"BRPE2608701",NA,"BRA.17.98_1"
"484fe392",2020-05-06,2,1,NA,NA,NA,NA,NA,NA,NA,NA,3,2,2,4,-2,-2,2,4,2,2,2,2,0,2,-75,-87.96,-76.79,-62.5,3,"Brazil","Pernambuco","Lagoa dos Gatos",-8.68610764,-35.8958853996463,16318,"BRA","BR",76,"BRL","2608701","ChIJzzwYT7-qAAcREUgcnCFWyYs",NA,"BRPE2608701",NA,"BRA.17.98_1"
"484fe392",2020-05-07,2,1,NA,NA,NA,NA,NA,NA,NA,NA,3,2,2,4,-2,-2,2,4,2,2,2,2,0,2,-75,-87.96,-76.79,-62.5,3,"Brazil","Pernambuco","Lagoa dos Gatos",-8.68610764,-35.8958853996463,16318,"BRA","BR",76,"BRL","2608701","ChIJzzwYT7-qAAcREUgcnCFWyYs",NA,"BRPE2608701",NA,"BRA.17.98_1"
"484fe392",2020-05-08,2,1,NA,NA,NA,NA,NA,NA,NA,NA,3,2,2,4,-2,-2,2,4,2,2,2,2,0,2,-75,-87.96,-76.79,-62.5,3,"Brazil","Pernambuco","Lagoa dos Gatos",-8.68610764,-35.8958853996463,16318,"BRA","BR",76,"BRL","2608701","ChIJzzwYT7-qAAcREUgcnCFWyYs",NA,"BRPE2608701",NA,"BRA.17.98_1"
"484fe392",2020-05-09,3,2,NA,NA,NA,NA,NA,NA,NA,NA,3,2,2,4,-2,-2,2,4,2,2,2,2,0,2,-75,-87.96,-76.79,-62.5,3,"Brazil","Pernambuco","Lagoa dos Gatos",-8.68610764,-35.8958853996463,16318,"BRA","BR",76,"BRL","2608701","ChIJzzwYT7-qAAcREUgcnCFWyYs",NA,"BRPE2608701",NA,"BRA.17.98_1"
"484fe392",2020-05-10,3,2,NA,NA,NA,NA,NA,NA,NA,NA,3,2,2,4,-2,-2,2,4,2,2,2,2,0,2,-75,-87.96,-76.79,-62.5,3,"Brazil","Pernambuco","Lagoa dos Gatos",-8.68610764,-35.8958853996463,16318,"BRA","BR",76,"BRL","2608701","ChIJzzwYT7-qAAcREUgcnCFWyYs",NA,"BRPE2608701",NA,"BRA.17.98_1"
"484fe392",2020-05-11,3,2,NA,NA,NA,NA,NA,NA,NA,NA,3,2,2,4,0,1,2,4,2,2,2,2,0,2,-69.27,-77.78,-70.24,-62.5,3,"Brazil","Pernambuco","Lagoa dos Gatos",-8.68610764,-35.8958853996463,16318,"BRA","BR",76,"BRL","2608701","ChIJzzwYT7-qAAcREUgcnCFWyYs",NA,"BRPE2608701",NA,"BRA.17.98_1"
"484fe392",2020-05-12,3,2,NA,NA,NA,NA,NA,NA,NA,NA,3,2,2,4,0,1,2,4,2,2,2,2,0,2,-69.27,-77.78,-70.24,-62.5,3,"Brazil","Pernambuco","Lagoa dos Gatos",-8.68610764,-35.8958853996463,16318,"BRA","BR",76,"BRL","2608701","ChIJzzwYT7-qAAcREUgcnCFWyYs",NA,"BRPE2608701",NA,"BRA.17.98_1"
"484fe392",2020-05-13,3,2,NA,NA,NA,NA,NA,NA,NA,NA,3,2,2,4,0,1,2,4,2,2,2,2,0,2,-69.27,-77.78,-70.24,-62.5,3,"Brazil","Pernambuco","Lagoa dos Gatos",-8.68610764,-35.8958853996463,16318,"BRA","BR",76,"BRL","2608701","ChIJzzwYT7-qAAcREUgcnCFWyYs",NA,"BRPE2608701",NA,"BRA.17.98_1"
"484fe392",2020-05-14,3,2,NA,NA,NA,NA,NA,NA,NA,NA,3,2,2,4,0,1,2,4,2,2,2,2,0,2,-69.27,-77.78,-70.24,-62.5,3,"Brazil","Pernambuco","Lagoa dos Gatos",-8.68610764,-35.8958853996463,16318,"BRA","BR",76,"BRL","2608701","ChIJzzwYT7-qAAcREUgcnCFWyYs",NA,"BRPE2608701",NA,"BRA.17.98_1"
"484fe392",2020-05-15,3,2,NA,NA,NA,NA,NA,NA,NA,NA,3,2,2,4,0,1,2,4,2,2,2,2,0,2,-69.27,-77.78,-70.24,-62.5,3,"Brazil","Pernambuco","Lagoa dos Gatos",-8.68610764,-35.8958853996463,16318,"BRA","BR",76,"BRL","2608701","ChIJzzwYT7-qAAcREUgcnCFWyYs",NA,"BRPE2608701",NA,"BRA.17.98_1"
"484fe392",2020-05-16,3,2,NA,NA,NA,NA,NA,NA,NA,NA,3,2,2,4,-1,-2,-2,4,2,2,2,4,0,2,-73.44,-79.63,-75,-62.5,3,"Brazil","Pernambuco","Lagoa dos Gatos",-8.68610764,-35.8958853996463,16318,"BRA","BR",76,"BRL","2608701","ChIJzzwYT7-qAAcREUgcnCFWyYs",NA,"BRPE2608701",NA,"BRA.17.98_1"
"484fe392",2020-05-17,6,2,NA,NA,NA,NA,NA,NA,NA,NA,3,2,2,4,-1,-2,-2,4,2,2,2,4,0,2,-73.44,-79.63,-75,-62.5,3,"Brazil","Pernambuco","Lagoa dos Gatos",-8.68610764,-35.8958853996463,16318,"BRA","BR",76,"BRL","2608701","ChIJzzwYT7-qAAcREUgcnCFWyYs",NA,"BRPE2608701",NA,"BRA.17.98_1"
"484fe392",2020-05-18,6,2,NA,NA,NA,NA,NA,NA,NA,NA,3,2,2,4,-1,-2,-2,4,2,2,2,4,0,2,-73.44,-79.63,-75,-62.5,3,"Brazil","Pernambuco","Lagoa dos Gatos",-8.68610764,-35.8958853996463,16318,"BRA","BR",76,"BRL","2608701","ChIJzzwYT7-qAAcREUgcnCFWyYs",NA,"BRPE2608701",NA,"BRA.17.98_1"
"484fe392",2020-05-19,9,2,NA,NA,NA,NA,NA,NA,NA,NA,3,2,2,4,-1,-2,-2,4,2,2,2,4,0,2,-73.44,-79.63,-75,-62.5,3,"Brazil","Pernambuco","Lagoa dos Gatos",-8.68610764,-35.8958853996463,16318,"BRA","BR",76,"BRL","2608701","ChIJzzwYT7-qAAcREUgcnCFWyYs",NA,"BRPE2608701",NA,"BRA.17.98_1"
"484fe392",2020-05-20,9,2,NA,NA,NA,NA,NA,NA,NA,NA,3,-2,2,4,-1,-2,-2,4,2,2,2,4,0,2,-72.4,-77.78,-73.81,-62.5,3,"Brazil","Pernambuco","Lagoa dos Gatos",-8.68610764,-35.8958853996463,16318,"BRA","BR",76,"BRL","2608701","ChIJzzwYT7-qAAcREUgcnCFWyYs",NA,"BRPE2608701",NA,"BRA.17.98_1"
"484fe392",2020-05-21,9,2,NA,NA,NA,NA,NA,NA,NA,NA,3,-2,2,4,-1,-2,-2,4,2,2,2,4,0,2,-72.4,-77.78,-73.81,-62.5,3,"Brazil","Pernambuco","Lagoa dos Gatos",-8.68610764,-35.8958853996463,16318,"BRA","BR",76,"BRL","2608701","ChIJzzwYT7-qAAcREUgcnCFWyYs",NA,"BRPE2608701",NA,"BRA.17.98_1"
"484fe392",2020-05-22,19,2,NA,NA,NA,NA,NA,NA,NA,NA,3,-2,2,4,-1,-2,-2,4,2,2,2,4,0,2,-72.4,-77.78,-73.81,-62.5,3,"Brazil","Pernambuco","Lagoa dos Gatos",-8.68610764,-35.8958853996463,16318,"BRA","BR",76,"BRL","2608701","ChIJzzwYT7-qAAcREUgcnCFWyYs",NA,"BRPE2608701",NA,"BRA.17.98_1"
"484fe392",2020-05-23,21,2,NA,NA,NA,NA,NA,NA,NA,NA,3,-2,2,4,-1,-2,-2,4,2,2,2,4,0,2,-72.4,-77.78,-73.81,-62.5,3,"Brazil","Pernambuco","Lagoa dos Gatos",-8.68610764,-35.8958853996463,16318,"BRA","BR",76,"BRL","2608701","ChIJzzwYT7-qAAcREUgcnCFWyYs",NA,"BRPE2608701",NA,"BRA.17.98_1"
"484fe392",2020-05-24,21,2,NA,NA,NA,NA,NA,NA,NA,NA,3,-2,2,4,-1,-2,-2,4,2,2,2,4,0,2,-72.4,-77.78,-73.81,-62.5,3,"Brazil","Pernambuco","Lagoa dos Gatos",-8.68610764,-35.8958853996463,16318,"BRA","BR",76,"BRL","2608701","ChIJzzwYT7-qAAcREUgcnCFWyYs",NA,"BRPE2608701",NA,"BRA.17.98_1"
"484fe392",2020-05-25,22,2,NA,NA,NA,NA,NA,NA,NA,NA,3,-2,2,4,-1,-2,-2,4,2,2,2,4,0,2,-72.4,-77.78,-73.81,-62.5,3,"Brazil","Pernambuco","Lagoa dos Gatos",-8.68610764,-35.8958853996463,16318,"BRA","BR",76,"BRL","2608701","ChIJzzwYT7-qAAcREUgcnCFWyYs",NA,"BRPE2608701",NA,"BRA.17.98_1"
"484fe392",2020-05-26,22,2,NA,NA,NA,NA,NA,NA,NA,NA,3,-2,2,4,-1,-2,-2,4,2,2,2,4,0,2,-72.4,-77.78,-73.81,-62.5,3,"Brazil","Pernambuco","Lagoa dos Gatos",-8.68610764,-35.8958853996463,16318,"BRA","BR",76,"BRL","2608701","ChIJzzwYT7-qAAcREUgcnCFWyYs",NA,"BRPE2608701",NA,"BRA.17.98_1"
"484fe392",2020-05-27,22,2,NA,NA,NA,NA,NA,NA,NA,NA,3,-2,2,4,-1,-2,-2,4,2,2,2,4,0,2,-72.4,-77.78,-73.81,-62.5,3,"Brazil","Pernambuco","Lagoa dos Gatos",-8.68610764,-35.8958853996463,16318,"BRA","BR",76,"BRL","2608701","ChIJzzwYT7-qAAcREUgcnCFWyYs",NA,"BRPE2608701",NA,"BRA.17.98_1"
"484fe392",2020-05-28,22,2,NA,NA,NA,NA,NA,NA,NA,NA,3,-2,2,4,-1,-2,-2,4,2,2,2,4,0,2,-72.4,-77.78,-73.81,-62.5,3,"Brazil","Pernambuco","Lagoa dos Gatos",-8.68610764,-35.8958853996463,16318,"BRA","BR",76,"BRL","2608701","ChIJzzwYT7-qAAcREUgcnCFWyYs",NA,"BRPE2608701",NA,"BRA.17.98_1"
"484fe392",2020-05-29,22,2,NA,NA,NA,NA,NA,NA,NA,NA,3,-2,2,4,-1,-2,-2,4,2,2,2,4,0,2,-72.4,-77.78,-73.81,-62.5,3,"Brazil","Pernambuco","Lagoa dos Gatos",-8.68610764,-35.8958853996463,16318,"BRA","BR",76,"BRL","2608701","ChIJzzwYT7-qAAcREUgcnCFWyYs",NA,"BRPE2608701",NA,"BRA.17.98_1"
"484fe392",2020-05-30,22,2,NA,NA,NA,NA,NA,NA,NA,NA,3,-2,2,4,-1,-2,-2,4,2,2,2,4,0,2,-72.4,-77.78,-73.81,-62.5,3,"Brazil","Pernambuco","Lagoa dos Gatos",-8.68610764,-35.8958853996463,16318,"BRA","BR",76,"BRL","2608701","ChIJzzwYT7-qAAcREUgcnCFWyYs",NA,"BRPE2608701",NA,"BRA.17.98_1"
"484fe392",2020-05-31,22,2,NA,NA,NA,NA,NA,NA,NA,NA,3,-2,2,4,-1,-2,-2,4,2,2,2,4,0,2,-72.4,-77.78,-73.81,-62.5,3,"Brazil","Pernambuco","Lagoa dos Gatos",-8.68610764,-35.8958853996463,16318,"BRA","BR",76,"BRL","2608701","ChIJzzwYT7-qAAcREUgcnCFWyYs",NA,"BRPE2608701",NA,"BRA.17.98_1"
"484fe392",2020-06-01,23,2,NA,NA,NA,NA,NA,NA,NA,NA,3,2,2,4,0,1,-2,4,2,2,2,4,0,2,-70.83,-75,-72.02,-62.5,3,"Brazil","Pernambuco","Lagoa dos Gatos",-8.68610764,-35.8958853996463,16318,"BRA","BR",76,"BRL","2608701","ChIJzzwYT7-qAAcREUgcnCFWyYs",NA,"BRPE2608701",NA,"BRA.17.98_1"
"484fe392",2020-06-02,23,2,NA,NA,NA,NA,NA,NA,NA,NA,3,2,2,4,0,1,-2,4,2,2,2,4,0,2,-70.83,-75,-72.02,-62.5,3,"Brazil","Pernambuco","Lagoa dos Gatos",-8.68610764,-35.8958853996463,16318,"BRA","BR",76,"BRL","2608701","ChIJzzwYT7-qAAcREUgcnCFWyYs",NA,"BRPE2608701",NA,"BRA.17.98_1"
"484fe392",2020-06-03,24,2,NA,NA,NA,NA,NA,NA,NA,NA,3,2,2,4,0,1,-2,4,2,2,2,4,0,2,-70.83,-75,-72.02,-62.5,3,"Brazil","Pernambuco","Lagoa dos Gatos",-8.68610764,-35.8958853996463,16318,"BRA","BR",76,"BRL","2608701","ChIJzzwYT7-qAAcREUgcnCFWyYs",NA,"BRPE2608701",NA,"BRA.17.98_1"
"484fe392",2020-06-04,24,2,NA,NA,NA,NA,NA,NA,NA,NA,3,2,2,4,0,1,-2,4,2,2,2,4,0,2,-70.83,-75,-72.02,-62.5,3,"Brazil","Pernambuco","Lagoa dos Gatos",-8.68610764,-35.8958853996463,16318,"BRA","BR",76,"BRL","2608701","ChIJzzwYT7-qAAcREUgcnCFWyYs",NA,"BRPE2608701",NA,"BRA.17.98_1"
"484fe392",2020-06-05,24,2,NA,NA,NA,NA,NA,NA,NA,NA,3,2,2,4,0,1,-2,4,2,2,2,4,0,2,-70.83,-75,-72.02,-62.5,3,"Brazil","Pernambuco","Lagoa dos Gatos",-8.68610764,-35.8958853996463,16318,"BRA","BR",76,"BRL","2608701","ChIJzzwYT7-qAAcREUgcnCFWyYs",NA,"BRPE2608701",NA,"BRA.17.98_1"
"484fe392",2020-06-06,27,3,NA,NA,NA,NA,NA,NA,NA,NA,3,2,2,4,0,1,-2,4,2,2,2,4,0,2,-70.83,-75,-72.02,-62.5,3,"Brazil","Pernambuco","Lagoa dos Gatos",-8.68610764,-35.8958853996463,16318,"BRA","BR",76,"BRL","2608701","ChIJzzwYT7-qAAcREUgcnCFWyYs",NA,"BRPE2608701",NA,"BRA.17.98_1"
"484fe392",2020-06-07,27,3,NA,NA,NA,NA,NA,NA,NA,NA,3,2,2,4,0,1,-2,4,2,2,2,4,0,2,-70.83,-75,-72.02,-62.5,3,"Brazil","Pernambuco","Lagoa dos Gatos",-8.68610764,-35.8958853996463,16318,"BRA","BR",76,"BRL","2608701","ChIJzzwYT7-qAAcREUgcnCFWyYs",NA,"BRPE2608701",NA,"BRA.17.98_1"
"484fe392",2020-06-08,27,3,NA,NA,NA,NA,NA,NA,NA,NA,3,2,2,4,0,1,-2,4,2,2,2,4,0,2,-70.83,-75,-72.02,-62.5,3,"Brazil","Pernambuco","Lagoa dos Gatos",-8.68610764,-35.8958853996463,16318,"BRA","BR",76,"BRL","2608701","ChIJzzwYT7-qAAcREUgcnCFWyYs",NA,"BRPE2608701",NA,"BRA.17.98_1"
"484fe392",2020-06-09,27,3,NA,NA,NA,NA,NA,NA,NA,NA,3,2,2,4,0,1,-2,4,2,2,2,4,0,2,-70.83,-75,-72.02,-62.5,3,"Brazil","Pernambuco","Lagoa dos Gatos",-8.68610764,-35.8958853996463,16318,"BRA","BR",76,"BRL","2608701","ChIJzzwYT7-qAAcREUgcnCFWyYs",NA,"BRPE2608701",NA,"BRA.17.98_1"
"484fe392",2020-06-10,29,3,NA,NA,NA,NA,NA,NA,NA,NA,3,2,2,4,0,1,-2,4,2,2,2,4,0,2,-70.83,-75,-72.02,-62.5,3,"Brazil","Pernambuco","Lagoa dos Gatos",-8.68610764,-35.8958853996463,16318,"BRA","BR",76,"BRL","2608701","ChIJzzwYT7-qAAcREUgcnCFWyYs",NA,"BRPE2608701",NA,"BRA.17.98_1"
"484fe392",2020-06-11,31,3,NA,NA,NA,NA,NA,NA,NA,NA,3,2,2,4,0,1,-2,4,2,2,2,4,0,2,-70.83,-75,-72.02,-62.5,3,"Brazil","Pernambuco","Lagoa dos Gatos",-8.68610764,-35.8958853996463,16318,"BRA","BR",76,"BRL","2608701","ChIJzzwYT7-qAAcREUgcnCFWyYs",NA,"BRPE2608701",NA,"BRA.17.98_1"
"484fe392",2020-06-12,31,3,NA,NA,NA,NA,NA,NA,NA,NA,3,2,2,4,0,1,-2,4,2,2,2,4,0,2,-70.83,-75,-72.02,-62.5,3,"Brazil","Pernambuco","Lagoa dos Gatos",-8.68610764,-35.8958853996463,16318,"BRA","BR",76,"BRL","2608701","ChIJzzwYT7-qAAcREUgcnCFWyYs",NA,"BRPE2608701",NA,"BRA.17.98_1"
"484fe392",2020-06-13,46,3,NA,NA,NA,NA,NA,NA,NA,NA,3,-2,2,4,0,1,-2,4,2,2,2,4,0,2,-69.79,-73.15,-70.83,-62.5,3,"Brazil","Pernambuco","Lagoa dos Gatos",-8.68610764,-35.8958853996463,16318,"BRA","BR",76,"BRL","2608701","ChIJzzwYT7-qAAcREUgcnCFWyYs",NA,"BRPE2608701",NA,"BRA.17.98_1"
"484fe392",2020-06-14,59,3,NA,NA,NA,NA,NA,NA,NA,NA,3,-2,2,4,0,1,-2,4,2,2,2,4,0,2,-69.79,-73.15,-70.83,-62.5,3,"Brazil","Pernambuco","Lagoa dos Gatos",-8.68610764,-35.8958853996463,16318,"BRA","BR",76,"BRL","2608701","ChIJzzwYT7-qAAcREUgcnCFWyYs",NA,"BRPE2608701",NA,"BRA.17.98_1"
"484fe392",2020-06-15,59,3,NA,NA,NA,NA,NA,NA,NA,NA,3,-2,2,4,0,1,-2,4,2,2,2,4,0,2,-69.79,-73.15,-70.83,-62.5,3,"Brazil","Pernambuco","Lagoa dos Gatos",-8.68610764,-35.8958853996463,16318,"BRA","BR",76,"BRL","2608701","ChIJzzwYT7-qAAcREUgcnCFWyYs",NA,"BRPE2608701",NA,"BRA.17.98_1"
"484fe392",2020-06-16,61,3,NA,NA,NA,NA,NA,NA,NA,NA,3,-2,2,4,0,1,-2,4,2,2,2,4,0,2,-69.79,-73.15,-70.83,-62.5,3,"Brazil","Pernambuco","Lagoa dos Gatos",-8.68610764,-35.8958853996463,16318,"BRA","BR",76,"BRL","2608701","ChIJzzwYT7-qAAcREUgcnCFWyYs",NA,"BRPE2608701",NA,"BRA.17.98_1"
"484fe392",2020-06-17,61,3,NA,NA,NA,NA,NA,NA,NA,NA,3,-2,2,4,0,1,-2,4,2,2,2,4,0,2,-69.79,-73.15,-70.83,-62.5,3,"Brazil","Pernambuco","Lagoa dos Gatos",-8.68610764,-35.8958853996463,16318,"BRA","BR",76,"BRL","2608701","ChIJzzwYT7-qAAcREUgcnCFWyYs",NA,"BRPE2608701",NA,"BRA.17.98_1"
"484fe392",2020-06-18,70,3,NA,NA,NA,NA,NA,NA,NA,NA,3,-2,2,4,0,1,-2,4,2,2,2,4,0,2,-69.79,-73.15,-70.83,-62.5,3,"Brazil","Pernambuco","Lagoa dos Gatos",-8.68610764,-35.8958853996463,16318,"BRA","BR",76,"BRL","2608701","ChIJzzwYT7-qAAcREUgcnCFWyYs",NA,"BRPE2608701",NA,"BRA.17.98_1"
"484fe392",2020-06-19,92,3,NA,NA,NA,NA,NA,NA,NA,NA,3,-2,2,4,0,1,-2,4,2,2,2,4,0,2,-69.79,-73.15,-70.83,-62.5,3,"Brazil","Pernambuco","Lagoa dos Gatos",-8.68610764,-35.8958853996463,16318,"BRA","BR",76,"BRL","2608701","ChIJzzwYT7-qAAcREUgcnCFWyYs",NA,"BRPE2608701",NA,"BRA.17.98_1"
"484fe392",2020-06-20,97,3,NA,NA,NA,NA,NA,NA,NA,NA,3,-2,2,4,0,1,-2,4,2,2,2,4,0,2,-69.79,-73.15,-70.83,-62.5,3,"Brazil","Pernambuco","Lagoa dos Gatos",-8.68610764,-35.8958853996463,16318,"BRA","BR",76,"BRL","2608701","ChIJzzwYT7-qAAcREUgcnCFWyYs",NA,"BRPE2608701",NA,"BRA.17.98_1"
"484fe392",2020-06-21,127,3,NA,NA,NA,NA,NA,NA,NA,NA,3,-2,2,4,0,1,-2,4,2,2,2,4,0,2,-69.79,-73.15,-70.83,-62.5,3,"Brazil","Pernambuco","Lagoa dos Gatos",-8.68610764,-35.8958853996463,16318,"BRA","BR",76,"BRL","2608701","ChIJzzwYT7-qAAcREUgcnCFWyYs",NA,"BRPE2608701",NA,"BRA.17.98_1"
"484fe392",2020-06-22,127,3,NA,NA,NA,NA,NA,NA,NA,NA,3,-2,2,4,0,1,-2,4,2,2,2,4,0,2,-69.79,-73.15,-70.83,-62.5,3,"Brazil","Pernambuco","Lagoa dos Gatos",-8.68610764,-35.8958853996463,16318,"BRA","BR",76,"BRL","2608701","ChIJzzwYT7-qAAcREUgcnCFWyYs",NA,"BRPE2608701",NA,"BRA.17.98_1"
"484fe392",2020-06-23,146,3,NA,NA,NA,NA,NA,NA,NA,NA,3,-2,2,4,0,1,-2,4,2,2,2,4,0,2,-69.79,-73.15,-70.83,-62.5,3,"Brazil","Pernambuco","Lagoa dos Gatos",-8.68610764,-35.8958853996463,16318,"BRA","BR",76,"BRL","2608701","ChIJzzwYT7-qAAcREUgcnCFWyYs",NA,"BRPE2608701",NA,"BRA.17.98_1"
"484fe392",2020-06-24,150,3,NA,NA,NA,NA,NA,NA,NA,NA,3,-2,2,4,0,1,-2,4,2,2,2,4,0,2,-69.79,-73.15,-70.83,-62.5,3,"Brazil","Pernambuco","Lagoa dos Gatos",-8.68610764,-35.8958853996463,16318,"BRA","BR",76,"BRL","2608701","ChIJzzwYT7-qAAcREUgcnCFWyYs",NA,"BRPE2608701",NA,"BRA.17.98_1"
"484fe392",2020-06-25,158,3,NA,NA,NA,NA,NA,NA,NA,NA,3,-2,2,4,0,1,-2,4,2,2,2,4,0,2,-69.79,-73.15,-70.83,-62.5,3,"Brazil","Pernambuco","Lagoa dos Gatos",-8.68610764,-35.8958853996463,16318,"BRA","BR",76,"BRL","2608701","ChIJzzwYT7-qAAcREUgcnCFWyYs",NA,"BRPE2608701",NA,"BRA.17.98_1"
"484fe392",2020-06-26,161,3,NA,NA,NA,NA,NA,NA,NA,NA,3,-2,2,4,0,1,-2,4,2,2,2,4,0,2,-69.79,-73.15,-70.83,-62.5,3,"Brazil","Pernambuco","Lagoa dos Gatos",-8.68610764,-35.8958853996463,16318,"BRA","BR",76,"BRL","2608701","ChIJzzwYT7-qAAcREUgcnCFWyYs",NA,"BRPE2608701",NA,"BRA.17.98_1"
"484fe392",2020-06-27,166,4,NA,NA,NA,NA,NA,NA,NA,NA,3,-2,2,4,0,1,-2,4,2,2,2,4,0,2,-69.79,-73.15,-70.83,-62.5,3,"Brazil","Pernambuco","Lagoa dos Gatos",-8.68610764,-35.8958853996463,16318,"BRA","BR",76,"BRL","2608701","ChIJzzwYT7-qAAcREUgcnCFWyYs",NA,"BRPE2608701",NA,"BRA.17.98_1"
"484fe392",2020-06-28,166,4,NA,NA,NA,NA,NA,NA,NA,NA,3,-2,2,4,0,1,-2,4,2,2,2,4,0,2,-69.79,-73.15,-70.83,-62.5,3,"Brazil","Pernambuco","Lagoa dos Gatos",-8.68610764,-35.8958853996463,16318,"BRA","BR",76,"BRL","2608701","ChIJzzwYT7-qAAcREUgcnCFWyYs",NA,"BRPE2608701",NA,"BRA.17.98_1"
"484fe392",2020-06-29,172,4,NA,NA,NA,NA,NA,NA,NA,NA,3,-2,2,4,0,1,-2,4,2,2,2,4,0,2,-69.79,-73.15,-70.83,-62.5,3,"Brazil","Pernambuco","Lagoa dos Gatos",-8.68610764,-35.8958853996463,16318,"BRA","BR",76,"BRL","2608701","ChIJzzwYT7-qAAcREUgcnCFWyYs",NA,"BRPE2608701",NA,"BRA.17.98_1"
"484fe392",2020-06-30,173,4,NA,NA,NA,NA,NA,NA,NA,NA,3,-2,2,4,0,1,-2,4,2,2,2,4,0,2,-69.79,-73.15,-70.83,-62.5,3,"Brazil","Pernambuco","Lagoa dos Gatos",-8.68610764,-35.8958853996463,16318,"BRA","BR",76,"BRL","2608701","ChIJzzwYT7-qAAcREUgcnCFWyYs",NA,"BRPE2608701",NA,"BRA.17.98_1"
"484fe392",2020-07-01,173,4,NA,NA,NA,NA,NA,NA,NA,NA,3,-2,2,4,0,1,-2,4,2,2,2,4,0,2,-66.67,-73.15,-70.83,-37.5,3,"Brazil","Pernambuco","Lagoa dos Gatos",-8.68610764,-35.8958853996463,16318,"BRA","BR",76,"BRL","2608701","ChIJzzwYT7-qAAcREUgcnCFWyYs",NA,"BRPE2608701",NA,"BRA.17.98_1"
"484fe392",2020-07-02,173,4,NA,NA,NA,NA,NA,NA,NA,NA,3,-2,2,4,0,1,-2,4,2,2,2,4,0,2,-66.67,-73.15,-70.83,-37.5,3,"Brazil","Pernambuco","Lagoa dos Gatos",-8.68610764,-35.8958853996463,16318,"BRA","BR",76,"BRL","2608701","ChIJzzwYT7-qAAcREUgcnCFWyYs",NA,"BRPE2608701",NA,"BRA.17.98_1"
"484fe392",2020-07-03,173,4,NA,NA,NA,NA,NA,NA,NA,NA,3,-2,2,4,0,1,-2,4,2,2,2,4,0,2,-66.67,-73.15,-70.83,-37.5,3,"Brazil","Pernambuco","Lagoa dos Gatos",-8.68610764,-35.8958853996463,16318,"BRA","BR",76,"BRL","2608701","ChIJzzwYT7-qAAcREUgcnCFWyYs",NA,"BRPE2608701",NA,"BRA.17.98_1"
"484fe392",2020-07-04,181,4,NA,NA,NA,NA,NA,NA,NA,NA,3,-2,2,4,0,1,-2,4,2,2,2,4,0,2,-66.67,-73.15,-70.83,-37.5,3,"Brazil","Pernambuco","Lagoa dos Gatos",-8.68610764,-35.8958853996463,16318,"BRA","BR",76,"BRL","2608701","ChIJzzwYT7-qAAcREUgcnCFWyYs",NA,"BRPE2608701",NA,"BRA.17.98_1"
"484fe392",2020-07-05,203,4,NA,NA,NA,NA,NA,NA,NA,NA,3,-2,2,4,0,1,-2,4,2,2,2,4,0,2,-66.67,-73.15,-70.83,-37.5,3,"Brazil","Pernambuco","Lagoa dos Gatos",-8.68610764,-35.8958853996463,16318,"BRA","BR",76,"BRL","2608701","ChIJzzwYT7-qAAcREUgcnCFWyYs",NA,"BRPE2608701",NA,"BRA.17.98_1"
"484fe392",2020-07-06,203,4,NA,NA,NA,NA,NA,NA,NA,NA,3,-2,2,4,0,1,-2,4,2,2,2,4,0,2,-66.67,-73.15,-70.83,-37.5,3,"Brazil","Pernambuco","Lagoa dos Gatos",-8.68610764,-35.8958853996463,16318,"BRA","BR",76,"BRL","2608701","ChIJzzwYT7-qAAcREUgcnCFWyYs",NA,"BRPE2608701",NA,"BRA.17.98_1"
"484fe392",2020-07-07,205,4,NA,NA,NA,NA,NA,NA,NA,NA,3,-2,2,4,0,1,-2,4,2,2,2,4,0,2,-66.67,-73.15,-70.83,-37.5,3,"Brazil","Pernambuco","Lagoa dos Gatos",-8.68610764,-35.8958853996463,16318,"BRA","BR",76,"BRL","2608701","ChIJzzwYT7-qAAcREUgcnCFWyYs",NA,"BRPE2608701",NA,"BRA.17.98_1"
"484fe392",2020-07-08,205,4,NA,NA,NA,NA,NA,NA,NA,NA,3,-2,2,4,0,1,-2,4,2,2,2,4,0,2,-66.67,-73.15,-70.83,-37.5,3,"Brazil","Pernambuco","Lagoa dos Gatos",-8.68610764,-35.8958853996463,16318,"BRA","BR",76,"BRL","2608701","ChIJzzwYT7-qAAcREUgcnCFWyYs",NA,"BRPE2608701",NA,"BRA.17.98_1"
"484fe392",2020-07-09,211,4,NA,NA,NA,NA,NA,NA,NA,NA,3,-2,2,4,0,1,-2,4,2,2,2,4,0,2,-66.67,-73.15,-70.83,-37.5,3,"Brazil","Pernambuco","Lagoa dos Gatos",-8.68610764,-35.8958853996463,16318,"BRA","BR",76,"BRL","2608701","ChIJzzwYT7-qAAcREUgcnCFWyYs",NA,"BRPE2608701",NA,"BRA.17.98_1"
"484fe392",2020-07-10,213,4,NA,NA,NA,NA,NA,NA,NA,NA,3,-2,2,4,0,1,-2,4,2,2,2,4,0,2,-66.67,-73.15,-70.83,-37.5,3,"Brazil","Pernambuco","Lagoa dos Gatos",-8.68610764,-35.8958853996463,16318,"BRA","BR",76,"BRL","2608701","ChIJzzwYT7-qAAcREUgcnCFWyYs",NA,"BRPE2608701",NA,"BRA.17.98_1"
"484fe392",2020-07-11,214,4,NA,NA,NA,NA,NA,NA,NA,NA,3,-2,2,4,0,1,-2,4,2,2,2,4,0,2,-66.67,-73.15,-70.83,-37.5,3,"Brazil","Pernambuco","Lagoa dos Gatos",-8.68610764,-35.8958853996463,16318,"BRA","BR",76,"BRL","2608701","ChIJzzwYT7-qAAcREUgcnCFWyYs",NA,"BRPE2608701",NA,"BRA.17.98_1"
"484fe392",2020-07-12,226,4,NA,NA,NA,NA,NA,NA,NA,NA,3,-2,2,4,0,1,-2,4,2,2,2,4,0,2,-66.67,-73.15,-70.83,-37.5,3,"Brazil","Pernambuco","Lagoa dos Gatos",-8.68610764,-35.8958853996463,16318,"BRA","BR",76,"BRL","2608701","ChIJzzwYT7-qAAcREUgcnCFWyYs",NA,"BRPE2608701",NA,"BRA.17.98_1"
"484fe392",2020-07-13,226,4,NA,NA,NA,NA,NA,NA,NA,NA,3,-2,2,4,0,1,2,4,2,2,2,4,0,2,-68.23,-75.93,-72.62,-37.5,3,"Brazil","Pernambuco","Lagoa dos Gatos",-8.68610764,-35.8958853996463,16318,"BRA","BR",76,"BRL","2608701","ChIJzzwYT7-qAAcREUgcnCFWyYs",NA,"BRPE2608701",NA,"BRA.17.98_1"
"484fe392",2020-07-14,234,4,NA,NA,NA,NA,NA,NA,NA,NA,3,-2,2,4,0,1,2,4,2,2,2,4,0,2,-68.23,-75.93,-72.62,-37.5,3,"Brazil","Pernambuco","Lagoa dos Gatos",-8.68610764,-35.8958853996463,16318,"BRA","BR",76,"BRL","2608701","ChIJzzwYT7-qAAcREUgcnCFWyYs",NA,"BRPE2608701",NA,"BRA.17.98_1"
"484fe392",2020-07-15,235,4,NA,NA,NA,NA,NA,NA,NA,NA,3,-2,2,4,0,1,2,4,2,2,2,4,0,2,-68.23,-75.93,-72.62,-37.5,3,"Brazil","Pernambuco","Lagoa dos Gatos",-8.68610764,-35.8958853996463,16318,"BRA","BR",76,"BRL","2608701","ChIJzzwYT7-qAAcREUgcnCFWyYs",NA,"BRPE2608701",NA,"BRA.17.98_1"
"484fe392",2020-07-16,241,4,NA,NA,NA,NA,NA,NA,NA,NA,3,-2,2,4,0,1,2,4,2,2,2,4,0,2,-68.23,-75.93,-72.62,-37.5,3,"Brazil","Pernambuco","Lagoa dos Gatos",-8.68610764,-35.8958853996463,16318,"BRA","BR",76,"BRL","2608701","ChIJzzwYT7-qAAcREUgcnCFWyYs",NA,"BRPE2608701",NA,"BRA.17.98_1"
"484fe392",2020-07-17,249,4,NA,NA,NA,NA,NA,NA,NA,NA,3,-2,2,4,0,1,2,4,2,2,2,4,0,2,-68.23,-75.93,-72.62,-37.5,3,"Brazil","Pernambuco","Lagoa dos Gatos",-8.68610764,-35.8958853996463,16318,"BRA","BR",76,"BRL","2608701","ChIJzzwYT7-qAAcREUgcnCFWyYs",NA,"BRPE2608701",NA,"BRA.17.98_1"
"484fe392",2020-07-18,251,4,NA,NA,NA,NA,NA,NA,NA,NA,3,-2,2,4,0,1,2,4,2,2,2,4,0,2,-68.23,-75.93,-72.62,-37.5,3,"Brazil","Pernambuco","Lagoa dos Gatos",-8.68610764,-35.8958853996463,16318,"BRA","BR",76,"BRL","2608701","ChIJzzwYT7-qAAcREUgcnCFWyYs",NA,"BRPE2608701",NA,"BRA.17.98_1"
"484fe392",2020-07-19,255,4,NA,NA,NA,NA,NA,NA,NA,NA,3,-2,2,4,0,1,2,4,2,2,2,4,0,2,-68.23,-75.93,-72.62,-37.5,3,"Brazil","Pernambuco","Lagoa dos Gatos",-8.68610764,-35.8958853996463,16318,"BRA","BR",76,"BRL","2608701","ChIJzzwYT7-qAAcREUgcnCFWyYs",NA,"BRPE2608701",NA,"BRA.17.98_1"
"484fe392",2020-07-20,256,4,NA,NA,NA,NA,NA,NA,NA,NA,3,-2,2,4,0,1,2,4,2,2,2,4,0,2,-68.23,-75.93,-72.62,-37.5,3,"Brazil","Pernambuco","Lagoa dos Gatos",-8.68610764,-35.8958853996463,16318,"BRA","BR",76,"BRL","2608701","ChIJzzwYT7-qAAcREUgcnCFWyYs",NA,"BRPE2608701",NA,"BRA.17.98_1"
"484fe392",2020-07-21,256,4,NA,NA,NA,NA,NA,NA,NA,NA,3,-2,2,4,0,1,2,4,2,2,2,4,0,2,-68.23,-75.93,-72.62,-37.5,3,"Brazil","Pernambuco","Lagoa dos Gatos",-8.68610764,-35.8958853996463,16318,"BRA","BR",76,"BRL","2608701","ChIJzzwYT7-qAAcREUgcnCFWyYs",NA,"BRPE2608701",NA,"BRA.17.98_1"
"484fe392",2020-07-22,257,4,NA,NA,NA,NA,NA,NA,NA,NA,3,-2,2,4,0,1,2,4,2,2,2,4,0,2,-68.23,-75.93,-72.62,-37.5,3,"Brazil","Pernambuco","Lagoa dos Gatos",-8.68610764,-35.8958853996463,16318,"BRA","BR",76,"BRL","2608701","ChIJzzwYT7-qAAcREUgcnCFWyYs",NA,"BRPE2608701",NA,"BRA.17.98_1"
"484fe392",2020-07-23,262,4,NA,NA,NA,NA,NA,NA,NA,NA,3,-2,2,4,0,1,2,4,2,2,2,4,0,2,-68.23,-75.93,-72.62,-37.5,3,"Brazil","Pernambuco","Lagoa dos Gatos",-8.68610764,-35.8958853996463,16318,"BRA","BR",76,"BRL","2608701","ChIJzzwYT7-qAAcREUgcnCFWyYs",NA,"BRPE2608701",NA,"BRA.17.98_1"
"484fe392",2020-07-24,268,4,NA,NA,NA,NA,NA,NA,NA,NA,3,-2,2,4,0,1,2,4,2,2,2,4,0,2,-68.23,-75.93,-72.62,-37.5,3,"Brazil","Pernambuco","Lagoa dos Gatos",-8.68610764,-35.8958853996463,16318,"BRA","BR",76,"BRL","2608701","ChIJzzwYT7-qAAcREUgcnCFWyYs",NA,"BRPE2608701",NA,"BRA.17.98_1"
"484fe392",2020-07-25,273,4,NA,NA,NA,NA,NA,NA,NA,NA,3,-2,2,4,0,1,2,4,2,2,2,4,0,2,-68.23,-75.93,-72.62,-37.5,3,"Brazil","Pernambuco","Lagoa dos Gatos",-8.68610764,-35.8958853996463,16318,"BRA","BR",76,"BRL","2608701","ChIJzzwYT7-qAAcREUgcnCFWyYs",NA,"BRPE2608701",NA,"BRA.17.98_1"
"484fe392",2020-07-26,274,4,NA,NA,NA,NA,NA,NA,NA,NA,3,-2,2,4,0,1,2,4,2,2,2,4,0,2,-68.23,-75.93,-72.62,-37.5,3,"Brazil","Pernambuco","Lagoa dos Gatos",-8.68610764,-35.8958853996463,16318,"BRA","BR",76,"BRL","2608701","ChIJzzwYT7-qAAcREUgcnCFWyYs",NA,"BRPE2608701",NA,"BRA.17.98_1"
"484fe392",2020-07-27,274,4,NA,NA,NA,NA,NA,NA,NA,NA,3,-2,2,4,0,1,2,4,2,2,2,4,0,2,-68.23,-75.93,-72.62,-37.5,3,"Brazil","Pernambuco","Lagoa dos Gatos",-8.68610764,-35.8958853996463,16318,"BRA","BR",76,"BRL","2608701","ChIJzzwYT7-qAAcREUgcnCFWyYs",NA,"BRPE2608701",NA,"BRA.17.98_1"
"484fe392",2020-07-28,279,4,NA,NA,NA,NA,NA,NA,NA,NA,3,-2,2,4,0,1,2,4,2,2,2,4,0,2,-68.23,-75.93,-72.62,-37.5,3,"Brazil","Pernambuco","Lagoa dos Gatos",-8.68610764,-35.8958853996463,16318,"BRA","BR",76,"BRL","2608701","ChIJzzwYT7-qAAcREUgcnCFWyYs",NA,"BRPE2608701",NA,"BRA.17.98_1"
"484fe392",2020-07-29,280,4,NA,NA,NA,NA,NA,NA,NA,NA,3,-2,2,4,0,1,2,1,2,2,2,4,0,2,-63.54,-67.59,-67.26,-37.5,3,"Brazil","Pernambuco","Lagoa dos Gatos",-8.68610764,-35.8958853996463,16318,"BRA","BR",76,"BRL","2608701","ChIJzzwYT7-qAAcREUgcnCFWyYs",NA,"BRPE2608701",NA,"BRA.17.98_1"
"484fe392",2020-07-30,280,4,NA,NA,NA,NA,NA,NA,NA,NA,3,-2,2,4,0,1,2,1,2,2,2,4,0,2,-63.54,-67.59,-67.26,-37.5,3,"Brazil","Pernambuco","Lagoa dos Gatos",-8.68610764,-35.8958853996463,16318,"BRA","BR",76,"BRL","2608701","ChIJzzwYT7-qAAcREUgcnCFWyYs",NA,"BRPE2608701",NA,"BRA.17.98_1"
"484fe392",2020-07-31,285,4,NA,NA,NA,NA,NA,NA,NA,NA,3,-2,2,4,0,1,2,1,2,2,2,4,0,2,-63.54,-67.59,-67.26,-37.5,3,"Brazil","Pernambuco","Lagoa dos Gatos",-8.68610764,-35.8958853996463,16318,"BRA","BR",76,"BRL","2608701","ChIJzzwYT7-qAAcREUgcnCFWyYs",NA,"BRPE2608701",NA,"BRA.17.98_1"
"484fe392",2020-08-01,292,4,NA,NA,NA,NA,NA,NA,NA,NA,3,-2,2,4,0,1,2,1,2,2,2,4,0,2,-63.54,-67.59,-67.26,-37.5,3,"Brazil","Pernambuco","Lagoa dos Gatos",-8.68610764,-35.8958853996463,16318,"BRA","BR",76,"BRL","2608701","ChIJzzwYT7-qAAcREUgcnCFWyYs",NA,"BRPE2608701",NA,"BRA.17.98_1"
"484fe392",2020-08-02,295,4,NA,NA,NA,NA,NA,NA,NA,NA,3,-2,2,4,0,1,2,1,2,2,2,4,0,2,-63.54,-67.59,-67.26,-37.5,3,"Brazil","Pernambuco","Lagoa dos Gatos",-8.68610764,-35.8958853996463,16318,"BRA","BR",76,"BRL","2608701","ChIJzzwYT7-qAAcREUgcnCFWyYs",NA,"BRPE2608701",NA,"BRA.17.98_1"
"484fe392",2020-08-03,295,4,NA,NA,NA,NA,NA,NA,NA,NA,3,-2,2,4,0,1,2,1,2,2,2,4,0,2,-63.54,-67.59,-67.26,-37.5,3,"Brazil","Pernambuco","Lagoa dos Gatos",-8.68610764,-35.8958853996463,16318,"BRA","BR",76,"BRL","2608701","ChIJzzwYT7-qAAcREUgcnCFWyYs",NA,"BRPE2608701",NA,"BRA.17.98_1"
"484fe392",2020-08-04,297,4,NA,NA,NA,NA,NA,NA,NA,NA,3,-2,2,4,0,1,2,1,2,2,2,4,0,2,-63.54,-67.59,-67.26,-37.5,3,"Brazil","Pernambuco","Lagoa dos Gatos",-8.68610764,-35.8958853996463,16318,"BRA","BR",76,"BRL","2608701","ChIJzzwYT7-qAAcREUgcnCFWyYs",NA,"BRPE2608701",NA,"BRA.17.98_1"
"484fe392",2020-08-05,297,4,NA,NA,NA,NA,NA,NA,NA,NA,3,-2,2,4,0,1,2,1,2,2,2,4,0,2,-63.54,-67.59,-67.26,-37.5,3,"Brazil","Pernambuco","Lagoa dos Gatos",-8.68610764,-35.8958853996463,16318,"BRA","BR",76,"BRL","2608701","ChIJzzwYT7-qAAcREUgcnCFWyYs",NA,"BRPE2608701",NA,"BRA.17.98_1"
"484fe392",2020-08-06,298,4,NA,NA,NA,NA,NA,NA,NA,NA,3,-2,2,4,0,1,2,1,2,2,2,4,0,2,-63.54,-67.59,-67.26,-37.5,3,"Brazil","Pernambuco","Lagoa dos Gatos",-8.68610764,-35.8958853996463,16318,"BRA","BR",76,"BRL","2608701","ChIJzzwYT7-qAAcREUgcnCFWyYs",NA,"BRPE2608701",NA,"BRA.17.98_1"
"484fe392",2020-08-07,301,4,NA,NA,NA,NA,NA,NA,NA,NA,3,-2,2,4,0,1,2,1,2,2,2,4,0,2,-63.54,-67.59,-67.26,-37.5,3,"Brazil","Pernambuco","Lagoa dos Gatos",-8.68610764,-35.8958853996463,16318,"BRA","BR",76,"BRL","2608701","ChIJzzwYT7-qAAcREUgcnCFWyYs",NA,"BRPE2608701",NA,"BRA.17.98_1"
"484fe392",2020-08-08,301,4,NA,NA,NA,NA,NA,NA,NA,NA,3,-2,2,4,0,1,2,1,2,2,2,4,0,2,-63.54,-67.59,-67.26,-37.5,3,"Brazil","Pernambuco","Lagoa dos Gatos",-8.68610764,-35.8958853996463,16318,"BRA","BR",76,"BRL","2608701","ChIJzzwYT7-qAAcREUgcnCFWyYs",NA,"BRPE2608701",NA,"BRA.17.98_1"
"484fe392",2020-08-09,301,4,NA,NA,NA,NA,NA,NA,NA,NA,3,-2,2,4,0,1,2,1,2,2,2,4,0,2,-63.54,-67.59,-67.26,-37.5,3,"Brazil","Pernambuco","Lagoa dos Gatos",-8.68610764,-35.8958853996463,16318,"BRA","BR",76,"BRL","2608701","ChIJzzwYT7-qAAcREUgcnCFWyYs",NA,"BRPE2608701",NA,"BRA.17.98_1"
"484fe392",2020-08-10,302,4,NA,NA,NA,NA,NA,NA,NA,NA,3,-2,2,4,0,1,2,1,2,2,2,4,0,2,-63.54,-67.59,-67.26,-37.5,3,"Brazil","Pernambuco","Lagoa dos Gatos",-8.68610764,-35.8958853996463,16318,"BRA","BR",76,"BRL","2608701","ChIJzzwYT7-qAAcREUgcnCFWyYs",NA,"BRPE2608701",NA,"BRA.17.98_1"
"484fe392",2020-08-11,302,4,NA,NA,NA,NA,NA,NA,NA,NA,3,-2,2,4,0,1,2,1,2,2,2,4,0,2,-63.54,-67.59,-67.26,-37.5,3,"Brazil","Pernambuco","Lagoa dos Gatos",-8.68610764,-35.8958853996463,16318,"BRA","BR",76,"BRL","2608701","ChIJzzwYT7-qAAcREUgcnCFWyYs",NA,"BRPE2608701",NA,"BRA.17.98_1"
"484fe392",2020-08-12,302,4,NA,NA,NA,NA,NA,NA,NA,NA,3,-2,2,4,0,1,2,1,2,2,2,4,0,2,-63.54,-67.59,-67.26,-37.5,3,"Brazil","Pernambuco","Lagoa dos Gatos",-8.68610764,-35.8958853996463,16318,"BRA","BR",76,"BRL","2608701","ChIJzzwYT7-qAAcREUgcnCFWyYs",NA,"BRPE2608701",NA,"BRA.17.98_1"
"484fe392",2020-08-13,305,4,NA,NA,NA,NA,NA,NA,NA,NA,3,-2,2,4,0,1,2,1,2,2,2,4,0,2,-63.54,-67.59,-67.26,-37.5,3,"Brazil","Pernambuco","Lagoa dos Gatos",-8.68610764,-35.8958853996463,16318,"BRA","BR",76,"BRL","2608701","ChIJzzwYT7-qAAcREUgcnCFWyYs",NA,"BRPE2608701",NA,"BRA.17.98_1"
"484fe392",2020-08-14,306,4,NA,NA,NA,NA,NA,NA,NA,NA,3,-2,2,4,0,1,2,1,2,2,2,4,0,2,-63.54,-67.59,-67.26,-37.5,3,"Brazil","Pernambuco","Lagoa dos Gatos",-8.68610764,-35.8958853996463,16318,"BRA","BR",76,"BRL","2608701","ChIJzzwYT7-qAAcREUgcnCFWyYs",NA,"BRPE2608701",NA,"BRA.17.98_1"
"484fe392",2020-08-15,306,4,NA,NA,NA,NA,NA,NA,NA,NA,3,-2,2,4,0,1,2,1,2,2,2,4,0,2,-63.54,-67.59,-67.26,-37.5,3,"Brazil","Pernambuco","Lagoa dos Gatos",-8.68610764,-35.8958853996463,16318,"BRA","BR",76,"BRL","2608701","ChIJzzwYT7-qAAcREUgcnCFWyYs",NA,"BRPE2608701",NA,"BRA.17.98_1"
"484fe392",2020-08-16,307,4,NA,NA,NA,NA,NA,NA,NA,NA,3,-2,2,4,0,1,2,1,2,2,2,4,0,2,-63.54,-67.59,-67.26,-37.5,3,"Brazil","Pernambuco","Lagoa dos Gatos",-8.68610764,-35.8958853996463,16318,"BRA","BR",76,"BRL","2608701","ChIJzzwYT7-qAAcREUgcnCFWyYs",NA,"BRPE2608701",NA,"BRA.17.98_1"
"484fe392",2020-08-17,307,4,NA,NA,NA,NA,NA,NA,NA,NA,3,-2,2,4,0,1,2,1,2,2,2,4,0,2,-63.54,-67.59,-67.26,-37.5,3,"Brazil","Pernambuco","Lagoa dos Gatos",-8.68610764,-35.8958853996463,16318,"BRA","BR",76,"BRL","2608701","ChIJzzwYT7-qAAcREUgcnCFWyYs",NA,"BRPE2608701",NA,"BRA.17.98_1"
"484fe392",2020-08-18,309,4,NA,NA,NA,NA,NA,NA,NA,NA,3,-2,2,4,0,1,2,1,2,2,2,4,0,2,-63.54,-67.59,-67.26,-37.5,3,"Brazil","Pernambuco","Lagoa dos Gatos",-8.68610764,-35.8958853996463,16318,"BRA","BR",76,"BRL","2608701","ChIJzzwYT7-qAAcREUgcnCFWyYs",NA,"BRPE2608701",NA,"BRA.17.98_1"
"484fe392",2020-08-19,309,4,NA,NA,NA,NA,NA,NA,NA,NA,3,-2,2,4,0,1,2,1,2,2,2,4,0,2,-63.54,-67.59,-67.26,-37.5,3,"Brazil","Pernambuco","Lagoa dos Gatos",-8.68610764,-35.8958853996463,16318,"BRA","BR",76,"BRL","2608701","ChIJzzwYT7-qAAcREUgcnCFWyYs",NA,"BRPE2608701",NA,"BRA.17.98_1"
"484fe392",2020-08-20,309,4,NA,NA,NA,NA,NA,NA,NA,NA,3,-2,2,4,0,1,2,1,2,2,2,4,0,2,-63.54,-67.59,-67.26,-37.5,3,"Brazil","Pernambuco","Lagoa dos Gatos",-8.68610764,-35.8958853996463,16318,"BRA","BR",76,"BRL","2608701","ChIJzzwYT7-qAAcREUgcnCFWyYs",NA,"BRPE2608701",NA,"BRA.17.98_1"
"484fe392",2020-08-21,310,4,NA,NA,NA,NA,NA,NA,NA,NA,3,-2,2,4,0,1,2,1,2,2,2,4,0,2,-63.54,-67.59,-67.26,-37.5,3,"Brazil","Pernambuco","Lagoa dos Gatos",-8.68610764,-35.8958853996463,16318,"BRA","BR",76,"BRL","2608701","ChIJzzwYT7-qAAcREUgcnCFWyYs",NA,"BRPE2608701",NA,"BRA.17.98_1"
"484fe392",2020-08-22,311,4,NA,NA,NA,NA,NA,NA,NA,NA,3,-2,2,4,0,1,2,1,2,2,2,4,0,2,-63.54,-67.59,-67.26,-37.5,3,"Brazil","Pernambuco","Lagoa dos Gatos",-8.68610764,-35.8958853996463,16318,"BRA","BR",76,"BRL","2608701","ChIJzzwYT7-qAAcREUgcnCFWyYs",NA,"BRPE2608701",NA,"BRA.17.98_1"
"484fe392",2020-08-23,312,4,NA,NA,NA,NA,NA,NA,NA,NA,3,-2,2,4,0,1,2,1,2,2,2,4,0,2,-63.54,-67.59,-67.26,-37.5,3,"Brazil","Pernambuco","Lagoa dos Gatos",-8.68610764,-35.8958853996463,16318,"BRA","BR",76,"BRL","2608701","ChIJzzwYT7-qAAcREUgcnCFWyYs",NA,"BRPE2608701",NA,"BRA.17.98_1"
"484fe392",2020-08-24,312,4,NA,NA,NA,NA,NA,NA,NA,NA,3,-2,2,4,0,1,2,1,2,2,2,4,0,2,-63.54,-67.59,-67.26,-37.5,3,"Brazil","Pernambuco","Lagoa dos Gatos",-8.68610764,-35.8958853996463,16318,"BRA","BR",76,"BRL","2608701","ChIJzzwYT7-qAAcREUgcnCFWyYs",NA,"BRPE2608701",NA,"BRA.17.98_1"
"484fe392",2020-08-25,312,4,NA,NA,NA,NA,NA,NA,NA,NA,3,-2,2,4,0,1,2,1,2,2,2,4,0,2,-63.54,-67.59,-67.26,-37.5,3,"Brazil","Pernambuco","Lagoa dos Gatos",-8.68610764,-35.8958853996463,16318,"BRA","BR",76,"BRL","2608701","ChIJzzwYT7-qAAcREUgcnCFWyYs",NA,"BRPE2608701",NA,"BRA.17.98_1"
"484fe392",2020-08-26,313,5,NA,NA,NA,NA,NA,NA,NA,NA,3,-2,2,4,0,1,2,1,2,2,2,4,0,2,-63.54,-67.59,-67.26,-37.5,3,"Brazil","Pernambuco","Lagoa dos Gatos",-8.68610764,-35.8958853996463,16318,"BRA","BR",76,"BRL","2608701","ChIJzzwYT7-qAAcREUgcnCFWyYs",NA,"BRPE2608701",NA,"BRA.17.98_1"
"484fe392",2020-08-27,313,5,NA,NA,NA,NA,NA,NA,NA,NA,3,-2,2,4,0,1,2,1,2,2,2,4,0,2,-63.54,-67.59,-67.26,-37.5,3,"Brazil","Pernambuco","Lagoa dos Gatos",-8.68610764,-35.8958853996463,16318,"BRA","BR",76,"BRL","2608701","ChIJzzwYT7-qAAcREUgcnCFWyYs",NA,"BRPE2608701",NA,"BRA.17.98_1"
"484fe392",2020-08-28,313,5,NA,NA,NA,NA,NA,NA,NA,NA,3,-2,2,4,0,1,2,1,2,2,2,4,0,2,-63.54,-67.59,-67.26,-37.5,3,"Brazil","Pernambuco","Lagoa dos Gatos",-8.68610764,-35.8958853996463,16318,"BRA","BR",76,"BRL","2608701","ChIJzzwYT7-qAAcREUgcnCFWyYs",NA,"BRPE2608701",NA,"BRA.17.98_1"
"484fe392",2020-08-29,313,5,NA,NA,NA,NA,NA,NA,NA,NA,3,-2,2,4,0,1,2,1,2,2,2,4,0,2,-63.54,-67.59,-67.26,-37.5,3,"Brazil","Pernambuco","Lagoa dos Gatos",-8.68610764,-35.8958853996463,16318,"BRA","BR",76,"BRL","2608701","ChIJzzwYT7-qAAcREUgcnCFWyYs",NA,"BRPE2608701",NA,"BRA.17.98_1"
"484fe392",2020-08-30,315,5,NA,NA,NA,NA,NA,NA,NA,NA,3,-2,2,4,0,1,2,1,2,2,2,4,0,2,-63.54,-67.59,-67.26,-37.5,3,"Brazil","Pernambuco","Lagoa dos Gatos",-8.68610764,-35.8958853996463,16318,"BRA","BR",76,"BRL","2608701","ChIJzzwYT7-qAAcREUgcnCFWyYs",NA,"BRPE2608701",NA,"BRA.17.98_1"
"484fe392",2020-08-31,315,5,NA,NA,NA,NA,NA,NA,NA,NA,3,-2,2,4,0,1,2,1,2,2,2,4,0,2,-63.54,-67.59,-67.26,-37.5,3,"Brazil","Pernambuco","Lagoa dos Gatos",-8.68610764,-35.8958853996463,16318,"BRA","BR",76,"BRL","2608701","ChIJzzwYT7-qAAcREUgcnCFWyYs",NA,"BRPE2608701",NA,"BRA.17.98_1"
"484fe392",2020-09-01,329,5,NA,NA,NA,NA,NA,NA,NA,NA,3,-2,2,4,0,1,2,1,2,2,2,4,0,2,-63.54,-67.59,-67.26,-37.5,3,"Brazil","Pernambuco","Lagoa dos Gatos",-8.68610764,-35.8958853996463,16318,"BRA","BR",76,"BRL","2608701","ChIJzzwYT7-qAAcREUgcnCFWyYs",NA,"BRPE2608701",NA,"BRA.17.98_1"
"484fe392",2020-09-02,351,5,NA,NA,NA,NA,NA,NA,NA,NA,3,-2,2,4,0,1,2,1,2,2,2,4,0,2,-63.54,-67.59,-67.26,-37.5,3,"Brazil","Pernambuco","Lagoa dos Gatos",-8.68610764,-35.8958853996463,16318,"BRA","BR",76,"BRL","2608701","ChIJzzwYT7-qAAcREUgcnCFWyYs",NA,"BRPE2608701",NA,"BRA.17.98_1"
"484fe392",2020-09-03,353,5,NA,NA,NA,NA,NA,NA,NA,NA,3,-2,2,4,0,1,2,1,2,2,2,4,0,2,-63.54,-67.59,-67.26,-37.5,3,"Brazil","Pernambuco","Lagoa dos Gatos",-8.68610764,-35.8958853996463,16318,"BRA","BR",76,"BRL","2608701","ChIJzzwYT7-qAAcREUgcnCFWyYs",NA,"BRPE2608701",NA,"BRA.17.98_1"
"484fe392",2020-09-04,353,5,NA,NA,NA,NA,NA,NA,NA,NA,3,-2,2,4,0,1,2,1,2,2,2,4,0,2,-63.54,-67.59,-67.26,-37.5,3,"Brazil","Pernambuco","Lagoa dos Gatos",-8.68610764,-35.8958853996463,16318,"BRA","BR",76,"BRL","2608701","ChIJzzwYT7-qAAcREUgcnCFWyYs",NA,"BRPE2608701",NA,"BRA.17.98_1"
"484fe392",2020-09-05,353,6,NA,NA,NA,NA,NA,NA,NA,NA,3,-2,2,4,0,1,2,1,2,2,2,4,0,2,-63.54,-67.59,-67.26,-37.5,3,"Brazil","Pernambuco","Lagoa dos Gatos",-8.68610764,-35.8958853996463,16318,"BRA","BR",76,"BRL","2608701","ChIJzzwYT7-qAAcREUgcnCFWyYs",NA,"BRPE2608701",NA,"BRA.17.98_1"
"484fe392",2020-09-06,353,6,NA,NA,NA,NA,NA,NA,NA,NA,3,-2,2,4,0,1,2,1,2,2,2,4,0,2,-63.54,-67.59,-67.26,-37.5,3,"Brazil","Pernambuco","Lagoa dos Gatos",-8.68610764,-35.8958853996463,16318,"BRA","BR",76,"BRL","2608701","ChIJzzwYT7-qAAcREUgcnCFWyYs",NA,"BRPE2608701",NA,"BRA.17.98_1"
"484fe392",2020-09-07,353,6,NA,NA,NA,NA,NA,NA,NA,NA,3,-2,2,4,0,1,2,1,2,2,2,4,0,2,-63.54,-67.59,-67.26,-37.5,3,"Brazil","Pernambuco","Lagoa dos Gatos",-8.68610764,-35.8958853996463,16318,"BRA","BR",76,"BRL","2608701","ChIJzzwYT7-qAAcREUgcnCFWyYs",NA,"BRPE2608701",NA,"BRA.17.98_1"
"484fe392",2020-09-08,353,6,NA,NA,NA,NA,NA,NA,NA,NA,3,-2,1,3,0,1,2,1,2,2,2,4,0,2,-58.85,-59.26,-61.9,-37.5,3,"Brazil","Pernambuco","Lagoa dos Gatos",-8.68610764,-35.8958853996463,16318,"BRA","BR",76,"BRL","2608701","ChIJzzwYT7-qAAcREUgcnCFWyYs",NA,"BRPE2608701",NA,"BRA.17.98_1"
"484fe392",2020-09-09,353,6,NA,NA,NA,NA,NA,NA,NA,NA,3,-2,1,3,0,1,2,1,2,2,2,4,0,2,-58.85,-59.26,-61.9,-37.5,3,"Brazil","Pernambuco","Lagoa dos Gatos",-8.68610764,-35.8958853996463,16318,"BRA","BR",76,"BRL","2608701","ChIJzzwYT7-qAAcREUgcnCFWyYs",NA,"BRPE2608701",NA,"BRA.17.98_1"
"484fe392",2020-09-10,353,6,NA,NA,NA,NA,NA,NA,NA,NA,3,-2,1,3,0,1,2,1,2,2,2,4,0,2,-58.85,-59.26,-61.9,-37.5,3,"Brazil","Pernambuco","Lagoa dos Gatos",-8.68610764,-35.8958853996463,16318,"BRA","BR",76,"BRL","2608701","ChIJzzwYT7-qAAcREUgcnCFWyYs",NA,"BRPE2608701",NA,"BRA.17.98_1"
"484fe392",2020-09-11,353,6,NA,NA,NA,NA,NA,NA,NA,NA,3,-2,1,3,0,1,2,1,2,2,2,4,0,2,-58.85,-59.26,-61.9,-37.5,3,"Brazil","Pernambuco","Lagoa dos Gatos",-8.68610764,-35.8958853996463,16318,"BRA","BR",76,"BRL","2608701","ChIJzzwYT7-qAAcREUgcnCFWyYs",NA,"BRPE2608701",NA,"BRA.17.98_1"
"484fe392",2020-09-12,353,6,NA,NA,NA,NA,NA,NA,NA,NA,3,-2,1,3,0,1,2,1,2,2,2,4,0,2,-58.85,-59.26,-61.9,-37.5,3,"Brazil","Pernambuco","Lagoa dos Gatos",-8.68610764,-35.8958853996463,16318,"BRA","BR",76,"BRL","2608701","ChIJzzwYT7-qAAcREUgcnCFWyYs",NA,"BRPE2608701",NA,"BRA.17.98_1"
"484fe392",2020-09-13,353,6,NA,NA,NA,NA,NA,NA,NA,NA,3,-2,1,3,0,1,2,1,2,2,2,4,0,2,-58.85,-59.26,-61.9,-37.5,3,"Brazil","Pernambuco","Lagoa dos Gatos",-8.68610764,-35.8958853996463,16318,"BRA","BR",76,"BRL","2608701","ChIJzzwYT7-qAAcREUgcnCFWyYs",NA,"BRPE2608701",NA,"BRA.17.98_1"
"484fe392",2020-09-14,353,6,NA,NA,NA,NA,NA,NA,NA,NA,3,-2,1,3,0,1,2,1,2,2,2,4,0,2,-58.85,-59.26,-61.9,-37.5,3,"Brazil","Pernambuco","Lagoa dos Gatos",-8.68610764,-35.8958853996463,16318,"BRA","BR",76,"BRL","2608701","ChIJzzwYT7-qAAcREUgcnCFWyYs",NA,"BRPE2608701",NA,"BRA.17.98_1"
"484fe392",2020-09-15,354,6,NA,NA,NA,NA,NA,NA,NA,NA,3,-2,1,3,0,1,2,1,2,2,2,4,0,2,-58.85,-59.26,-61.9,-37.5,3,"Brazil","Pernambuco","Lagoa dos Gatos",-8.68610764,-35.8958853996463,16318,"BRA","BR",76,"BRL","2608701","ChIJzzwYT7-qAAcREUgcnCFWyYs",NA,"BRPE2608701",NA,"BRA.17.98_1"
"484fe392",2020-09-16,354,6,NA,NA,NA,NA,NA,NA,NA,NA,3,-2,1,3,0,1,2,1,2,2,2,4,0,2,-58.85,-59.26,-61.9,-37.5,3,"Brazil","Pernambuco","Lagoa dos Gatos",-8.68610764,-35.8958853996463,16318,"BRA","BR",76,"BRL","2608701","ChIJzzwYT7-qAAcREUgcnCFWyYs",NA,"BRPE2608701",NA,"BRA.17.98_1"
"484fe392",2020-09-17,354,6,NA,NA,NA,NA,NA,NA,NA,NA,3,-2,1,3,0,1,2,1,2,2,2,4,0,2,-58.85,-59.26,-61.9,-37.5,3,"Brazil","Pernambuco","Lagoa dos Gatos",-8.68610764,-35.8958853996463,16318,"BRA","BR",76,"BRL","2608701","ChIJzzwYT7-qAAcREUgcnCFWyYs",NA,"BRPE2608701",NA,"BRA.17.98_1"
"484fe392",2020-09-18,354,6,NA,NA,NA,NA,NA,NA,NA,NA,3,-2,1,3,0,1,2,1,2,2,2,4,0,2,-58.85,-59.26,-61.9,-37.5,3,"Brazil","Pernambuco","Lagoa dos Gatos",-8.68610764,-35.8958853996463,16318,"BRA","BR",76,"BRL","2608701","ChIJzzwYT7-qAAcREUgcnCFWyYs",NA,"BRPE2608701",NA,"BRA.17.98_1"
"484fe392",2020-09-19,354,6,NA,NA,NA,NA,NA,NA,NA,NA,3,-2,1,3,0,1,2,1,2,2,2,4,0,2,-58.85,-59.26,-61.9,-37.5,3,"Brazil","Pernambuco","Lagoa dos Gatos",-8.68610764,-35.8958853996463,16318,"BRA","BR",76,"BRL","2608701","ChIJzzwYT7-qAAcREUgcnCFWyYs",NA,"BRPE2608701",NA,"BRA.17.98_1"
"484fe392",2020-09-20,354,6,NA,NA,NA,NA,NA,NA,NA,NA,3,-2,1,3,0,1,2,1,2,2,2,4,0,2,-58.85,-59.26,-61.9,-37.5,3,"Brazil","Pernambuco","Lagoa dos Gatos",-8.68610764,-35.8958853996463,16318,"BRA","BR",76,"BRL","2608701","ChIJzzwYT7-qAAcREUgcnCFWyYs",NA,"BRPE2608701",NA,"BRA.17.98_1"
"484fe392",2020-09-21,354,6,NA,NA,NA,NA,NA,NA,NA,NA,3,-2,1,3,0,1,2,1,2,2,2,4,0,2,-58.85,-59.26,-61.9,-37.5,3,"Brazil","Pernambuco","Lagoa dos Gatos",-8.68610764,-35.8958853996463,16318,"BRA","BR",76,"BRL","2608701","ChIJzzwYT7-qAAcREUgcnCFWyYs",NA,"BRPE2608701",NA,"BRA.17.98_1"
"484fe392",2020-09-22,354,6,NA,NA,NA,NA,NA,NA,NA,NA,3,-2,1,3,0,1,2,1,2,2,2,4,0,2,-58.85,-59.26,-61.9,-37.5,3,"Brazil","Pernambuco","Lagoa dos Gatos",-8.68610764,-35.8958853996463,16318,"BRA","BR",76,"BRL","2608701","ChIJzzwYT7-qAAcREUgcnCFWyYs",NA,"BRPE2608701",NA,"BRA.17.98_1"
"484fe392",2020-09-23,354,6,NA,NA,NA,NA,NA,NA,NA,NA,3,-2,1,3,1,1,2,1,2,2,2,4,0,2,-61.98,-64.81,-65.48,-37.5,3,"Brazil","Pernambuco","Lagoa dos Gatos",-8.68610764,-35.8958853996463,16318,"BRA","BR",76,"BRL","2608701","ChIJzzwYT7-qAAcREUgcnCFWyYs",NA,"BRPE2608701",NA,"BRA.17.98_1"
"484fe392",2020-09-24,354,6,NA,NA,NA,NA,NA,NA,NA,NA,3,-2,1,3,1,1,2,1,2,2,2,4,0,2,-61.98,-64.81,-65.48,-37.5,3,"Brazil","Pernambuco","Lagoa dos Gatos",-8.68610764,-35.8958853996463,16318,"BRA","BR",76,"BRL","2608701","ChIJzzwYT7-qAAcREUgcnCFWyYs",NA,"BRPE2608701",NA,"BRA.17.98_1"
"484fe392",2020-09-25,354,6,NA,NA,NA,NA,NA,NA,NA,NA,3,-2,1,3,1,1,2,1,2,2,2,4,0,2,-61.98,-64.81,-65.48,-37.5,3,"Brazil","Pernambuco","Lagoa dos Gatos",-8.68610764,-35.8958853996463,16318,"BRA","BR",76,"BRL","2608701","ChIJzzwYT7-qAAcREUgcnCFWyYs",NA,"BRPE2608701",NA,"BRA.17.98_1"
"484fe392",2020-09-26,354,6,NA,NA,NA,NA,NA,NA,NA,NA,3,-2,1,3,1,1,2,1,2,2,2,4,0,2,-61.98,-64.81,-65.48,-37.5,3,"Brazil","Pernambuco","Lagoa dos Gatos",-8.68610764,-35.8958853996463,16318,"BRA","BR",76,"BRL","2608701","ChIJzzwYT7-qAAcREUgcnCFWyYs",NA,"BRPE2608701",NA,"BRA.17.98_1"
"484fe392",2020-09-27,354,6,NA,NA,NA,NA,NA,NA,NA,NA,3,-2,1,3,1,1,2,1,2,2,2,4,0,2,-61.98,-64.81,-65.48,-37.5,3,"Brazil","Pernambuco","Lagoa dos Gatos",-8.68610764,-35.8958853996463,16318,"BRA","BR",76,"BRL","2608701","ChIJzzwYT7-qAAcREUgcnCFWyYs",NA,"BRPE2608701",NA,"BRA.17.98_1"
"484fe392",2020-09-28,354,6,NA,NA,NA,NA,NA,NA,NA,NA,3,-2,1,-3,1,1,2,1,2,2,2,4,0,2,-61.2,-63.43,-64.58,-37.5,3,"Brazil","Pernambuco","Lagoa dos Gatos",-8.68610764,-35.8958853996463,16318,"BRA","BR",76,"BRL","2608701","ChIJzzwYT7-qAAcREUgcnCFWyYs",NA,"BRPE2608701",NA,"BRA.17.98_1"
"484fe392",2020-09-29,354,6,NA,NA,NA,NA,NA,NA,NA,NA,3,-2,1,-3,1,1,2,1,2,2,2,4,0,2,-61.2,-63.43,-64.58,-37.5,3,"Brazil","Pernambuco","Lagoa dos Gatos",-8.68610764,-35.8958853996463,16318,"BRA","BR",76,"BRL","2608701","ChIJzzwYT7-qAAcREUgcnCFWyYs",NA,"BRPE2608701",NA,"BRA.17.98_1"
"484fe392",2020-09-30,354,6,NA,NA,NA,NA,NA,NA,NA,NA,3,-2,1,-3,1,1,2,1,2,2,2,4,0,2,-61.2,-63.43,-64.58,-37.5,3,"Brazil","Pernambuco","Lagoa dos Gatos",-8.68610764,-35.8958853996463,16318,"BRA","BR",76,"BRL","2608701","ChIJzzwYT7-qAAcREUgcnCFWyYs",NA,"BRPE2608701",NA,"BRA.17.98_1"
"484fe392",2020-10-01,354,6,NA,NA,NA,NA,NA,NA,NA,NA,3,-2,1,-3,1,1,2,1,2,2,2,4,0,2,-61.2,-63.43,-64.58,-37.5,3,"Brazil","Pernambuco","Lagoa dos Gatos",-8.68610764,-35.8958853996463,16318,"BRA","BR",76,"BRL","2608701","ChIJzzwYT7-qAAcREUgcnCFWyYs",NA,"BRPE2608701",NA,"BRA.17.98_1"
"484fe392",2020-10-02,354,6,NA,NA,NA,NA,NA,NA,NA,NA,3,-2,1,-3,1,1,2,4,2,2,2,4,0,2,-65.89,-71.76,-69.94,-37.5,3,"Brazil","Pernambuco","Lagoa dos Gatos",-8.68610764,-35.8958853996463,16318,"BRA","BR",76,"BRL","2608701","ChIJzzwYT7-qAAcREUgcnCFWyYs",NA,"BRPE2608701",NA,"BRA.17.98_1"
"484fe392",2020-10-03,354,6,NA,NA,NA,NA,NA,NA,NA,NA,3,-2,1,-3,1,1,2,4,2,2,2,4,0,2,-65.89,-71.76,-69.94,-37.5,3,"Brazil","Pernambuco","Lagoa dos Gatos",-8.68610764,-35.8958853996463,16318,"BRA","BR",76,"BRL","2608701","ChIJzzwYT7-qAAcREUgcnCFWyYs",NA,"BRPE2608701",NA,"BRA.17.98_1"
"484fe392",2020-10-04,354,6,NA,NA,NA,NA,NA,NA,NA,NA,3,-2,1,-3,1,1,2,4,2,2,2,4,0,2,-65.89,-71.76,-69.94,-37.5,3,"Brazil","Pernambuco","Lagoa dos Gatos",-8.68610764,-35.8958853996463,16318,"BRA","BR",76,"BRL","2608701","ChIJzzwYT7-qAAcREUgcnCFWyYs",NA,"BRPE2608701",NA,"BRA.17.98_1"
"484fe392",2020-10-05,354,6,NA,NA,NA,NA,NA,NA,NA,NA,3,-2,1,-3,1,1,2,4,2,2,2,4,0,2,-65.89,-71.76,-69.94,-37.5,3,"Brazil","Pernambuco","Lagoa dos Gatos",-8.68610764,-35.8958853996463,16318,"BRA","BR",76,"BRL","2608701","ChIJzzwYT7-qAAcREUgcnCFWyYs",NA,"BRPE2608701",NA,"BRA.17.98_1"
"484fe392",2020-10-06,354,6,NA,NA,NA,NA,NA,NA,NA,NA,3,-2,1,-3,1,1,2,4,2,2,2,4,0,2,-65.89,-71.76,-69.94,-37.5,3,"Brazil","Pernambuco","Lagoa dos Gatos",-8.68610764,-35.8958853996463,16318,"BRA","BR",76,"BRL","2608701","ChIJzzwYT7-qAAcREUgcnCFWyYs",NA,"BRPE2608701",NA,"BRA.17.98_1"
"484fe392",2020-10-07,354,6,NA,NA,NA,NA,NA,NA,NA,NA,3,-2,1,-3,1,1,2,4,2,2,2,4,0,2,-65.89,-71.76,-69.94,-37.5,3,"Brazil","Pernambuco","Lagoa dos Gatos",-8.68610764,-35.8958853996463,16318,"BRA","BR",76,"BRL","2608701","ChIJzzwYT7-qAAcREUgcnCFWyYs",NA,"BRPE2608701",NA,"BRA.17.98_1"
"484fe392",2020-10-08,354,6,NA,NA,NA,NA,NA,NA,NA,NA,3,-2,1,-3,1,1,2,4,2,2,2,4,0,2,-65.89,-71.76,-69.94,-37.5,3,"Brazil","Pernambuco","Lagoa dos Gatos",-8.68610764,-35.8958853996463,16318,"BRA","BR",76,"BRL","2608701","ChIJzzwYT7-qAAcREUgcnCFWyYs",NA,"BRPE2608701",NA,"BRA.17.98_1"
"484fe392",2020-10-09,354,6,NA,NA,NA,NA,NA,NA,NA,NA,3,-2,1,-3,1,1,2,4,2,2,2,4,0,2,-65.89,-71.76,-69.94,-37.5,3,"Brazil","Pernambuco","Lagoa dos Gatos",-8.68610764,-35.8958853996463,16318,"BRA","BR",76,"BRL","2608701","ChIJzzwYT7-qAAcREUgcnCFWyYs",NA,"BRPE2608701",NA,"BRA.17.98_1"
"484fe392",2020-10-10,354,6,NA,NA,NA,NA,NA,NA,NA,NA,3,-2,1,-3,1,1,2,4,2,2,2,4,0,2,-65.89,-71.76,-69.94,-37.5,3,"Brazil","Pernambuco","Lagoa dos Gatos",-8.68610764,-35.8958853996463,16318,"BRA","BR",76,"BRL","2608701","ChIJzzwYT7-qAAcREUgcnCFWyYs",NA,"BRPE2608701",NA,"BRA.17.98_1"
"484fe392",2020-10-11,354,6,NA,NA,NA,NA,NA,NA,NA,NA,3,-2,1,-3,1,1,2,4,2,2,2,4,0,2,-65.89,-71.76,-69.94,-37.5,3,"Brazil","Pernambuco","Lagoa dos Gatos",-8.68610764,-35.8958853996463,16318,"BRA","BR",76,"BRL","2608701","ChIJzzwYT7-qAAcREUgcnCFWyYs",NA,"BRPE2608701",NA,"BRA.17.98_1"
"484fe392",2020-10-12,354,6,NA,NA,NA,NA,NA,NA,NA,NA,3,-2,1,-3,1,1,2,4,2,2,2,4,0,2,-65.89,-71.76,-69.94,-37.5,3,"Brazil","Pernambuco","Lagoa dos Gatos",-8.68610764,-35.8958853996463,16318,"BRA","BR",76,"BRL","2608701","ChIJzzwYT7-qAAcREUgcnCFWyYs",NA,"BRPE2608701",NA,"BRA.17.98_1"
"484fe392",2020-10-13,354,6,NA,NA,NA,NA,NA,NA,NA,NA,3,-2,1,-3,1,1,2,4,2,2,2,4,0,2,-65.89,-71.76,-69.94,-37.5,3,"Brazil","Pernambuco","Lagoa dos Gatos",-8.68610764,-35.8958853996463,16318,"BRA","BR",76,"BRL","2608701","ChIJzzwYT7-qAAcREUgcnCFWyYs",NA,"BRPE2608701",NA,"BRA.17.98_1"
"484fe392",2020-10-14,354,6,NA,NA,NA,NA,NA,NA,NA,NA,3,-2,1,-3,1,1,2,4,2,2,2,4,0,2,-65.89,-71.76,-69.94,-37.5,3,"Brazil","Pernambuco","Lagoa dos Gatos",-8.68610764,-35.8958853996463,16318,"BRA","BR",76,"BRL","2608701","ChIJzzwYT7-qAAcREUgcnCFWyYs",NA,"BRPE2608701",NA,"BRA.17.98_1"
"484fe392",2020-10-15,354,6,NA,NA,NA,NA,NA,NA,NA,NA,3,-2,1,-3,1,1,2,3,2,2,2,4,0,2,-64.32,-68.98,-68.15,-37.5,3,"Brazil","Pernambuco","Lagoa dos Gatos",-8.68610764,-35.8958853996463,16318,"BRA","BR",76,"BRL","2608701","ChIJzzwYT7-qAAcREUgcnCFWyYs",NA,"BRPE2608701",NA,"BRA.17.98_1"
"484fe392",2020-10-16,354,6,NA,NA,NA,NA,NA,NA,NA,NA,3,-2,1,-3,1,1,2,3,2,2,2,4,0,2,-64.32,-68.98,-68.15,-37.5,3,"Brazil","Pernambuco","Lagoa dos Gatos",-8.68610764,-35.8958853996463,16318,"BRA","BR",76,"BRL","2608701","ChIJzzwYT7-qAAcREUgcnCFWyYs",NA,"BRPE2608701",NA,"BRA.17.98_1"
"484fe392",2020-10-17,354,6,NA,NA,NA,NA,NA,NA,NA,NA,3,-2,1,-3,1,1,2,3,2,2,2,4,0,2,-64.32,-68.98,-68.15,-37.5,3,"Brazil","Pernambuco","Lagoa dos Gatos",-8.68610764,-35.8958853996463,16318,"BRA","BR",76,"BRL","2608701","ChIJzzwYT7-qAAcREUgcnCFWyYs",NA,"BRPE2608701",NA,"BRA.17.98_1"
"484fe392",2020-10-18,354,6,NA,NA,NA,NA,NA,NA,NA,NA,3,-2,1,-3,1,1,2,3,2,2,2,4,0,2,-64.32,-68.98,-68.15,-37.5,3,"Brazil","Pernambuco","Lagoa dos Gatos",-8.68610764,-35.8958853996463,16318,"BRA","BR",76,"BRL","2608701","ChIJzzwYT7-qAAcREUgcnCFWyYs",NA,"BRPE2608701",NA,"BRA.17.98_1"
"484fe392",2020-10-19,354,6,NA,NA,NA,NA,NA,NA,NA,NA,3,-2,1,-3,1,1,2,3,2,2,2,4,0,2,-64.32,-68.98,-68.15,-37.5,3,"Brazil","Pernambuco","Lagoa dos Gatos",-8.68610764,-35.8958853996463,16318,"BRA","BR",76,"BRL","2608701","ChIJzzwYT7-qAAcREUgcnCFWyYs",NA,"BRPE2608701",NA,"BRA.17.98_1"
"484fe392",2020-10-20,354,6,NA,NA,NA,NA,NA,NA,NA,NA,3,-2,1,-3,1,1,2,3,2,2,2,4,0,2,-64.32,-68.98,-68.15,-37.5,3,"Brazil","Pernambuco","Lagoa dos Gatos",-8.68610764,-35.8958853996463,16318,"BRA","BR",76,"BRL","2608701","ChIJzzwYT7-qAAcREUgcnCFWyYs",NA,"BRPE2608701",NA,"BRA.17.98_1"
"484fe392",2020-10-21,354,6,NA,NA,NA,NA,NA,NA,NA,NA,3,-2,1,-3,1,1,2,3,2,2,2,4,0,2,-64.32,-68.98,-68.15,-37.5,3,"Brazil","Pernambuco","Lagoa dos Gatos",-8.68610764,-35.8958853996463,16318,"BRA","BR",76,"BRL","2608701","ChIJzzwYT7-qAAcREUgcnCFWyYs",NA,"BRPE2608701",NA,"BRA.17.98_1"
"484fe392",2020-10-22,359,6,NA,NA,NA,NA,NA,NA,NA,NA,3,-2,1,-3,1,1,2,3,2,2,2,4,0,2,-64.32,-68.98,-68.15,-37.5,3,"Brazil","Pernambuco","Lagoa dos Gatos",-8.68610764,-35.8958853996463,16318,"BRA","BR",76,"BRL","2608701","ChIJzzwYT7-qAAcREUgcnCFWyYs",NA,"BRPE2608701",NA,"BRA.17.98_1"
"484fe392",2020-10-23,359,6,NA,NA,NA,NA,NA,NA,NA,NA,3,-2,1,-3,1,1,2,3,2,2,2,4,0,2,-64.32,-68.98,-68.15,-37.5,3,"Brazil","Pernambuco","Lagoa dos Gatos",-8.68610764,-35.8958853996463,16318,"BRA","BR",76,"BRL","2608701","ChIJzzwYT7-qAAcREUgcnCFWyYs",NA,"BRPE2608701",NA,"BRA.17.98_1"
"484fe392",2020-10-24,359,6,NA,NA,NA,NA,NA,NA,NA,NA,3,-2,1,-3,1,1,2,3,2,2,2,4,0,2,-64.32,-68.98,-68.15,-37.5,3,"Brazil","Pernambuco","Lagoa dos Gatos",-8.68610764,-35.8958853996463,16318,"BRA","BR",76,"BRL","2608701","ChIJzzwYT7-qAAcREUgcnCFWyYs",NA,"BRPE2608701",NA,"BRA.17.98_1"
"484fe392",2020-10-25,359,6,NA,NA,NA,NA,NA,NA,NA,NA,3,-2,1,-3,1,1,2,3,2,2,2,4,0,2,-64.32,-68.98,-68.15,-37.5,3,"Brazil","Pernambuco","Lagoa dos Gatos",-8.68610764,-35.8958853996463,16318,"BRA","BR",76,"BRL","2608701","ChIJzzwYT7-qAAcREUgcnCFWyYs",NA,"BRPE2608701",NA,"BRA.17.98_1"
"484fe392",2020-10-26,359,6,NA,NA,NA,NA,NA,NA,NA,NA,3,-2,1,-3,1,1,2,3,2,2,2,4,0,2,-64.32,-68.98,-68.15,-37.5,3,"Brazil","Pernambuco","Lagoa dos Gatos",-8.68610764,-35.8958853996463,16318,"BRA","BR",76,"BRL","2608701","ChIJzzwYT7-qAAcREUgcnCFWyYs",NA,"BRPE2608701",NA,"BRA.17.98_1"
"484fe392",2020-10-27,359,6,NA,NA,NA,NA,NA,NA,NA,NA,3,-2,1,-3,1,1,2,3,2,2,2,4,0,2,-64.32,-68.98,-68.15,-37.5,3,"Brazil","Pernambuco","Lagoa dos Gatos",-8.68610764,-35.8958853996463,16318,"BRA","BR",76,"BRL","2608701","ChIJzzwYT7-qAAcREUgcnCFWyYs",NA,"BRPE2608701",NA,"BRA.17.98_1"
"484fe392",2020-10-28,359,6,NA,NA,NA,NA,NA,NA,NA,NA,3,-2,1,-3,1,1,2,3,2,2,2,4,0,2,-64.32,-68.98,-68.15,-37.5,3,"Brazil","Pernambuco","Lagoa dos Gatos",-8.68610764,-35.8958853996463,16318,"BRA","BR",76,"BRL","2608701","ChIJzzwYT7-qAAcREUgcnCFWyYs",NA,"BRPE2608701",NA,"BRA.17.98_1"
"484fe392",2020-10-29,359,6,NA,NA,NA,NA,NA,NA,NA,NA,3,-2,1,-3,1,1,2,3,2,2,2,4,0,2,-64.32,-68.98,-68.15,-37.5,3,"Brazil","Pernambuco","Lagoa dos Gatos",-8.68610764,-35.8958853996463,16318,"BRA","BR",76,"BRL","2608701","ChIJzzwYT7-qAAcREUgcnCFWyYs",NA,"BRPE2608701",NA,"BRA.17.98_1"
"484fe392",2020-10-30,359,6,NA,NA,NA,NA,NA,NA,NA,NA,3,-2,1,-3,1,1,2,3,2,2,2,4,0,2,-64.32,-68.98,-68.15,-37.5,3,"Brazil","Pernambuco","Lagoa dos Gatos",-8.68610764,-35.8958853996463,16318,"BRA","BR",76,"BRL","2608701","ChIJzzwYT7-qAAcREUgcnCFWyYs",NA,"BRPE2608701",NA,"BRA.17.98_1"
"484fe392",2020-10-31,359,6,NA,NA,NA,NA,NA,NA,NA,NA,3,-2,1,-3,1,1,2,3,2,2,2,4,0,2,-61.2,-68.98,-68.15,-12.5,3,"Brazil","Pernambuco","Lagoa dos Gatos",-8.68610764,-35.8958853996463,16318,"BRA","BR",76,"BRL","2608701","ChIJzzwYT7-qAAcREUgcnCFWyYs",NA,"BRPE2608701",NA,"BRA.17.98_1"
"484fe392",2020-11-01,359,6,NA,NA,NA,NA,NA,NA,NA,NA,3,1,1,-3,1,1,2,3,2,2,2,4,0,2,-60.16,-67.13,-66.96,-12.5,3,"Brazil","Pernambuco","Lagoa dos Gatos",-8.68610764,-35.8958853996463,16318,"BRA","BR",76,"BRL","2608701","ChIJzzwYT7-qAAcREUgcnCFWyYs",NA,"BRPE2608701",NA,"BRA.17.98_1"
"484fe392",2020-11-02,359,6,NA,NA,NA,NA,NA,NA,NA,NA,3,1,1,-3,1,1,2,3,2,2,2,4,0,2,-60.16,-67.13,-66.96,-12.5,3,"Brazil","Pernambuco","Lagoa dos Gatos",-8.68610764,-35.8958853996463,16318,"BRA","BR",76,"BRL","2608701","ChIJzzwYT7-qAAcREUgcnCFWyYs",NA,"BRPE2608701",NA,"BRA.17.98_1"
"484fe392",2020-11-03,359,6,NA,NA,NA,NA,NA,NA,NA,NA,3,1,1,-3,1,1,2,3,2,2,2,4,0,2,-60.16,-67.13,-66.96,-12.5,3,"Brazil","Pernambuco","Lagoa dos Gatos",-8.68610764,-35.8958853996463,16318,"BRA","BR",76,"BRL","2608701","ChIJzzwYT7-qAAcREUgcnCFWyYs",NA,"BRPE2608701",NA,"BRA.17.98_1"
"484fe392",2020-11-04,359,6,NA,NA,NA,NA,NA,NA,NA,NA,3,1,1,-3,1,1,2,3,2,2,2,4,0,2,-60.16,-67.13,-66.96,-12.5,3,"Brazil","Pernambuco","Lagoa dos Gatos",-8.68610764,-35.8958853996463,16318,"BRA","BR",76,"BRL","2608701","ChIJzzwYT7-qAAcREUgcnCFWyYs",NA,"BRPE2608701",NA,"BRA.17.98_1"
"484fe392",2020-11-05,359,6,NA,NA,NA,NA,NA,NA,NA,NA,3,1,1,-3,1,1,2,3,2,2,2,4,0,2,-60.16,-67.13,-66.96,-12.5,3,"Brazil","Pernambuco","Lagoa dos Gatos",-8.68610764,-35.8958853996463,16318,"BRA","BR",76,"BRL","2608701","ChIJzzwYT7-qAAcREUgcnCFWyYs",NA,"BRPE2608701",NA,"BRA.17.98_1"
"484fe392",2020-11-06,359,6,NA,NA,NA,NA,NA,NA,NA,NA,3,1,1,-3,1,1,2,3,2,2,2,4,0,2,-60.16,-67.13,-66.96,-12.5,3,"Brazil","Pernambuco","Lagoa dos Gatos",-8.68610764,-35.8958853996463,16318,"BRA","BR",76,"BRL","2608701","ChIJzzwYT7-qAAcREUgcnCFWyYs",NA,"BRPE2608701",NA,"BRA.17.98_1"
"484fe392",2020-11-07,359,6,NA,NA,NA,NA,NA,NA,NA,NA,3,1,1,-3,1,1,2,3,2,2,2,4,0,2,-60.16,-67.13,-66.96,-12.5,3,"Brazil","Pernambuco","Lagoa dos Gatos",-8.68610764,-35.8958853996463,16318,"BRA","BR",76,"BRL","2608701","ChIJzzwYT7-qAAcREUgcnCFWyYs",NA,"BRPE2608701",NA,"BRA.17.98_1"
"484fe392",2020-11-08,359,6,NA,NA,NA,NA,NA,NA,NA,NA,3,1,1,-3,1,1,2,3,2,2,2,4,0,2,-60.16,-67.13,-66.96,-12.5,3,"Brazil","Pernambuco","Lagoa dos Gatos",-8.68610764,-35.8958853996463,16318,"BRA","BR",76,"BRL","2608701","ChIJzzwYT7-qAAcREUgcnCFWyYs",NA,"BRPE2608701",NA,"BRA.17.98_1"
"484fe392",2020-11-09,359,6,NA,NA,NA,NA,NA,NA,NA,NA,3,1,1,-3,1,1,2,3,2,2,2,4,0,2,-60.16,-67.13,-66.96,-12.5,3,"Brazil","Pernambuco","Lagoa dos Gatos",-8.68610764,-35.8958853996463,16318,"BRA","BR",76,"BRL","2608701","ChIJzzwYT7-qAAcREUgcnCFWyYs",NA,"BRPE2608701",NA,"BRA.17.98_1"
"484fe392",2020-11-10,366,6,NA,NA,NA,NA,NA,NA,NA,NA,3,1,1,-3,1,1,2,3,2,2,2,4,0,2,-60.16,-67.13,-66.96,-12.5,3,"Brazil","Pernambuco","Lagoa dos Gatos",-8.68610764,-35.8958853996463,16318,"BRA","BR",76,"BRL","2608701","ChIJzzwYT7-qAAcREUgcnCFWyYs",NA,"BRPE2608701",NA,"BRA.17.98_1"
"484fe392",2020-11-11,366,6,NA,NA,NA,NA,NA,NA,NA,NA,3,1,1,-3,1,1,2,3,2,2,2,4,0,2,-60.16,-67.13,-66.96,-12.5,3,"Brazil","Pernambuco","Lagoa dos Gatos",-8.68610764,-35.8958853996463,16318,"BRA","BR",76,"BRL","2608701","ChIJzzwYT7-qAAcREUgcnCFWyYs",NA,"BRPE2608701",NA,"BRA.17.98_1"
"484fe392",2020-11-12,366,6,NA,NA,NA,NA,NA,NA,NA,NA,3,1,1,-3,1,1,2,4,2,2,2,4,0,2,-61.72,-69.91,-68.75,-12.5,3,"Brazil","Pernambuco","Lagoa dos Gatos",-8.68610764,-35.8958853996463,16318,"BRA","BR",76,"BRL","2608701","ChIJzzwYT7-qAAcREUgcnCFWyYs",NA,"BRPE2608701",NA,"BRA.17.98_1"
"484fe392",2020-11-13,366,6,NA,NA,NA,NA,NA,NA,NA,NA,3,1,1,-3,1,1,2,4,2,2,2,4,0,2,-61.72,-69.91,-68.75,-12.5,3,"Brazil","Pernambuco","Lagoa dos Gatos",-8.68610764,-35.8958853996463,16318,"BRA","BR",76,"BRL","2608701","ChIJzzwYT7-qAAcREUgcnCFWyYs",NA,"BRPE2608701",NA,"BRA.17.98_1"
"484fe392",2020-11-14,366,6,NA,NA,NA,NA,NA,NA,NA,NA,3,1,1,-3,1,1,2,4,2,2,2,4,0,2,-61.72,-69.91,-68.75,-12.5,3,"Brazil","Pernambuco","Lagoa dos Gatos",-8.68610764,-35.8958853996463,16318,"BRA","BR",76,"BRL","2608701","ChIJzzwYT7-qAAcREUgcnCFWyYs",NA,"BRPE2608701",NA,"BRA.17.98_1"
"484fe392",2020-11-15,366,6,NA,NA,NA,NA,NA,NA,NA,NA,3,1,1,-3,1,1,2,4,2,2,2,4,0,2,-61.72,-69.91,-68.75,-12.5,3,"Brazil","Pernambuco","Lagoa dos Gatos",-8.68610764,-35.8958853996463,16318,"BRA","BR",76,"BRL","2608701","ChIJzzwYT7-qAAcREUgcnCFWyYs",NA,"BRPE2608701",NA,"BRA.17.98_1"
"484fe392",2020-11-16,366,6,NA,NA,NA,NA,NA,NA,NA,NA,3,1,1,-3,1,1,2,4,2,2,2,4,0,2,-61.72,-69.91,-68.75,-12.5,3,"Brazil","Pernambuco","Lagoa dos Gatos",-8.68610764,-35.8958853996463,16318,"BRA","BR",76,"BRL","2608701","ChIJzzwYT7-qAAcREUgcnCFWyYs",NA,"BRPE2608701",NA,"BRA.17.98_1"
"484fe392",2020-11-17,367,6,NA,NA,NA,NA,NA,NA,NA,NA,3,1,1,-3,1,1,2,4,2,2,2,4,0,2,-61.72,-69.91,-68.75,-12.5,3,"Brazil","Pernambuco","Lagoa dos Gatos",-8.68610764,-35.8958853996463,16318,"BRA","BR",76,"BRL","2608701","ChIJzzwYT7-qAAcREUgcnCFWyYs",NA,"BRPE2608701",NA,"BRA.17.98_1"
"484fe392",2020-11-18,367,6,NA,NA,NA,NA,NA,NA,NA,NA,3,1,1,-3,1,1,2,4,2,2,2,4,0,2,-61.72,-69.91,-68.75,-12.5,3,"Brazil","Pernambuco","Lagoa dos Gatos",-8.68610764,-35.8958853996463,16318,"BRA","BR",76,"BRL","2608701","ChIJzzwYT7-qAAcREUgcnCFWyYs",NA,"BRPE2608701",NA,"BRA.17.98_1"
"484fe392",2020-11-19,373,6,NA,NA,NA,NA,NA,NA,NA,NA,3,1,1,-3,1,1,2,4,2,2,2,4,0,2,-61.72,-69.91,-68.75,-12.5,3,"Brazil","Pernambuco","Lagoa dos Gatos",-8.68610764,-35.8958853996463,16318,"BRA","BR",76,"BRL","2608701","ChIJzzwYT7-qAAcREUgcnCFWyYs",NA,"BRPE2608701",NA,"BRA.17.98_1"
"484fe392",2020-11-20,373,6,NA,NA,NA,NA,NA,NA,NA,NA,3,1,1,-3,1,1,2,4,2,2,2,4,0,2,-61.72,-69.91,-68.75,-12.5,3,"Brazil","Pernambuco","Lagoa dos Gatos",-8.68610764,-35.8958853996463,16318,"BRA","BR",76,"BRL","2608701","ChIJzzwYT7-qAAcREUgcnCFWyYs",NA,"BRPE2608701",NA,"BRA.17.98_1"
"484fe392",2020-11-21,374,6,NA,NA,NA,NA,NA,NA,NA,NA,3,1,1,-3,1,1,2,4,2,2,2,4,0,2,-61.72,-69.91,-68.75,-12.5,3,"Brazil","Pernambuco","Lagoa dos Gatos",-8.68610764,-35.8958853996463,16318,"BRA","BR",76,"BRL","2608701","ChIJzzwYT7-qAAcREUgcnCFWyYs",NA,"BRPE2608701",NA,"BRA.17.98_1"
"484fe392",2020-11-22,374,6,NA,NA,NA,NA,NA,NA,NA,NA,3,1,1,-3,1,1,2,4,2,2,2,4,0,2,-61.72,-69.91,-68.75,-12.5,3,"Brazil","Pernambuco","Lagoa dos Gatos",-8.68610764,-35.8958853996463,16318,"BRA","BR",76,"BRL","2608701","ChIJzzwYT7-qAAcREUgcnCFWyYs",NA,"BRPE2608701",NA,"BRA.17.98_1"
"484fe392",2020-11-23,374,6,NA,NA,NA,NA,NA,NA,NA,NA,3,1,1,-3,1,1,2,4,2,2,2,4,0,2,-61.72,-69.91,-68.75,-12.5,3,"Brazil","Pernambuco","Lagoa dos Gatos",-8.68610764,-35.8958853996463,16318,"BRA","BR",76,"BRL","2608701","ChIJzzwYT7-qAAcREUgcnCFWyYs",NA,"BRPE2608701",NA,"BRA.17.98_1"
"484fe392",2020-11-24,374,6,NA,NA,NA,NA,NA,NA,NA,NA,3,1,1,-3,1,1,2,4,2,2,2,4,0,2,-61.72,-69.91,-68.75,-12.5,3,"Brazil","Pernambuco","Lagoa dos Gatos",-8.68610764,-35.8958853996463,16318,"BRA","BR",76,"BRL","2608701","ChIJzzwYT7-qAAcREUgcnCFWyYs",NA,"BRPE2608701",NA,"BRA.17.98_1"
"484fe392",2020-11-25,376,6,NA,NA,NA,NA,NA,NA,NA,NA,3,1,1,-3,1,1,2,4,2,2,2,4,0,2,-61.72,-69.91,-68.75,-12.5,3,"Brazil","Pernambuco","Lagoa dos Gatos",-8.68610764,-35.8958853996463,16318,"BRA","BR",76,"BRL","2608701","ChIJzzwYT7-qAAcREUgcnCFWyYs",NA,"BRPE2608701",NA,"BRA.17.98_1"
"484fe392",2020-11-26,376,6,NA,NA,NA,NA,NA,NA,NA,NA,3,1,1,-3,1,1,2,4,2,2,2,4,0,2,-61.72,-69.91,-68.75,-12.5,3,"Brazil","Pernambuco","Lagoa dos Gatos",-8.68610764,-35.8958853996463,16318,"BRA","BR",76,"BRL","2608701","ChIJzzwYT7-qAAcREUgcnCFWyYs",NA,"BRPE2608701",NA,"BRA.17.98_1"
"484fe392",2020-11-27,376,6,NA,NA,NA,NA,NA,NA,NA,NA,3,1,1,-3,1,1,2,4,2,2,2,4,0,2,-61.72,-69.91,-68.75,-12.5,3,"Brazil","Pernambuco","Lagoa dos Gatos",-8.68610764,-35.8958853996463,16318,"BRA","BR",76,"BRL","2608701","ChIJzzwYT7-qAAcREUgcnCFWyYs",NA,"BRPE2608701",NA,"BRA.17.98_1"
"484fe392",2020-11-28,376,6,NA,NA,NA,NA,NA,NA,NA,NA,3,1,1,-3,1,1,2,4,2,2,2,4,0,2,-61.72,-69.91,-68.75,-12.5,3,"Brazil","Pernambuco","Lagoa dos Gatos",-8.68610764,-35.8958853996463,16318,"BRA","BR",76,"BRL","2608701","ChIJzzwYT7-qAAcREUgcnCFWyYs",NA,"BRPE2608701",NA,"BRA.17.98_1"
"484fe392",2020-11-29,376,6,NA,NA,NA,NA,NA,NA,NA,NA,3,1,1,-3,1,1,2,4,2,2,2,4,0,2,-61.72,-69.91,-68.75,-12.5,3,"Brazil","Pernambuco","Lagoa dos Gatos",-8.68610764,-35.8958853996463,16318,"BRA","BR",76,"BRL","2608701","ChIJzzwYT7-qAAcREUgcnCFWyYs",NA,"BRPE2608701",NA,"BRA.17.98_1"
"484fe392",2020-11-30,376,6,NA,NA,NA,NA,NA,NA,NA,NA,3,1,1,-3,1,1,2,4,2,2,2,4,0,2,-61.72,-69.91,-68.75,-12.5,3,"Brazil","Pernambuco","Lagoa dos Gatos",-8.68610764,-35.8958853996463,16318,"BRA","BR",76,"BRL","2608701","ChIJzzwYT7-qAAcREUgcnCFWyYs",NA,"BRPE2608701",NA,"BRA.17.98_1"
"484fe392",2020-12-01,376,6,NA,NA,NA,NA,NA,NA,NA,NA,3,1,1,-3,1,1,2,4,2,2,2,4,0,2,-61.72,-69.91,-68.75,-12.5,3,"Brazil","Pernambuco","Lagoa dos Gatos",-8.68610764,-35.8958853996463,16318,"BRA","BR",76,"BRL","2608701","ChIJzzwYT7-qAAcREUgcnCFWyYs",NA,"BRPE2608701",NA,"BRA.17.98_1"
"484fe392",2020-12-02,377,6,NA,NA,NA,NA,NA,NA,NA,NA,3,1,1,-3,1,1,2,4,2,2,2,4,0,2,-61.72,-69.91,-68.75,-12.5,3,"Brazil","Pernambuco","Lagoa dos Gatos",-8.68610764,-35.8958853996463,16318,"BRA","BR",76,"BRL","2608701","ChIJzzwYT7-qAAcREUgcnCFWyYs",NA,"BRPE2608701",NA,"BRA.17.98_1"
"484fe392",2020-12-03,377,6,NA,NA,NA,NA,NA,NA,NA,NA,3,1,1,-3,1,1,2,4,2,2,2,4,0,2,-61.72,-69.91,-68.75,-12.5,3,"Brazil","Pernambuco","Lagoa dos Gatos",-8.68610764,-35.8958853996463,16318,"BRA","BR",76,"BRL","2608701","ChIJzzwYT7-qAAcREUgcnCFWyYs",NA,"BRPE2608701",NA,"BRA.17.98_1"
"484fe392",2020-12-04,377,6,NA,NA,NA,NA,NA,NA,NA,NA,3,1,1,-3,1,1,2,4,2,2,2,4,0,2,-61.72,-69.91,-68.75,-12.5,3,"Brazil","Pernambuco","Lagoa dos Gatos",-8.68610764,-35.8958853996463,16318,"BRA","BR",76,"BRL","2608701","ChIJzzwYT7-qAAcREUgcnCFWyYs",NA,"BRPE2608701",NA,"BRA.17.98_1"
"484fe392",2020-12-05,377,6,NA,NA,NA,NA,NA,NA,NA,NA,3,1,1,-3,1,1,2,4,2,2,2,4,0,2,-61.72,-69.91,-68.75,-12.5,3,"Brazil","Pernambuco","Lagoa dos Gatos",-8.68610764,-35.8958853996463,16318,"BRA","BR",76,"BRL","2608701","ChIJzzwYT7-qAAcREUgcnCFWyYs",NA,"BRPE2608701",NA,"BRA.17.98_1"
"484fe392",2020-12-06,377,6,NA,NA,NA,NA,NA,NA,NA,NA,3,1,1,-3,1,1,2,4,2,2,2,4,0,2,-61.72,-69.91,-68.75,-12.5,3,"Brazil","Pernambuco","Lagoa dos Gatos",-8.68610764,-35.8958853996463,16318,"BRA","BR",76,"BRL","2608701","ChIJzzwYT7-qAAcREUgcnCFWyYs",NA,"BRPE2608701",NA,"BRA.17.98_1"
"484fe392",2020-12-07,377,6,NA,NA,NA,NA,NA,NA,NA,NA,3,1,1,-3,1,1,2,4,2,2,2,4,0,2,-61.72,-69.91,-68.75,-12.5,3,"Brazil","Pernambuco","Lagoa dos Gatos",-8.68610764,-35.8958853996463,16318,"BRA","BR",76,"BRL","2608701","ChIJzzwYT7-qAAcREUgcnCFWyYs",NA,"BRPE2608701",NA,"BRA.17.98_1"
"484fe392",2020-12-08,378,6,NA,NA,NA,NA,NA,NA,NA,NA,3,1,2,-3,1,1,2,4,2,2,2,4,0,2,-64.84,-75.46,-72.32,-12.5,3,"Brazil","Pernambuco","Lagoa dos Gatos",-8.68610764,-35.8958853996463,16318,"BRA","BR",76,"BRL","2608701","ChIJzzwYT7-qAAcREUgcnCFWyYs",NA,"BRPE2608701",NA,"BRA.17.98_1"
"484fe392",2020-12-09,378,6,NA,NA,NA,NA,NA,NA,NA,NA,3,1,2,-3,1,1,2,4,2,2,2,4,0,2,-64.84,-75.46,-72.32,-12.5,3,"Brazil","Pernambuco","Lagoa dos Gatos",-8.68610764,-35.8958853996463,16318,"BRA","BR",76,"BRL","2608701","ChIJzzwYT7-qAAcREUgcnCFWyYs",NA,"BRPE2608701",NA,"BRA.17.98_1"
"484fe392",2020-12-10,378,6,NA,NA,NA,NA,NA,NA,NA,NA,3,1,2,-3,1,1,2,4,2,2,2,4,0,2,-64.84,-75.46,-72.32,-12.5,3,"Brazil","Pernambuco","Lagoa dos Gatos",-8.68610764,-35.8958853996463,16318,"BRA","BR",76,"BRL","2608701","ChIJzzwYT7-qAAcREUgcnCFWyYs",NA,"BRPE2608701",NA,"BRA.17.98_1"
"484fe392",2020-12-11,378,6,NA,NA,NA,NA,NA,NA,NA,NA,3,1,2,-3,1,1,2,4,2,2,2,4,0,2,-64.84,-75.46,-72.32,-12.5,3,"Brazil","Pernambuco","Lagoa dos Gatos",-8.68610764,-35.8958853996463,16318,"BRA","BR",76,"BRL","2608701","ChIJzzwYT7-qAAcREUgcnCFWyYs",NA,"BRPE2608701",NA,"BRA.17.98_1"
"484fe392",2020-12-12,378,6,NA,NA,NA,NA,NA,NA,NA,NA,3,1,2,-3,1,1,2,4,2,2,2,4,0,2,-64.84,-75.46,-72.32,-12.5,3,"Brazil","Pernambuco","Lagoa dos Gatos",-8.68610764,-35.8958853996463,16318,"BRA","BR",76,"BRL","2608701","ChIJzzwYT7-qAAcREUgcnCFWyYs",NA,"BRPE2608701",NA,"BRA.17.98_1"
"484fe392",2020-12-13,378,6,NA,NA,NA,NA,NA,NA,NA,NA,3,1,2,-3,1,1,2,4,2,2,2,4,0,2,-64.84,-75.46,-72.32,-12.5,3,"Brazil","Pernambuco","Lagoa dos Gatos",-8.68610764,-35.8958853996463,16318,"BRA","BR",76,"BRL","2608701","ChIJzzwYT7-qAAcREUgcnCFWyYs",NA,"BRPE2608701",NA,"BRA.17.98_1"
"484fe392",2020-12-14,378,6,NA,NA,NA,NA,NA,NA,NA,NA,3,1,2,-3,1,1,2,4,2,2,2,4,0,2,-64.84,-75.46,-72.32,-12.5,3,"Brazil","Pernambuco","Lagoa dos Gatos",-8.68610764,-35.8958853996463,16318,"BRA","BR",76,"BRL","2608701","ChIJzzwYT7-qAAcREUgcnCFWyYs",NA,"BRPE2608701",NA,"BRA.17.98_1"
"484fe392",2020-12-15,378,6,NA,NA,NA,NA,NA,NA,NA,NA,3,1,2,-3,1,1,2,4,2,2,2,4,0,2,-64.84,-75.46,-72.32,-12.5,3,"Brazil","Pernambuco","Lagoa dos Gatos",-8.68610764,-35.8958853996463,16318,"BRA","BR",76,"BRL","2608701","ChIJzzwYT7-qAAcREUgcnCFWyYs",NA,"BRPE2608701",NA,"BRA.17.98_1"
"484fe392",2020-12-16,378,6,NA,NA,NA,NA,NA,NA,NA,NA,3,1,2,-3,1,1,2,4,2,2,2,4,0,2,-64.84,-75.46,-72.32,-12.5,3,"Brazil","Pernambuco","Lagoa dos Gatos",-8.68610764,-35.8958853996463,16318,"BRA","BR",76,"BRL","2608701","ChIJzzwYT7-qAAcREUgcnCFWyYs",NA,"BRPE2608701",NA,"BRA.17.98_1"
"484fe392",2020-12-17,378,6,NA,NA,NA,NA,NA,NA,NA,NA,3,1,2,-3,1,1,2,4,2,2,2,4,0,2,-64.84,-75.46,-72.32,-12.5,3,"Brazil","Pernambuco","Lagoa dos Gatos",-8.68610764,-35.8958853996463,16318,"BRA","BR",76,"BRL","2608701","ChIJzzwYT7-qAAcREUgcnCFWyYs",NA,"BRPE2608701",NA,"BRA.17.98_1"
"484fe392",2020-12-18,378,6,NA,NA,NA,NA,NA,NA,NA,NA,3,1,2,-3,1,1,2,4,2,2,2,4,0,2,-64.84,-75.46,-72.32,-12.5,3,"Brazil","Pernambuco","Lagoa dos Gatos",-8.68610764,-35.8958853996463,16318,"BRA","BR",76,"BRL","2608701","ChIJzzwYT7-qAAcREUgcnCFWyYs",NA,"BRPE2608701",NA,"BRA.17.98_1"
"484fe392",2020-12-19,378,6,NA,NA,NA,NA,NA,NA,NA,NA,3,1,2,-3,1,1,2,4,2,2,2,4,0,2,-64.84,-75.46,-72.32,-12.5,3,"Brazil","Pernambuco","Lagoa dos Gatos",-8.68610764,-35.8958853996463,16318,"BRA","BR",76,"BRL","2608701","ChIJzzwYT7-qAAcREUgcnCFWyYs",NA,"BRPE2608701",NA,"BRA.17.98_1"
"484fe392",2020-12-20,378,6,NA,NA,NA,NA,NA,NA,NA,NA,3,1,2,-3,1,1,2,4,2,2,2,4,0,2,-64.84,-75.46,-72.32,-12.5,3,"Brazil","Pernambuco","Lagoa dos Gatos",-8.68610764,-35.8958853996463,16318,"BRA","BR",76,"BRL","2608701","ChIJzzwYT7-qAAcREUgcnCFWyYs",NA,"BRPE2608701",NA,"BRA.17.98_1"
"484fe392",2020-12-21,378,6,NA,NA,NA,NA,NA,NA,NA,NA,3,1,2,-3,1,1,2,4,2,2,2,4,0,2,-64.84,-75.46,-72.32,-12.5,3,"Brazil","Pernambuco","Lagoa dos Gatos",-8.68610764,-35.8958853996463,16318,"BRA","BR",76,"BRL","2608701","ChIJzzwYT7-qAAcREUgcnCFWyYs",NA,"BRPE2608701",NA,"BRA.17.98_1"
"484fe392",2020-12-22,378,6,NA,NA,NA,NA,NA,NA,NA,NA,3,1,2,-3,1,1,2,4,2,2,2,4,0,2,-64.84,-75.46,-72.32,-12.5,3,"Brazil","Pernambuco","Lagoa dos Gatos",-8.68610764,-35.8958853996463,16318,"BRA","BR",76,"BRL","2608701","ChIJzzwYT7-qAAcREUgcnCFWyYs",NA,"BRPE2608701",NA,"BRA.17.98_1"
"484fe392",2020-12-23,378,6,NA,NA,NA,NA,NA,NA,NA,NA,3,1,2,-3,1,1,2,3,2,2,2,4,0,2,-63.28,-72.69,-70.54,-12.5,3,"Brazil","Pernambuco","Lagoa dos Gatos",-8.68610764,-35.8958853996463,16318,"BRA","BR",76,"BRL","2608701","ChIJzzwYT7-qAAcREUgcnCFWyYs",NA,"BRPE2608701",NA,"BRA.17.98_1"
"484fe392",2020-12-24,378,6,NA,NA,NA,NA,NA,NA,NA,NA,3,1,2,-3,1,1,2,3,2,2,2,4,0,2,-63.28,-72.69,-70.54,-12.5,3,"Brazil","Pernambuco","Lagoa dos Gatos",-8.68610764,-35.8958853996463,16318,"BRA","BR",76,"BRL","2608701","ChIJzzwYT7-qAAcREUgcnCFWyYs",NA,"BRPE2608701",NA,"BRA.17.98_1"
"484fe392",2020-12-25,378,6,NA,NA,NA,NA,NA,NA,NA,NA,3,1,2,-3,1,1,2,3,2,2,2,4,0,2,-63.28,-72.69,-70.54,-12.5,3,"Brazil","Pernambuco","Lagoa dos Gatos",-8.68610764,-35.8958853996463,16318,"BRA","BR",76,"BRL","2608701","ChIJzzwYT7-qAAcREUgcnCFWyYs",NA,"BRPE2608701",NA,"BRA.17.98_1"
"484fe392",2020-12-26,378,6,NA,NA,NA,NA,NA,NA,NA,NA,3,1,2,-3,1,1,2,3,2,2,2,4,0,2,-63.28,-72.69,-70.54,-12.5,3,"Brazil","Pernambuco","Lagoa dos Gatos",-8.68610764,-35.8958853996463,16318,"BRA","BR",76,"BRL","2608701","ChIJzzwYT7-qAAcREUgcnCFWyYs",NA,"BRPE2608701",NA,"BRA.17.98_1"
"484fe392",2020-12-27,378,6,NA,NA,NA,NA,NA,NA,NA,NA,3,1,2,-3,1,1,2,3,2,2,2,4,0,2,-63.28,-72.69,-70.54,-12.5,3,"Brazil","Pernambuco","Lagoa dos Gatos",-8.68610764,-35.8958853996463,16318,"BRA","BR",76,"BRL","2608701","ChIJzzwYT7-qAAcREUgcnCFWyYs",NA,"BRPE2608701",NA,"BRA.17.98_1"
"484fe392",2020-12-28,378,6,NA,NA,NA,NA,NA,NA,NA,NA,3,1,2,-3,1,1,2,3,2,2,2,4,0,2,-63.28,-72.69,-70.54,-12.5,3,"Brazil","Pernambuco","Lagoa dos Gatos",-8.68610764,-35.8958853996463,16318,"BRA","BR",76,"BRL","2608701","ChIJzzwYT7-qAAcREUgcnCFWyYs",NA,"BRPE2608701",NA,"BRA.17.98_1"
"484fe392",2020-12-29,378,6,NA,NA,NA,NA,NA,NA,NA,NA,3,1,2,-3,1,1,2,3,2,2,2,4,0,2,-61.72,-72.69,-70.54,0,3,"Brazil","Pernambuco","Lagoa dos Gatos",-8.68610764,-35.8958853996463,16318,"BRA","BR",76,"BRL","2608701","ChIJzzwYT7-qAAcREUgcnCFWyYs",NA,"BRPE2608701",NA,"BRA.17.98_1"
"484fe392",2020-12-30,378,6,NA,NA,NA,NA,NA,NA,NA,NA,3,1,2,-3,1,1,2,3,2,2,2,4,0,2,-61.72,-72.69,-70.54,0,3,"Brazil","Pernambuco","Lagoa dos Gatos",-8.68610764,-35.8958853996463,16318,"BRA","BR",76,"BRL","2608701","ChIJzzwYT7-qAAcREUgcnCFWyYs",NA,"BRPE2608701",NA,"BRA.17.98_1"
"484fe392",2020-12-31,378,6,NA,NA,NA,NA,NA,NA,NA,NA,3,-2,2,-3,1,1,2,3,2,2,2,4,0,2,-62.76,-74.54,-71.73,0,3,"Brazil","Pernambuco","Lagoa dos Gatos",-8.68610764,-35.8958853996463,16318,"BRA","BR",76,"BRL","2608701","ChIJzzwYT7-qAAcREUgcnCFWyYs",NA,"BRPE2608701",NA,"BRA.17.98_1"
"484fe392",2021-01-01,378,6,NA,NA,NA,NA,NA,NA,NA,NA,3,1,2,-3,1,1,2,3,2,2,2,4,0,2,-61.72,-72.69,-70.54,0,3,"Brazil","Pernambuco","Lagoa dos Gatos",-8.68610764,-35.8958853996463,16318,"BRA","BR",76,"BRL","2608701","ChIJzzwYT7-qAAcREUgcnCFWyYs",NA,"BRPE2608701",NA,"BRA.17.98_1"
"484fe392",2021-01-02,378,6,NA,NA,NA,NA,NA,NA,NA,NA,3,1,2,-3,1,1,2,3,2,2,2,4,0,2,-61.72,-72.69,-70.54,0,3,"Brazil","Pernambuco","Lagoa dos Gatos",-8.68610764,-35.8958853996463,16318,"BRA","BR",76,"BRL","2608701","ChIJzzwYT7-qAAcREUgcnCFWyYs",NA,"BRPE2608701",NA,"BRA.17.98_1"
"484fe392",2021-01-03,378,6,NA,NA,NA,NA,NA,NA,NA,NA,3,1,2,-3,1,1,2,3,2,2,2,4,0,2,-61.72,-72.69,-70.54,0,3,"Brazil","Pernambuco","Lagoa dos Gatos",-8.68610764,-35.8958853996463,16318,"BRA","BR",76,"BRL","2608701","ChIJzzwYT7-qAAcREUgcnCFWyYs",NA,"BRPE2608701",NA,"BRA.17.98_1"
"484fe392",2021-01-04,378,6,NA,NA,NA,NA,NA,NA,NA,NA,-3,1,2,-3,1,1,2,3,2,2,2,4,0,2,-60.68,-70.83,-69.35,0,3,"Brazil","Pernambuco","Lagoa dos Gatos",-8.68610764,-35.8958853996463,16318,"BRA","BR",76,"BRL","2608701","ChIJzzwYT7-qAAcREUgcnCFWyYs",NA,"BRPE2608701",NA,"BRA.17.98_1"
"484fe392",2021-01-05,378,6,NA,NA,NA,NA,NA,NA,NA,NA,-3,1,2,-3,1,1,2,3,2,2,2,4,0,2,-60.68,-70.83,-69.35,0,3,"Brazil","Pernambuco","Lagoa dos Gatos",-8.68610764,-35.8958853996463,16318,"BRA","BR",76,"BRL","2608701","ChIJzzwYT7-qAAcREUgcnCFWyYs",NA,"BRPE2608701",NA,"BRA.17.98_1"
"484fe392",2021-01-06,378,6,NA,NA,NA,NA,NA,NA,NA,NA,-3,1,2,-3,1,1,2,3,2,2,2,4,0,2,-60.68,-70.83,-69.35,0,3,"Brazil","Pernambuco","Lagoa dos Gatos",-8.68610764,-35.8958853996463,16318,"BRA","BR",76,"BRL","2608701","ChIJzzwYT7-qAAcREUgcnCFWyYs",NA,"BRPE2608701",NA,"BRA.17.98_1"
"484fe392",2021-01-07,378,6,NA,NA,NA,NA,NA,NA,NA,NA,-3,1,2,-3,1,1,2,3,2,2,2,4,0,2,-60.68,-70.83,-69.35,0,3,"Brazil","Pernambuco","Lagoa dos Gatos",-8.68610764,-35.8958853996463,16318,"BRA","BR",76,"BRL","2608701","ChIJzzwYT7-qAAcREUgcnCFWyYs",NA,"BRPE2608701",NA,"BRA.17.98_1"
"484fe392",2021-01-08,378,6,NA,NA,NA,NA,NA,NA,NA,NA,-3,1,2,-3,1,1,2,3,2,2,2,4,0,2,-60.68,-70.83,-69.35,0,3,"Brazil","Pernambuco","Lagoa dos Gatos",-8.68610764,-35.8958853996463,16318,"BRA","BR",76,"BRL","2608701","ChIJzzwYT7-qAAcREUgcnCFWyYs",NA,"BRPE2608701",NA,"BRA.17.98_1"
"484fe392",2021-01-09,382,6,NA,NA,NA,NA,NA,NA,NA,NA,-3,1,2,-3,1,1,2,3,2,2,2,4,0,2,-60.68,-70.83,-69.35,0,3,"Brazil","Pernambuco","Lagoa dos Gatos",-8.68610764,-35.8958853996463,16318,"BRA","BR",76,"BRL","2608701","ChIJzzwYT7-qAAcREUgcnCFWyYs",NA,"BRPE2608701",NA,"BRA.17.98_1"
"484fe392",2021-01-10,382,6,NA,NA,NA,NA,NA,NA,NA,NA,-3,1,2,-3,1,1,2,3,2,2,2,4,0,2,-60.68,-70.83,-69.35,0,3,"Brazil","Pernambuco","Lagoa dos Gatos",-8.68610764,-35.8958853996463,16318,"BRA","BR",76,"BRL","2608701","ChIJzzwYT7-qAAcREUgcnCFWyYs",NA,"BRPE2608701",NA,"BRA.17.98_1"
"484fe392",2021-01-11,382,6,NA,NA,NA,NA,NA,NA,NA,NA,-3,1,2,-3,1,1,2,3,2,2,2,4,0,2,-60.68,-70.83,-69.35,0,3,"Brazil","Pernambuco","Lagoa dos Gatos",-8.68610764,-35.8958853996463,16318,"BRA","BR",76,"BRL","2608701","ChIJzzwYT7-qAAcREUgcnCFWyYs",NA,"BRPE2608701",NA,"BRA.17.98_1"
"484fe392",2021-01-12,382,6,NA,NA,NA,NA,NA,NA,NA,NA,-3,1,2,-3,1,1,2,3,2,2,2,4,0,2,-60.68,-70.83,-69.35,0,3,"Brazil","Pernambuco","Lagoa dos Gatos",-8.68610764,-35.8958853996463,16318,"BRA","BR",76,"BRL","2608701","ChIJzzwYT7-qAAcREUgcnCFWyYs",NA,"BRPE2608701",NA,"BRA.17.98_1"
"484fe392",2021-01-13,382,6,NA,NA,NA,NA,NA,NA,NA,NA,-3,1,2,-3,1,1,2,3,2,2,2,4,0,2,-60.68,-70.83,-69.35,0,3,"Brazil","Pernambuco","Lagoa dos Gatos",-8.68610764,-35.8958853996463,16318,"BRA","BR",76,"BRL","2608701","ChIJzzwYT7-qAAcREUgcnCFWyYs",NA,"BRPE2608701",NA,"BRA.17.98_1"
"484fe392",2021-01-14,382,6,NA,NA,NA,NA,NA,NA,NA,NA,-3,1,2,-3,1,1,2,3,2,2,2,4,0,2,-60.68,-70.83,-69.35,0,3,"Brazil","Pernambuco","Lagoa dos Gatos",-8.68610764,-35.8958853996463,16318,"BRA","BR",76,"BRL","2608701","ChIJzzwYT7-qAAcREUgcnCFWyYs",NA,"BRPE2608701",NA,"BRA.17.98_1"
"484fe392",2021-01-15,389,6,NA,NA,NA,NA,NA,NA,NA,NA,-3,1,2,-3,1,1,2,3,2,2,2,4,0,2,-60.68,-70.83,-69.35,0,3,"Brazil","Pernambuco","Lagoa dos Gatos",-8.68610764,-35.8958853996463,16318,"BRA","BR",76,"BRL","2608701","ChIJzzwYT7-qAAcREUgcnCFWyYs",NA,"BRPE2608701",NA,"BRA.17.98_1"
"484fe392",2021-01-16,389,6,NA,NA,NA,NA,NA,NA,NA,NA,-3,1,2,-3,1,1,2,3,2,2,2,4,0,2,-60.68,-70.83,-69.35,0,3,"Brazil","Pernambuco","Lagoa dos Gatos",-8.68610764,-35.8958853996463,16318,"BRA","BR",76,"BRL","2608701","ChIJzzwYT7-qAAcREUgcnCFWyYs",NA,"BRPE2608701",NA,"BRA.17.98_1"
"484fe392",2021-01-17,389,6,NA,NA,NA,NA,NA,NA,NA,NA,-3,1,2,-3,1,1,2,3,2,2,2,4,0,2,-60.68,-70.83,-69.35,0,3,"Brazil","Pernambuco","Lagoa dos Gatos",-8.68610764,-35.8958853996463,16318,"BRA","BR",76,"BRL","2608701","ChIJzzwYT7-qAAcREUgcnCFWyYs",NA,"BRPE2608701",NA,"BRA.17.98_1"
"484fe392",2021-01-18,389,6,NA,NA,1,1,0,NA,NA,NA,-3,1,2,-3,1,1,2,3,2,2,2,4,3,2,-63.8,-70.83,-72.92,0,3,"Brazil","Pernambuco","Lagoa dos Gatos",-8.68610764,-35.8958853996463,16318,"BRA","BR",76,"BRL","2608701","ChIJzzwYT7-qAAcREUgcnCFWyYs",NA,"BRPE2608701",NA,"BRA.17.98_1"
"484fe392",2021-01-19,389,6,NA,NA,NA,NA,NA,NA,NA,NA,-3,1,2,-3,1,1,2,3,2,2,2,4,3,2,-63.8,-70.83,-72.92,0,3,"Brazil","Pernambuco","Lagoa dos Gatos",-8.68610764,-35.8958853996463,16318,"BRA","BR",76,"BRL","2608701","ChIJzzwYT7-qAAcREUgcnCFWyYs",NA,"BRPE2608701",NA,"BRA.17.98_1"
"484fe392",2021-01-20,389,6,NA,NA,17,17,0,NA,NA,NA,-3,1,2,-3,1,1,2,3,2,2,2,4,3,2,-63.8,-70.83,-72.92,0,3,"Brazil","Pernambuco","Lagoa dos Gatos",-8.68610764,-35.8958853996463,16318,"BRA","BR",76,"BRL","2608701","ChIJzzwYT7-qAAcREUgcnCFWyYs",NA,"BRPE2608701",NA,"BRA.17.98_1"
"484fe392",2021-01-21,389,6,NA,NA,32,31,1,NA,NA,NA,-3,1,2,-3,1,1,2,3,2,2,2,4,3,2,-63.8,-70.83,-72.92,0,3,"Brazil","Pernambuco","Lagoa dos Gatos",-8.68610764,-35.8958853996463,16318,"BRA","BR",76,"BRL","2608701","ChIJzzwYT7-qAAcREUgcnCFWyYs",NA,"BRPE2608701",NA,"BRA.17.98_1"
"484fe392",2021-01-22,389,6,NA,NA,43,41,2,NA,NA,NA,-3,1,2,-3,1,1,2,3,2,2,2,4,3,2,-63.8,-70.83,-72.92,0,3,"Brazil","Pernambuco","Lagoa dos Gatos",-8.68610764,-35.8958853996463,16318,"BRA","BR",76,"BRL","2608701","ChIJzzwYT7-qAAcREUgcnCFWyYs",NA,"BRPE2608701",NA,"BRA.17.98_1"
"484fe392",2021-01-23,390,6,NA,NA,48,46,2,NA,NA,NA,-3,1,2,-3,1,1,2,3,2,2,2,4,3,2,-63.8,-70.83,-72.92,0,3,"Brazil","Pernambuco","Lagoa dos Gatos",-8.68610764,-35.8958853996463,16318,"BRA","BR",76,"BRL","2608701","ChIJzzwYT7-qAAcREUgcnCFWyYs",NA,"BRPE2608701",NA,"BRA.17.98_1"
"484fe392",2021-01-24,390,6,NA,NA,59,50,9,NA,NA,NA,-3,1,2,-3,1,1,2,3,2,2,2,4,3,2,-63.8,-70.83,-72.92,0,3,"Brazil","Pernambuco","Lagoa dos Gatos",-8.68610764,-35.8958853996463,16318,"BRA","BR",76,"BRL","2608701","ChIJzzwYT7-qAAcREUgcnCFWyYs",NA,"BRPE2608701",NA,"BRA.17.98_1"
"484fe392",2021-01-25,390,6,NA,NA,66,57,9,NA,NA,NA,-3,1,2,-3,1,1,2,3,2,2,2,4,3,2,-63.8,-70.83,-72.92,0,3,"Brazil","Pernambuco","Lagoa dos Gatos",-8.68610764,-35.8958853996463,16318,"BRA","BR",76,"BRL","2608701","ChIJzzwYT7-qAAcREUgcnCFWyYs",NA,"BRPE2608701",NA,"BRA.17.98_1"
"484fe392",2021-01-26,390,6,NA,NA,NA,NA,NA,NA,NA,NA,-3,1,2,-3,1,1,2,3,2,2,2,4,3,2,-63.8,-70.83,-72.92,0,3,"Brazil","Pernambuco","Lagoa dos Gatos",-8.68610764,-35.8958853996463,16318,"BRA","BR",76,"BRL","2608701","ChIJzzwYT7-qAAcREUgcnCFWyYs",NA,"BRPE2608701",NA,"BRA.17.98_1"
"484fe392",2021-01-27,390,6,NA,NA,78,69,9,NA,NA,NA,-3,1,2,-3,1,1,2,3,2,2,2,4,3,2,-63.8,-70.83,-72.92,0,3,"Brazil","Pernambuco","Lagoa dos Gatos",-8.68610764,-35.8958853996463,16318,"BRA","BR",76,"BRL","2608701","ChIJzzwYT7-qAAcREUgcnCFWyYs",NA,"BRPE2608701",NA,"BRA.17.98_1"
"484fe392",2021-01-28,390,6,NA,NA,79,70,9,NA,NA,NA,-3,1,2,-3,1,1,2,3,2,2,2,4,3,2,-63.8,-70.83,-72.92,0,3,"Brazil","Pernambuco","Lagoa dos Gatos",-8.68610764,-35.8958853996463,16318,"BRA","BR",76,"BRL","2608701","ChIJzzwYT7-qAAcREUgcnCFWyYs",NA,"BRPE2608701",NA,"BRA.17.98_1"
"484fe392",2021-01-29,398,6,NA,NA,80,71,9,NA,NA,NA,-3,1,2,-3,1,1,2,3,2,2,2,4,3,2,-63.8,-70.83,-72.92,0,3,"Brazil","Pernambuco","Lagoa dos Gatos",-8.68610764,-35.8958853996463,16318,"BRA","BR",76,"BRL","2608701","ChIJzzwYT7-qAAcREUgcnCFWyYs",NA,"BRPE2608701",NA,"BRA.17.98_1"
"484fe392",2021-01-30,398,6,NA,NA,NA,NA,NA,NA,NA,NA,-3,1,2,-3,1,1,2,3,2,2,2,4,3,2,-63.8,-70.83,-72.92,0,3,"Brazil","Pernambuco","Lagoa dos Gatos",-8.68610764,-35.8958853996463,16318,"BRA","BR",76,"BRL","2608701","ChIJzzwYT7-qAAcREUgcnCFWyYs",NA,"BRPE2608701",NA,"BRA.17.98_1"
"484fe392",2021-01-31,398,6,NA,NA,NA,NA,NA,NA,NA,NA,-3,1,2,-3,1,1,2,3,2,2,2,4,3,2,-63.8,-70.83,-72.92,0,3,"Brazil","Pernambuco","Lagoa dos Gatos",-8.68610764,-35.8958853996463,16318,"BRA","BR",76,"BRL","2608701","ChIJzzwYT7-qAAcREUgcnCFWyYs",NA,"BRPE2608701",NA,"BRA.17.98_1"
"484fe392",2021-02-01,398,6,NA,NA,95,86,9,NA,NA,NA,-3,1,2,-3,1,1,2,3,2,2,2,4,3,2,-63.8,-70.83,-72.92,0,3,"Brazil","Pernambuco","Lagoa dos Gatos",-8.68610764,-35.8958853996463,16318,"BRA","BR",76,"BRL","2608701","ChIJzzwYT7-qAAcREUgcnCFWyYs",NA,"BRPE2608701",NA,"BRA.17.98_1"
"484fe392",2021-02-02,398,6,NA,NA,NA,NA,NA,NA,NA,NA,-3,1,2,-3,1,1,2,3,2,2,2,4,3,2,-63.8,-70.83,-72.92,0,3,"Brazil","Pernambuco","Lagoa dos Gatos",-8.68610764,-35.8958853996463,16318,"BRA","BR",76,"BRL","2608701","ChIJzzwYT7-qAAcREUgcnCFWyYs",NA,"BRPE2608701",NA,"BRA.17.98_1"
"484fe392",2021-02-03,398,6,NA,NA,107,98,9,NA,NA,NA,-3,1,2,-3,1,1,2,3,2,2,2,4,3,2,-63.8,-70.83,-72.92,0,3,"Brazil","Pernambuco","Lagoa dos Gatos",-8.68610764,-35.8958853996463,16318,"BRA","BR",76,"BRL","2608701","ChIJzzwYT7-qAAcREUgcnCFWyYs",NA,"BRPE2608701",NA,"BRA.17.98_1"
"484fe392",2021-02-04,398,6,NA,NA,136,126,10,NA,NA,NA,-3,1,2,-3,1,1,2,3,2,2,2,4,3,2,-63.8,-70.83,-72.92,0,3,"Brazil","Pernambuco","Lagoa dos Gatos",-8.68610764,-35.8958853996463,16318,"BRA","BR",76,"BRL","2608701","ChIJzzwYT7-qAAcREUgcnCFWyYs",NA,"BRPE2608701",NA,"BRA.17.98_1"
"484fe392",2021-02-05,398,6,NA,NA,140,130,10,NA,NA,NA,-3,1,2,-3,1,1,2,3,2,2,2,4,3,2,-63.8,-70.83,-72.92,0,3,"Brazil","Pernambuco","Lagoa dos Gatos",-8.68610764,-35.8958853996463,16318,"BRA","BR",76,"BRL","2608701","ChIJzzwYT7-qAAcREUgcnCFWyYs",NA,"BRPE2608701",NA,"BRA.17.98_1"
"484fe392",2021-02-06,398,6,NA,NA,142,132,10,NA,NA,NA,-3,1,2,-3,1,1,2,3,2,2,2,4,3,2,-63.8,-70.83,-72.92,0,3,"Brazil","Pernambuco","Lagoa dos Gatos",-8.68610764,-35.8958853996463,16318,"BRA","BR",76,"BRL","2608701","ChIJzzwYT7-qAAcREUgcnCFWyYs",NA,"BRPE2608701",NA,"BRA.17.98_1"
"484fe392",2021-02-07,398,6,NA,NA,NA,NA,NA,NA,NA,NA,-3,1,2,-3,1,1,2,3,2,2,2,4,3,2,-63.8,-70.83,-72.92,0,3,"Brazil","Pernambuco","Lagoa dos Gatos",-8.68610764,-35.8958853996463,16318,"BRA","BR",76,"BRL","2608701","ChIJzzwYT7-qAAcREUgcnCFWyYs",NA,"BRPE2608701",NA,"BRA.17.98_1"
"484fe392",2021-02-08,398,6,NA,NA,155,145,10,NA,NA,NA,-3,1,2,-3,1,1,2,3,2,2,2,4,3,2,-63.8,-70.83,-72.92,0,3,"Brazil","Pernambuco","Lagoa dos Gatos",-8.68610764,-35.8958853996463,16318,"BRA","BR",76,"BRL","2608701","ChIJzzwYT7-qAAcREUgcnCFWyYs",NA,"BRPE2608701",NA,"BRA.17.98_1"
"484fe392",2021-02-09,398,6,NA,NA,NA,NA,NA,NA,NA,NA,-3,1,2,-3,1,1,2,3,2,2,2,4,3,2,-63.8,-70.83,-72.92,0,3,"Brazil","Pernambuco","Lagoa dos Gatos",-8.68610764,-35.8958853996463,16318,"BRA","BR",76,"BRL","2608701","ChIJzzwYT7-qAAcREUgcnCFWyYs",NA,"BRPE2608701",NA,"BRA.17.98_1"
"484fe392",2021-02-10,398,6,NA,NA,188,176,12,NA,NA,NA,-3,1,2,-3,1,1,2,3,2,2,2,4,3,2,-63.8,-70.83,-72.92,0,3,"Brazil","Pernambuco","Lagoa dos Gatos",-8.68610764,-35.8958853996463,16318,"BRA","BR",76,"BRL","2608701","ChIJzzwYT7-qAAcREUgcnCFWyYs",NA,"BRPE2608701",NA,"BRA.17.98_1"
"484fe392",2021-02-11,398,6,NA,NA,222,210,12,NA,NA,NA,-3,1,2,-3,1,1,2,3,2,2,2,4,3,2,-63.8,-70.83,-72.92,0,3,"Brazil","Pernambuco","Lagoa dos Gatos",-8.68610764,-35.8958853996463,16318,"BRA","BR",76,"BRL","2608701","ChIJzzwYT7-qAAcREUgcnCFWyYs",NA,"BRPE2608701",NA,"BRA.17.98_1"
"484fe392",2021-02-12,398,6,NA,NA,253,241,12,NA,NA,NA,-3,-2,2,-3,1,1,2,3,2,2,2,4,3,2,-64.84,-72.69,-74.11,0,3,"Brazil","Pernambuco","Lagoa dos Gatos",-8.68610764,-35.8958853996463,16318,"BRA","BR",76,"BRL","2608701","ChIJzzwYT7-qAAcREUgcnCFWyYs",NA,"BRPE2608701",NA,"BRA.17.98_1"
"484fe392",2021-02-13,398,6,NA,NA,NA,NA,NA,NA,NA,NA,-3,-2,2,-3,1,1,2,3,2,2,2,4,3,2,-64.84,-72.69,-74.11,0,3,"Brazil","Pernambuco","Lagoa dos Gatos",-8.68610764,-35.8958853996463,16318,"BRA","BR",76,"BRL","2608701","ChIJzzwYT7-qAAcREUgcnCFWyYs",NA,"BRPE2608701",NA,"BRA.17.98_1"
"484fe392",2021-02-14,398,6,NA,NA,NA,NA,NA,NA,NA,NA,-3,-2,2,-3,1,1,2,3,2,2,2,4,3,2,-64.84,-72.69,-74.11,0,3,"Brazil","Pernambuco","Lagoa dos Gatos",-8.68610764,-35.8958853996463,16318,"BRA","BR",76,"BRL","2608701","ChIJzzwYT7-qAAcREUgcnCFWyYs",NA,"BRPE2608701",NA,"BRA.17.98_1"
"484fe392",2021-02-15,398,6,NA,NA,268,256,12,NA,NA,NA,-3,1,2,-3,1,1,2,3,2,2,2,4,3,2,-63.8,-70.83,-72.92,0,3,"Brazil","Pernambuco","Lagoa dos Gatos",-8.68610764,-35.8958853996463,16318,"BRA","BR",76,"BRL","2608701","ChIJzzwYT7-qAAcREUgcnCFWyYs",NA,"BRPE2608701",NA,"BRA.17.98_1"
"484fe392",2021-02-16,398,6,NA,NA,289,265,24,NA,NA,NA,-3,1,2,-3,1,1,2,3,2,2,2,4,3,2,-63.8,-70.83,-72.92,0,3,"Brazil","Pernambuco","Lagoa dos Gatos",-8.68610764,-35.8958853996463,16318,"BRA","BR",76,"BRL","2608701","ChIJzzwYT7-qAAcREUgcnCFWyYs",NA,"BRPE2608701",NA,"BRA.17.98_1"
"484fe392",2021-02-17,398,6,NA,NA,302,265,37,NA,NA,NA,-3,1,2,-3,1,1,2,3,2,2,2,4,3,2,-63.8,-70.83,-72.92,0,3,"Brazil","Pernambuco","Lagoa dos Gatos",-8.68610764,-35.8958853996463,16318,"BRA","BR",76,"BRL","2608701","ChIJzzwYT7-qAAcREUgcnCFWyYs",NA,"BRPE2608701",NA,"BRA.17.98_1"
"484fe392",2021-02-18,398,6,NA,NA,311,265,46,NA,NA,NA,-3,1,2,-3,1,1,2,3,2,2,2,4,3,2,-63.8,-70.83,-72.92,0,3,"Brazil","Pernambuco","Lagoa dos Gatos",-8.68610764,-35.8958853996463,16318,"BRA","BR",76,"BRL","2608701","ChIJzzwYT7-qAAcREUgcnCFWyYs",NA,"BRPE2608701",NA,"BRA.17.98_1"
"484fe392",2021-02-19,398,6,NA,NA,314,267,47,NA,NA,NA,-3,1,2,-3,1,1,2,3,2,2,2,4,3,2,-63.8,-70.83,-72.92,0,3,"Brazil","Pernambuco","Lagoa dos Gatos",-8.68610764,-35.8958853996463,16318,"BRA","BR",76,"BRL","2608701","ChIJzzwYT7-qAAcREUgcnCFWyYs",NA,"BRPE2608701",NA,"BRA.17.98_1"
"484fe392",2021-02-20,398,6,NA,NA,315,267,48,NA,NA,NA,-3,1,2,-3,1,1,2,3,2,2,2,4,3,2,-63.8,-70.83,-72.92,0,3,"Brazil","Pernambuco","Lagoa dos Gatos",-8.68610764,-35.8958853996463,16318,"BRA","BR",76,"BRL","2608701","ChIJzzwYT7-qAAcREUgcnCFWyYs",NA,"BRPE2608701",NA,"BRA.17.98_1"
"484fe392",2021-02-21,398,6,NA,NA,NA,NA,NA,NA,NA,NA,-3,1,2,-3,1,1,2,3,2,2,2,4,3,2,-63.8,-70.83,-72.92,0,3,"Brazil","Pernambuco","Lagoa dos Gatos",-8.68610764,-35.8958853996463,16318,"BRA","BR",76,"BRL","2608701","ChIJzzwYT7-qAAcREUgcnCFWyYs",NA,"BRPE2608701",NA,"BRA.17.98_1"
"484fe392",2021-02-22,398,6,NA,NA,356,273,83,NA,NA,NA,-3,1,2,-3,1,1,2,3,2,2,2,4,3,2,-63.8,-70.83,-72.92,0,3,"Brazil","Pernambuco","Lagoa dos Gatos",-8.68610764,-35.8958853996463,16318,"BRA","BR",76,"BRL","2608701","ChIJzzwYT7-qAAcREUgcnCFWyYs",NA,"BRPE2608701",NA,"BRA.17.98_1"
"484fe392",2021-02-23,398,6,NA,NA,362,274,88,NA,NA,NA,-3,1,2,-3,1,1,2,3,2,2,2,4,3,2,-63.8,-70.83,-72.92,0,3,"Brazil","Pernambuco","Lagoa dos Gatos",-8.68610764,-35.8958853996463,16318,"BRA","BR",76,"BRL","2608701","ChIJzzwYT7-qAAcREUgcnCFWyYs",NA,"BRPE2608701",NA,"BRA.17.98_1"
"484fe392",2021-02-24,398,6,NA,NA,374,275,99,NA,NA,NA,-3,-1,2,-3,1,1,2,3,2,2,2,4,3,2,-62.76,-68.98,-71.73,0,3,"Brazil","Pernambuco","Lagoa dos Gatos",-8.68610764,-35.8958853996463,16318,"BRA","BR",76,"BRL","2608701","ChIJzzwYT7-qAAcREUgcnCFWyYs",NA,"BRPE2608701",NA,"BRA.17.98_1"
"484fe392",2021-02-25,398,6,NA,NA,399,297,102,NA,NA,NA,-3,-1,2,-3,1,1,2,3,2,2,2,4,3,2,-62.76,-68.98,-71.73,0,3,"Brazil","Pernambuco","Lagoa dos Gatos",-8.68610764,-35.8958853996463,16318,"BRA","BR",76,"BRL","2608701","ChIJzzwYT7-qAAcREUgcnCFWyYs",NA,"BRPE2608701",NA,"BRA.17.98_1"
"484fe392",2021-02-26,398,6,NA,NA,414,310,104,NA,NA,NA,-3,-1,2,-3,1,1,2,3,2,2,2,4,3,2,-62.76,-68.98,-71.73,0,3,"Brazil","Pernambuco","Lagoa dos Gatos",-8.68610764,-35.8958853996463,16318,"BRA","BR",76,"BRL","2608701","ChIJzzwYT7-qAAcREUgcnCFWyYs",NA,"BRPE2608701",NA,"BRA.17.98_1"
"484fe392",2021-02-27,398,6,NA,NA,NA,NA,NA,NA,NA,NA,-3,-2,2,-3,1,1,2,3,2,2,2,4,3,2,-66.41,-72.69,-74.11,-12.5,3,"Brazil","Pernambuco","Lagoa dos Gatos",-8.68610764,-35.8958853996463,16318,"BRA","BR",76,"BRL","2608701","ChIJzzwYT7-qAAcREUgcnCFWyYs",NA,"BRPE2608701",NA,"BRA.17.98_1"
"484fe392",2021-02-28,398,6,NA,NA,416,312,104,NA,NA,NA,-3,-2,2,-3,1,1,2,3,2,2,2,4,3,2,-66.41,-72.69,-74.11,-12.5,3,"Brazil","Pernambuco","Lagoa dos Gatos",-8.68610764,-35.8958853996463,16318,"BRA","BR",76,"BRL","2608701","ChIJzzwYT7-qAAcREUgcnCFWyYs",NA,"BRPE2608701",NA,"BRA.17.98_1"
"484fe392",2021-03-01,398,6,NA,NA,470,330,140,NA,NA,NA,-3,-2,2,-3,1,1,2,3,2,2,2,4,3,2,-66.41,-72.69,-74.11,-12.5,3,"Brazil","Pernambuco","Lagoa dos Gatos",-8.68610764,-35.8958853996463,16318,"BRA","BR",76,"BRL","2608701","ChIJzzwYT7-qAAcREUgcnCFWyYs",NA,"BRPE2608701",NA,"BRA.17.98_1"
"484fe392",2021-03-02,400,6,NA,NA,478,338,140,NA,NA,NA,-3,-2,2,-3,1,1,2,3,2,2,2,4,3,2,-66.41,-72.69,-74.11,-12.5,3,"Brazil","Pernambuco","Lagoa dos Gatos",-8.68610764,-35.8958853996463,16318,"BRA","BR",76,"BRL","2608701","ChIJzzwYT7-qAAcREUgcnCFWyYs",NA,"BRPE2608701",NA,"BRA.17.98_1"
"484fe392",2021-03-03,400,6,NA,NA,504,361,143,NA,NA,NA,-3,-2,2,4,1,1,2,3,2,2,2,4,3,2,-68.75,-76.85,-76.79,-12.5,3,"Brazil","Pernambuco","Lagoa dos Gatos",-8.68610764,-35.8958853996463,16318,"BRA","BR",76,"BRL","2608701","ChIJzzwYT7-qAAcREUgcnCFWyYs",NA,"BRPE2608701",NA,"BRA.17.98_1"
"484fe392",2021-03-04,400,6,NA,NA,543,398,145,NA,NA,NA,-3,-2,2,4,1,1,2,3,2,2,2,4,3,2,-68.75,-76.85,-76.79,-12.5,3,"Brazil","Pernambuco","Lagoa dos Gatos",-8.68610764,-35.8958853996463,16318,"BRA","BR",76,"BRL","2608701","ChIJzzwYT7-qAAcREUgcnCFWyYs",NA,"BRPE2608701",NA,"BRA.17.98_1"
"484fe392",2021-03-05,401,6,NA,NA,545,398,147,NA,NA,NA,-3,-2,2,4,1,1,2,3,2,2,2,4,3,2,-68.75,-76.85,-76.79,-12.5,3,"Brazil","Pernambuco","Lagoa dos Gatos",-8.68610764,-35.8958853996463,16318,"BRA","BR",76,"BRL","2608701","ChIJzzwYT7-qAAcREUgcnCFWyYs",NA,"BRPE2608701",NA,"BRA.17.98_1"
"484fe392",2021-03-06,416,6,NA,NA,NA,NA,NA,NA,NA,NA,-3,-2,2,4,1,1,2,3,2,2,2,4,3,2,-68.75,-76.85,-76.79,-12.5,3,"Brazil","Pernambuco","Lagoa dos Gatos",-8.68610764,-35.8958853996463,16318,"BRA","BR",76,"BRL","2608701","ChIJzzwYT7-qAAcREUgcnCFWyYs",NA,"BRPE2608701",NA,"BRA.17.98_1"
"484fe392",2021-03-07,416,6,NA,NA,NA,NA,NA,NA,NA,NA,-3,-2,2,4,1,1,2,3,2,2,2,4,3,2,-68.75,-76.85,-76.79,-12.5,3,"Brazil","Pernambuco","Lagoa dos Gatos",-8.68610764,-35.8958853996463,16318,"BRA","BR",76,"BRL","2608701","ChIJzzwYT7-qAAcREUgcnCFWyYs",NA,"BRPE2608701",NA,"BRA.17.98_1"
"484fe392",2021-03-08,416,6,NA,NA,555,405,150,NA,NA,NA,-3,-2,2,4,1,1,2,3,2,2,2,4,3,2,-68.75,-76.85,-76.79,-12.5,3,"Brazil","Pernambuco","Lagoa dos Gatos",-8.68610764,-35.8958853996463,16318,"BRA","BR",76,"BRL","2608701","ChIJzzwYT7-qAAcREUgcnCFWyYs",NA,"BRPE2608701",NA,"BRA.17.98_1"
"484fe392",2021-03-09,416,6,NA,NA,566,412,154,NA,NA,NA,-3,-2,2,4,1,1,2,3,2,2,2,4,3,2,-68.75,-76.85,-76.79,-12.5,3,"Brazil","Pernambuco","Lagoa dos Gatos",-8.68610764,-35.8958853996463,16318,"BRA","BR",76,"BRL","2608701","ChIJzzwYT7-qAAcREUgcnCFWyYs",NA,"BRPE2608701",NA,"BRA.17.98_1"
"484fe392",2021-03-10,416,6,NA,NA,605,450,155,NA,NA,NA,-3,-2,2,4,1,1,2,3,2,2,2,4,3,2,-68.75,-76.85,-76.79,-12.5,3,"Brazil","Pernambuco","Lagoa dos Gatos",-8.68610764,-35.8958853996463,16318,"BRA","BR",76,"BRL","2608701","ChIJzzwYT7-qAAcREUgcnCFWyYs",NA,"BRPE2608701",NA,"BRA.17.98_1"
"484fe392",2021-03-11,416,6,NA,NA,658,499,159,NA,NA,NA,-3,-2,2,4,1,1,2,3,2,2,2,4,3,2,-68.75,-76.85,-76.79,-12.5,3,"Brazil","Pernambuco","Lagoa dos Gatos",-8.68610764,-35.8958853996463,16318,"BRA","BR",76,"BRL","2608701","ChIJzzwYT7-qAAcREUgcnCFWyYs",NA,"BRPE2608701",NA,"BRA.17.98_1"
"484fe392",2021-03-12,416,6,NA,NA,NA,NA,NA,NA,NA,NA,-3,-2,2,4,1,1,2,3,2,2,2,4,3,2,-68.75,-76.85,-76.79,-12.5,3,"Brazil","Pernambuco","Lagoa dos Gatos",-8.68610764,-35.8958853996463,16318,"BRA","BR",76,"BRL","2608701","ChIJzzwYT7-qAAcREUgcnCFWyYs",NA,"BRPE2608701",NA,"BRA.17.98_1"
"484fe392",2021-03-13,428,6,NA,NA,NA,NA,NA,NA,NA,NA,-3,-2,2,4,1,1,2,3,2,2,2,4,3,2,-68.75,-76.85,-76.79,-12.5,3,"Brazil","Pernambuco","Lagoa dos Gatos",-8.68610764,-35.8958853996463,16318,"BRA","BR",76,"BRL","2608701","ChIJzzwYT7-qAAcREUgcnCFWyYs",NA,"BRPE2608701",NA,"BRA.17.98_1"
"484fe392",2021-03-14,428,6,NA,NA,NA,NA,NA,NA,NA,NA,-3,-2,2,4,1,1,2,3,2,2,2,4,3,2,-68.75,-76.85,-76.79,-12.5,3,"Brazil","Pernambuco","Lagoa dos Gatos",-8.68610764,-35.8958853996463,16318,"BRA","BR",76,"BRL","2608701","ChIJzzwYT7-qAAcREUgcnCFWyYs",NA,"BRPE2608701",NA,"BRA.17.98_1"
"484fe392",2021-03-15,428,6,NA,NA,668,501,167,NA,NA,NA,-3,-2,2,4,1,1,2,3,2,2,2,4,3,2,-68.75,-76.85,-76.79,-12.5,3,"Brazil","Pernambuco","Lagoa dos Gatos",-8.68610764,-35.8958853996463,16318,"BRA","BR",76,"BRL","2608701","ChIJzzwYT7-qAAcREUgcnCFWyYs",NA,"BRPE2608701",NA,"BRA.17.98_1"
"484fe392",2021-03-16,431,6,NA,NA,679,508,171,NA,NA,NA,3,2,2,4,1,1,2,3,2,2,2,4,3,2,-70.83,-80.56,-79.17,-12.5,3,"Brazil","Pernambuco","Lagoa dos Gatos",-8.68610764,-35.8958853996463,16318,"BRA","BR",76,"BRL","2608701","ChIJzzwYT7-qAAcREUgcnCFWyYs",NA,"BRPE2608701",NA,"BRA.17.98_1"
"484fe392",2021-03-17,431,6,NA,NA,681,510,171,NA,NA,NA,3,2,2,4,1,1,2,3,2,2,2,4,3,2,-70.83,-80.56,-79.17,-12.5,3,"Brazil","Pernambuco","Lagoa dos Gatos",-8.68610764,-35.8958853996463,16318,"BRA","BR",76,"BRL","2608701","ChIJzzwYT7-qAAcREUgcnCFWyYs",NA,"BRPE2608701",NA,"BRA.17.98_1"
"484fe392",2021-03-18,433,6,NA,NA,702,531,171,NA,NA,NA,3,2,2,4,1,1,2,3,2,2,2,4,3,2,-70.83,-80.56,-79.17,-12.5,3,"Brazil","Pernambuco","Lagoa dos Gatos",-8.68610764,-35.8958853996463,16318,"BRA","BR",76,"BRL","2608701","ChIJzzwYT7-qAAcREUgcnCFWyYs",NA,"BRPE2608701",NA,"BRA.17.98_1"
"484fe392",2021-03-19,433,6,NA,NA,NA,NA,NA,NA,NA,NA,3,2,2,4,1,1,2,3,2,2,2,4,3,2,-70.83,-80.56,-79.17,-12.5,3,"Brazil","Pernambuco","Lagoa dos Gatos",-8.68610764,-35.8958853996463,16318,"BRA","BR",76,"BRL","2608701","ChIJzzwYT7-qAAcREUgcnCFWyYs",NA,"BRPE2608701",NA,"BRA.17.98_1"
"484fe392",2021-03-20,433,6,NA,NA,NA,NA,NA,NA,NA,NA,3,2,2,4,1,1,2,3,2,2,2,4,3,2,-70.83,-80.56,-79.17,-12.5,3,"Brazil","Pernambuco","Lagoa dos Gatos",-8.68610764,-35.8958853996463,16318,"BRA","BR",76,"BRL","2608701","ChIJzzwYT7-qAAcREUgcnCFWyYs",NA,"BRPE2608701",NA,"BRA.17.98_1"
"484fe392",2021-03-21,433,6,NA,NA,703,532,171,NA,NA,NA,3,2,2,4,1,1,2,3,2,2,2,4,3,2,-70.83,-80.56,-79.17,-12.5,3,"Brazil","Pernambuco","Lagoa dos Gatos",-8.68610764,-35.8958853996463,16318,"BRA","BR",76,"BRL","2608701","ChIJzzwYT7-qAAcREUgcnCFWyYs",NA,"BRPE2608701",NA,"BRA.17.98_1"
"484fe392",2021-03-22,433,6,NA,NA,709,532,177,NA,NA,NA,3,2,2,4,1,1,2,3,2,2,2,4,3,2,-70.83,-80.56,-79.17,-12.5,3,"Brazil","Pernambuco","Lagoa dos Gatos",-8.68610764,-35.8958853996463,16318,"BRA","BR",76,"BRL","2608701","ChIJzzwYT7-qAAcREUgcnCFWyYs",NA,"BRPE2608701",NA,"BRA.17.98_1"
"484fe392",2021-03-23,436,6,NA,NA,735,549,186,NA,NA,NA,3,2,2,4,1,1,2,3,2,2,2,4,3,2,-70.83,-80.56,-79.17,-12.5,3,"Brazil","Pernambuco","Lagoa dos Gatos",-8.68610764,-35.8958853996463,16318,"BRA","BR",76,"BRL","2608701","ChIJzzwYT7-qAAcREUgcnCFWyYs",NA,"BRPE2608701",NA,"BRA.17.98_1"
"484fe392",2021-03-24,438,6,NA,NA,917,728,189,NA,NA,NA,3,2,2,4,1,1,2,3,2,2,2,4,3,2,-70.83,-80.56,-79.17,-12.5,3,"Brazil","Pernambuco","Lagoa dos Gatos",-8.68610764,-35.8958853996463,16318,"BRA","BR",76,"BRL","2608701","ChIJzzwYT7-qAAcREUgcnCFWyYs",NA,"BRPE2608701",NA,"BRA.17.98_1"
"484fe392",2021-03-25,438,6,NA,NA,1106,898,208,NA,NA,NA,3,2,2,4,1,1,2,3,2,2,2,4,3,2,-70.83,-80.56,-79.17,-12.5,3,"Brazil","Pernambuco","Lagoa dos Gatos",-8.68610764,-35.8958853996463,16318,"BRA","BR",76,"BRL","2608701","ChIJzzwYT7-qAAcREUgcnCFWyYs",NA,"BRPE2608701",NA,"BRA.17.98_1"
"484fe392",2021-03-26,438,6,NA,NA,1175,966,209,NA,NA,NA,3,2,2,4,1,1,2,3,2,2,2,4,3,2,-70.83,-80.56,-79.17,-12.5,3,"Brazil","Pernambuco","Lagoa dos Gatos",-8.68610764,-35.8958853996463,16318,"BRA","BR",76,"BRL","2608701","ChIJzzwYT7-qAAcREUgcnCFWyYs",NA,"BRPE2608701",NA,"BRA.17.98_1"
"484fe392",2021-03-27,438,6,NA,NA,NA,NA,NA,NA,NA,NA,3,2,2,4,1,1,2,3,2,2,2,4,3,2,-70.83,-80.56,-79.17,-12.5,3,"Brazil","Pernambuco","Lagoa dos Gatos",-8.68610764,-35.8958853996463,16318,"BRA","BR",76,"BRL","2608701","ChIJzzwYT7-qAAcREUgcnCFWyYs",NA,"BRPE2608701",NA,"BRA.17.98_1"
"484fe392",2021-03-28,438,6,NA,NA,1176,967,209,NA,NA,NA,3,2,2,4,1,1,2,3,2,2,2,4,3,2,-70.83,-80.56,-79.17,-12.5,3,"Brazil","Pernambuco","Lagoa dos Gatos",-8.68610764,-35.8958853996463,16318,"BRA","BR",76,"BRL","2608701","ChIJzzwYT7-qAAcREUgcnCFWyYs",NA,"BRPE2608701",NA,"BRA.17.98_1"
"484fe392",2021-03-29,438,6,NA,NA,1328,1119,209,NA,NA,NA,3,2,2,4,1,1,2,3,2,2,2,4,3,2,-70.83,-80.56,-79.17,-12.5,3,"Brazil","Pernambuco","Lagoa dos Gatos",-8.68610764,-35.8958853996463,16318,"BRA","BR",76,"BRL","2608701","ChIJzzwYT7-qAAcREUgcnCFWyYs",NA,"BRPE2608701",NA,"BRA.17.98_1"
"484fe392",2021-03-30,440,6,NA,NA,1394,1184,210,NA,NA,NA,3,2,2,4,1,1,2,3,2,2,2,4,3,2,-70.83,-80.56,-79.17,-12.5,3,"Brazil","Pernambuco","Lagoa dos Gatos",-8.68610764,-35.8958853996463,16318,"BRA","BR",76,"BRL","2608701","ChIJzzwYT7-qAAcREUgcnCFWyYs",NA,"BRPE2608701",NA,"BRA.17.98_1"
"484fe392",2021-03-31,440,6,NA,NA,1425,1215,210,NA,NA,NA,3,-2,2,4,1,1,2,3,2,2,2,4,3,2,-69.79,-78.7,-77.98,-12.5,3,"Brazil","Pernambuco","Lagoa dos Gatos",-8.68610764,-35.8958853996463,16318,"BRA","BR",76,"BRL","2608701","ChIJzzwYT7-qAAcREUgcnCFWyYs",NA,"BRPE2608701",NA,"BRA.17.98_1"
"484fe392",2021-04-01,440,6,NA,NA,1588,1374,214,NA,NA,NA,3,-2,2,4,1,1,2,3,2,2,2,4,3,2,-69.79,-78.7,-77.98,-12.5,3,"Brazil","Pernambuco","Lagoa dos Gatos",-8.68610764,-35.8958853996463,16318,"BRA","BR",76,"BRL","2608701","ChIJzzwYT7-qAAcREUgcnCFWyYs",NA,"BRPE2608701",NA,"BRA.17.98_1"
"484fe392",2021-04-02,440,6,NA,NA,1590,1375,215,NA,NA,NA,3,-2,2,4,1,1,2,3,2,2,2,4,3,2,-69.79,-78.7,-77.98,-12.5,3,"Brazil","Pernambuco","Lagoa dos Gatos",-8.68610764,-35.8958853996463,16318,"BRA","BR",76,"BRL","2608701","ChIJzzwYT7-qAAcREUgcnCFWyYs",NA,"BRPE2608701",NA,"BRA.17.98_1"
"484fe392",2021-04-03,440,6,NA,NA,1594,1378,216,NA,NA,NA,3,-2,2,4,1,1,2,3,2,2,2,4,3,2,-69.79,-78.7,-77.98,-12.5,3,"Brazil","Pernambuco","Lagoa dos Gatos",-8.68610764,-35.8958853996463,16318,"BRA","BR",76,"BRL","2608701","ChIJzzwYT7-qAAcREUgcnCFWyYs",NA,"BRPE2608701",NA,"BRA.17.98_1"
"484fe392",2021-04-04,440,6,NA,NA,1595,1378,217,NA,NA,NA,3,-2,2,4,1,1,2,3,2,2,2,4,3,2,-69.79,-78.7,-77.98,-12.5,3,"Brazil","Pernambuco","Lagoa dos Gatos",-8.68610764,-35.8958853996463,16318,"BRA","BR",76,"BRL","2608701","ChIJzzwYT7-qAAcREUgcnCFWyYs",NA,"BRPE2608701",NA,"BRA.17.98_1"
"484fe392",2021-04-05,440,6,NA,NA,1614,1385,229,NA,NA,NA,-3,-2,2,4,1,1,2,3,2,2,2,4,3,2,-68.75,-76.85,-76.79,-12.5,3,"Brazil","Pernambuco","Lagoa dos Gatos",-8.68610764,-35.8958853996463,16318,"BRA","BR",76,"BRL","2608701","ChIJzzwYT7-qAAcREUgcnCFWyYs",NA,"BRPE2608701",NA,"BRA.17.98_1"
"484fe392",2021-04-06,442,6,NA,NA,1622,1386,236,NA,NA,NA,-3,-2,2,4,1,1,2,3,2,2,2,4,3,2,-68.75,-76.85,-76.79,-12.5,3,"Brazil","Pernambuco","Lagoa dos Gatos",-8.68610764,-35.8958853996463,16318,"BRA","BR",76,"BRL","2608701","ChIJzzwYT7-qAAcREUgcnCFWyYs",NA,"BRPE2608701",NA,"BRA.17.98_1"
"484fe392",2021-04-07,442,6,NA,NA,1647,1401,246,NA,NA,NA,-3,-2,2,4,1,1,2,3,2,2,2,4,3,2,-68.75,-76.85,-76.79,-12.5,3,"Brazil","Pernambuco","Lagoa dos Gatos",-8.68610764,-35.8958853996463,16318,"BRA","BR",76,"BRL","2608701","ChIJzzwYT7-qAAcREUgcnCFWyYs",NA,"BRPE2608701",NA,"BRA.17.98_1"
"484fe392",2021-04-08,442,6,NA,NA,1921,1674,247,NA,NA,NA,-3,-2,2,4,1,1,2,3,2,2,2,4,3,2,-68.75,-76.85,-76.79,-12.5,3,"Brazil","Pernambuco","Lagoa dos Gatos",-8.68610764,-35.8958853996463,16318,"BRA","BR",76,"BRL","2608701","ChIJzzwYT7-qAAcREUgcnCFWyYs",NA,"BRPE2608701",NA,"BRA.17.98_1"
"484fe392",2021-04-09,443,6,NA,NA,1995,1747,248,NA,NA,NA,-3,-2,2,4,1,1,2,3,2,2,2,4,3,2,-68.75,-76.85,-76.79,-12.5,3,"Brazil","Pernambuco","Lagoa dos Gatos",-8.68610764,-35.8958853996463,16318,"BRA","BR",76,"BRL","2608701","ChIJzzwYT7-qAAcREUgcnCFWyYs",NA,"BRPE2608701",NA,"BRA.17.98_1"
"484fe392",2021-04-10,447,6,NA,NA,2000,1752,248,NA,NA,NA,-3,-2,2,4,1,1,2,3,2,2,2,4,3,2,-68.75,-76.85,-76.79,-12.5,3,"Brazil","Pernambuco","Lagoa dos Gatos",-8.68610764,-35.8958853996463,16318,"BRA","BR",76,"BRL","2608701","ChIJzzwYT7-qAAcREUgcnCFWyYs",NA,"BRPE2608701",NA,"BRA.17.98_1"
"484fe392",2021-04-11,447,6,NA,NA,NA,NA,NA,NA,NA,NA,-3,-2,2,4,1,1,2,3,2,2,2,4,3,2,-68.75,-76.85,-76.79,-12.5,3,"Brazil","Pernambuco","Lagoa dos Gatos",-8.68610764,-35.8958853996463,16318,"BRA","BR",76,"BRL","2608701","ChIJzzwYT7-qAAcREUgcnCFWyYs",NA,"BRPE2608701",NA,"BRA.17.98_1"
"484fe392",2021-04-12,448,7,NA,NA,2001,1752,249,NA,NA,NA,-3,-2,2,4,1,1,2,3,2,2,2,4,3,2,-68.75,-76.85,-76.79,-12.5,3,"Brazil","Pernambuco","Lagoa dos Gatos",-8.68610764,-35.8958853996463,16318,"BRA","BR",76,"BRL","2608701","ChIJzzwYT7-qAAcREUgcnCFWyYs",NA,"BRPE2608701",NA,"BRA.17.98_1"
"484fe392",2021-04-13,448,7,NA,NA,2027,1765,262,NA,NA,NA,-3,-2,2,4,1,1,2,3,2,2,2,4,3,2,-68.75,-76.85,-76.79,-12.5,3,"Brazil","Pernambuco","Lagoa dos Gatos",-8.68610764,-35.8958853996463,16318,"BRA","BR",76,"BRL","2608701","ChIJzzwYT7-qAAcREUgcnCFWyYs",NA,"BRPE2608701",NA,"BRA.17.98_1"
"484fe392",2021-04-14,456,7,NA,NA,2063,1772,291,NA,NA,NA,-3,-2,2,4,1,1,2,3,2,2,2,4,3,2,-68.75,-76.85,-76.79,-12.5,3,"Brazil","Pernambuco","Lagoa dos Gatos",-8.68610764,-35.8958853996463,16318,"BRA","BR",76,"BRL","2608701","ChIJzzwYT7-qAAcREUgcnCFWyYs",NA,"BRPE2608701",NA,"BRA.17.98_1"
"484fe392",2021-04-15,457,7,NA,NA,2069,1776,293,NA,NA,NA,-3,-2,2,4,1,1,2,3,2,2,2,4,3,2,-68.75,-76.85,-76.79,-12.5,3,"Brazil","Pernambuco","Lagoa dos Gatos",-8.68610764,-35.8958853996463,16318,"BRA","BR",76,"BRL","2608701","ChIJzzwYT7-qAAcREUgcnCFWyYs",NA,"BRPE2608701",NA,"BRA.17.98_1"
"484fe392",2021-04-16,457,8,NA,NA,NA,NA,NA,NA,NA,NA,-3,-2,2,4,1,1,2,3,2,2,2,4,3,2,-68.75,-76.85,-76.79,-12.5,3,"Brazil","Pernambuco","Lagoa dos Gatos",-8.68610764,-35.8958853996463,16318,"BRA","BR",76,"BRL","2608701","ChIJzzwYT7-qAAcREUgcnCFWyYs",NA,"BRPE2608701",NA,"BRA.17.98_1"
"484fe392",2021-04-17,457,8,NA,NA,NA,NA,NA,NA,NA,NA,-3,-2,2,4,1,1,2,3,2,2,2,4,3,2,-68.75,-76.85,-76.79,-12.5,3,"Brazil","Pernambuco","Lagoa dos Gatos",-8.68610764,-35.8958853996463,16318,"BRA","BR",76,"BRL","2608701","ChIJzzwYT7-qAAcREUgcnCFWyYs",NA,"BRPE2608701",NA,"BRA.17.98_1"
"484fe392",2021-04-18,457,8,NA,NA,NA,NA,NA,NA,NA,NA,-3,-2,2,4,1,1,2,3,2,2,2,4,3,2,-68.75,-76.85,-76.79,-12.5,3,"Brazil","Pernambuco","Lagoa dos Gatos",-8.68610764,-35.8958853996463,16318,"BRA","BR",76,"BRL","2608701","ChIJzzwYT7-qAAcREUgcnCFWyYs",NA,"BRPE2608701",NA,"BRA.17.98_1"
"484fe392",2021-04-19,457,8,NA,NA,NA,NA,NA,NA,NA,NA,-3,-2,2,4,1,1,2,3,2,2,2,4,3,2,-68.75,-76.85,-76.79,-12.5,3,"Brazil","Pernambuco","Lagoa dos Gatos",-8.68610764,-35.8958853996463,16318,"BRA","BR",76,"BRL","2608701","ChIJzzwYT7-qAAcREUgcnCFWyYs",NA,"BRPE2608701",NA,"BRA.17.98_1"
"484fe392",2021-04-20,457,9,NA,NA,2090,1786,304,NA,NA,NA,-3,-2,2,4,1,1,2,3,2,2,2,4,3,2,-68.75,-76.85,-76.79,-12.5,3,"Brazil","Pernambuco","Lagoa dos Gatos",-8.68610764,-35.8958853996463,16318,"BRA","BR",76,"BRL","2608701","ChIJzzwYT7-qAAcREUgcnCFWyYs",NA,"BRPE2608701",NA,"BRA.17.98_1"
"484fe392",2021-04-21,457,9,NA,NA,2329,1823,506,NA,NA,NA,-3,-2,2,4,1,1,2,3,2,2,2,4,3,2,-68.75,-76.85,-76.79,-12.5,3,"Brazil","Pernambuco","Lagoa dos Gatos",-8.68610764,-35.8958853996463,16318,"BRA","BR",76,"BRL","2608701","ChIJzzwYT7-qAAcREUgcnCFWyYs",NA,"BRPE2608701",NA,"BRA.17.98_1"
"484fe392",2021-04-22,457,9,NA,NA,2506,1841,665,NA,NA,NA,-3,-2,2,4,1,1,2,3,2,2,2,4,3,2,-68.75,-76.85,-76.79,-12.5,3,"Brazil","Pernambuco","Lagoa dos Gatos",-8.68610764,-35.8958853996463,16318,"BRA","BR",76,"BRL","2608701","ChIJzzwYT7-qAAcREUgcnCFWyYs",NA,"BRPE2608701",NA,"BRA.17.98_1"
"484fe392",2021-04-23,458,9,NA,NA,2637,1876,761,NA,NA,NA,-3,-2,2,4,1,1,2,3,2,2,2,4,3,2,-68.75,-76.85,-76.79,-12.5,3,"Brazil","Pernambuco","Lagoa dos Gatos",-8.68610764,-35.8958853996463,16318,"BRA","BR",76,"BRL","2608701","ChIJzzwYT7-qAAcREUgcnCFWyYs",NA,"BRPE2608701",NA,"BRA.17.98_1"
"484fe392",2021-04-24,458,9,NA,NA,2639,1878,761,NA,NA,NA,-3,-2,2,4,1,1,2,3,2,2,2,4,3,2,-68.75,-76.85,-76.79,-12.5,3,"Brazil","Pernambuco","Lagoa dos Gatos",-8.68610764,-35.8958853996463,16318,"BRA","BR",76,"BRL","2608701","ChIJzzwYT7-qAAcREUgcnCFWyYs",NA,"BRPE2608701",NA,"BRA.17.98_1"
"484fe392",2021-04-25,458,9,NA,NA,2643,1881,762,NA,NA,NA,-3,-2,2,4,1,1,2,3,2,2,2,4,3,2,-68.75,-76.85,-76.79,-12.5,3,"Brazil","Pernambuco","Lagoa dos Gatos",-8.68610764,-35.8958853996463,16318,"BRA","BR",76,"BRL","2608701","ChIJzzwYT7-qAAcREUgcnCFWyYs",NA,"BRPE2608701",NA,"BRA.17.98_1"
"484fe392",2021-04-26,458,9,NA,NA,2655,1881,774,NA,NA,NA,-3,-2,2,4,1,1,2,3,2,2,2,4,3,2,-68.75,-76.85,-76.79,-12.5,3,"Brazil","Pernambuco","Lagoa dos Gatos",-8.68610764,-35.8958853996463,16318,"BRA","BR",76,"BRL","2608701","ChIJzzwYT7-qAAcREUgcnCFWyYs",NA,"BRPE2608701",NA,"BRA.17.98_1"
"484fe392",2021-04-27,461,9,NA,NA,2726,1902,824,NA,NA,NA,-3,-2,2,4,1,1,2,3,2,2,2,4,3,2,-68.75,-76.85,-76.79,-12.5,3,"Brazil","Pernambuco","Lagoa dos Gatos",-8.68610764,-35.8958853996463,16318,"BRA","BR",76,"BRL","2608701","ChIJzzwYT7-qAAcREUgcnCFWyYs",NA,"BRPE2608701",NA,"BRA.17.98_1"
"484fe392",2021-04-28,461,9,NA,NA,2813,1904,909,NA,NA,NA,-3,-2,2,4,1,1,2,3,2,2,2,4,3,2,-68.75,-76.85,-76.79,-12.5,3,"Brazil","Pernambuco","Lagoa dos Gatos",-8.68610764,-35.8958853996463,16318,"BRA","BR",76,"BRL","2608701","ChIJzzwYT7-qAAcREUgcnCFWyYs",NA,"BRPE2608701",NA,"BRA.17.98_1"
"484fe392",2021-04-29,461,9,NA,NA,2844,1910,934,NA,NA,NA,-3,-2,2,4,1,1,2,3,2,2,2,4,3,2,-68.75,-76.85,-76.79,-12.5,3,"Brazil","Pernambuco","Lagoa dos Gatos",-8.68610764,-35.8958853996463,16318,"BRA","BR",76,"BRL","2608701","ChIJzzwYT7-qAAcREUgcnCFWyYs",NA,"BRPE2608701",NA,"BRA.17.98_1"
"484fe392",2021-04-30,461,9,NA,NA,2864,1910,954,NA,NA,NA,-3,-2,2,4,1,1,2,3,2,2,2,4,3,2,-68.75,-76.85,-76.79,-12.5,3,"Brazil","Pernambuco","Lagoa dos Gatos",-8.68610764,-35.8958853996463,16318,"BRA","BR",76,"BRL","2608701","ChIJzzwYT7-qAAcREUgcnCFWyYs",NA,"BRPE2608701",NA,"BRA.17.98_1"
"484fe392",2021-05-01,469,9,NA,NA,2869,1915,954,NA,NA,NA,-3,-2,2,4,1,1,2,3,2,2,2,4,3,2,-68.75,-76.85,-76.79,-12.5,3,"Brazil","Pernambuco","Lagoa dos Gatos",-8.68610764,-35.8958853996463,16318,"BRA","BR",76,"BRL","2608701","ChIJzzwYT7-qAAcREUgcnCFWyYs",NA,"BRPE2608701",NA,"BRA.17.98_1"
"484fe392",2021-05-02,469,9,NA,NA,NA,NA,NA,NA,NA,NA,-3,-2,2,4,1,1,2,3,2,2,0,4,3,2,-62.5,-76.85,-69.64,-12.5,3,"Brazil","Pernambuco","Lagoa dos Gatos",-8.68610764,-35.8958853996463,16318,"BRA","BR",76,"BRL","2608701","ChIJzzwYT7-qAAcREUgcnCFWyYs",NA,"BRPE2608701",NA,"BRA.17.98_1"
"484fe392",2021-05-03,469,9,NA,NA,NA,NA,NA,NA,NA,NA,-3,-2,2,4,1,1,2,3,2,2,0,4,3,2,-62.5,-76.85,-69.64,-12.5,3,"Brazil","Pernambuco","Lagoa dos Gatos",-8.68610764,-35.8958853996463,16318,"BRA","BR",76,"BRL","2608701","ChIJzzwYT7-qAAcREUgcnCFWyYs",NA,"BRPE2608701",NA,"BRA.17.98_1"
"484fe392",2021-05-04,469,9,NA,NA,2875,1917,958,NA,NA,NA,-3,-2,2,4,1,1,2,3,2,2,0,4,3,2,-62.5,-76.85,-69.64,-12.5,3,"Brazil","Pernambuco","Lagoa dos Gatos",-8.68610764,-35.8958853996463,16318,"BRA","BR",76,"BRL","2608701","ChIJzzwYT7-qAAcREUgcnCFWyYs",NA,"BRPE2608701",NA,"BRA.17.98_1"
"484fe392",2021-05-05,469,9,NA,NA,2923,1928,995,NA,NA,NA,-3,-2,2,4,1,1,2,3,2,2,0,4,3,2,-62.5,-76.85,-69.64,-12.5,3,"Brazil","Pernambuco","Lagoa dos Gatos",-8.68610764,-35.8958853996463,16318,"BRA","BR",76,"BRL","2608701","ChIJzzwYT7-qAAcREUgcnCFWyYs",NA,"BRPE2608701",NA,"BRA.17.98_1"
"484fe392",2021-05-06,469,9,NA,NA,3259,1955,1304,NA,NA,NA,-3,-2,2,4,1,1,2,3,2,2,0,4,3,2,-62.5,-76.85,-69.64,-12.5,3,"Brazil","Pernambuco","Lagoa dos Gatos",-8.68610764,-35.8958853996463,16318,"BRA","BR",76,"BRL","2608701","ChIJzzwYT7-qAAcREUgcnCFWyYs",NA,"BRPE2608701",NA,"BRA.17.98_1"
"484fe392",2021-05-07,469,9,NA,NA,3260,1955,1305,NA,NA,NA,-3,-2,2,4,1,1,2,3,2,2,0,4,3,2,-62.5,-76.85,-69.64,-12.5,3,"Brazil","Pernambuco","Lagoa dos Gatos",-8.68610764,-35.8958853996463,16318,"BRA","BR",76,"BRL","2608701","ChIJzzwYT7-qAAcREUgcnCFWyYs",NA,"BRPE2608701",NA,"BRA.17.98_1"
"484fe392",2021-05-08,469,9,NA,NA,3261,1955,1306,NA,NA,NA,-3,-2,2,4,1,1,2,3,2,2,0,4,3,2,-62.5,-76.85,-69.64,-12.5,3,"Brazil","Pernambuco","Lagoa dos Gatos",-8.68610764,-35.8958853996463,16318,"BRA","BR",76,"BRL","2608701","ChIJzzwYT7-qAAcREUgcnCFWyYs",NA,"BRPE2608701",NA,"BRA.17.98_1"
"484fe392",2021-05-09,469,9,NA,NA,NA,NA,NA,NA,NA,NA,-3,-2,2,4,1,1,2,3,2,2,0,4,3,2,-62.5,-76.85,-69.64,-12.5,3,"Brazil","Pernambuco","Lagoa dos Gatos",-8.68610764,-35.8958853996463,16318,"BRA","BR",76,"BRL","2608701","ChIJzzwYT7-qAAcREUgcnCFWyYs",NA,"BRPE2608701",NA,"BRA.17.98_1"
"484fe392",2021-05-10,472,9,NA,NA,NA,NA,NA,NA,NA,NA,-3,-2,2,4,1,1,2,3,2,2,0,4,3,2,-62.5,-76.85,-69.64,-12.5,3,"Brazil","Pernambuco","Lagoa dos Gatos",-8.68610764,-35.8958853996463,16318,"BRA","BR",76,"BRL","2608701","ChIJzzwYT7-qAAcREUgcnCFWyYs",NA,"BRPE2608701",NA,"BRA.17.98_1"
"484fe392",2021-05-11,472,9,NA,NA,NA,NA,NA,NA,NA,NA,-3,-2,2,4,1,1,2,3,2,2,0,4,3,2,-62.5,-76.85,-69.64,-12.5,3,"Brazil","Pernambuco","Lagoa dos Gatos",-8.68610764,-35.8958853996463,16318,"BRA","BR",76,"BRL","2608701","ChIJzzwYT7-qAAcREUgcnCFWyYs",NA,"BRPE2608701",NA,"BRA.17.98_1"
"484fe392",2021-05-12,476,9,NA,NA,3281,1956,1325,NA,NA,NA,-3,-2,2,4,1,1,2,3,2,2,0,4,3,2,-62.5,-76.85,-69.64,-12.5,3,"Brazil","Pernambuco","Lagoa dos Gatos",-8.68610764,-35.8958853996463,16318,"BRA","BR",76,"BRL","2608701","ChIJzzwYT7-qAAcREUgcnCFWyYs",NA,"BRPE2608701",NA,"BRA.17.98_1"
"484fe392",2021-05-13,476,9,NA,NA,3380,2049,1331,NA,NA,NA,-3,-2,2,4,1,1,2,3,2,2,0,4,3,2,-62.5,-76.85,-69.64,-12.5,3,"Brazil","Pernambuco","Lagoa dos Gatos",-8.68610764,-35.8958853996463,16318,"BRA","BR",76,"BRL","2608701","ChIJzzwYT7-qAAcREUgcnCFWyYs",NA,"BRPE2608701",NA,"BRA.17.98_1"
"484fe392",2021-05-14,486,9,NA,NA,3492,2150,1342,NA,NA,NA,-3,-2,2,4,1,1,2,3,2,2,0,4,3,2,-62.5,-76.85,-69.64,-12.5,3,"Brazil","Pernambuco","Lagoa dos Gatos",-8.68610764,-35.8958853996463,16318,"BRA","BR",76,"BRL","2608701","ChIJzzwYT7-qAAcREUgcnCFWyYs",NA,"BRPE2608701",NA,"BRA.17.98_1"
"484fe392",2021-05-15,486,9,NA,NA,3563,2220,1343,NA,NA,NA,-3,-2,2,4,1,1,2,3,2,2,0,4,3,2,-62.5,-76.85,-69.64,-12.5,3,"Brazil","Pernambuco","Lagoa dos Gatos",-8.68610764,-35.8958853996463,16318,"BRA","BR",76,"BRL","2608701","ChIJzzwYT7-qAAcREUgcnCFWyYs",NA,"BRPE2608701",NA,"BRA.17.98_1"
"484fe392",2021-05-16,486,9,NA,NA,NA,NA,NA,NA,NA,NA,-3,-2,2,4,1,1,2,3,2,2,0,4,3,2,-62.5,-76.85,-69.64,-12.5,3,"Brazil","Pernambuco","Lagoa dos Gatos",-8.68610764,-35.8958853996463,16318,"BRA","BR",76,"BRL","2608701","ChIJzzwYT7-qAAcREUgcnCFWyYs",NA,"BRPE2608701",NA,"BRA.17.98_1"
"484fe392",2021-05-17,486,9,NA,NA,3588,2235,1353,NA,NA,NA,-3,-2,2,4,1,1,2,3,2,2,0,4,3,2,-62.5,-76.85,-69.64,-12.5,3,"Brazil","Pernambuco","Lagoa dos Gatos",-8.68610764,-35.8958853996463,16318,"BRA","BR",76,"BRL","2608701","ChIJzzwYT7-qAAcREUgcnCFWyYs",NA,"BRPE2608701",NA,"BRA.17.98_1"
"484fe392",2021-05-18,486,9,NA,NA,3642,2269,1373,NA,NA,NA,-3,-2,2,4,1,1,2,3,2,2,0,4,3,2,-62.5,-76.85,-69.64,-12.5,3,"Brazil","Pernambuco","Lagoa dos Gatos",-8.68610764,-35.8958853996463,16318,"BRA","BR",76,"BRL","2608701","ChIJzzwYT7-qAAcREUgcnCFWyYs",NA,"BRPE2608701",NA,"BRA.17.98_1"
"484fe392",2021-05-19,512,9,NA,NA,3681,2299,1382,NA,NA,NA,-3,-2,2,4,1,1,2,3,2,2,0,4,3,2,-62.5,-76.85,-69.64,-12.5,3,"Brazil","Pernambuco","Lagoa dos Gatos",-8.68610764,-35.8958853996463,16318,"BRA","BR",76,"BRL","2608701","ChIJzzwYT7-qAAcREUgcnCFWyYs",NA,"BRPE2608701",NA,"BRA.17.98_1"
"484fe392",2021-05-20,514,9,NA,NA,3827,2371,1456,NA,NA,NA,-3,-2,2,4,1,1,2,3,2,2,0,4,3,2,-62.5,-76.85,-69.64,-12.5,3,"Brazil","Pernambuco","Lagoa dos Gatos",-8.68610764,-35.8958853996463,16318,"BRA","BR",76,"BRL","2608701","ChIJzzwYT7-qAAcREUgcnCFWyYs",NA,"BRPE2608701",NA,"BRA.17.98_1"
"484fe392",2021-05-21,530,9,NA,NA,3883,2427,1456,NA,NA,NA,-3,-2,2,4,1,1,2,3,2,2,0,4,3,2,-62.5,-76.85,-69.64,-12.5,3,"Brazil","Pernambuco","Lagoa dos Gatos",-8.68610764,-35.8958853996463,16318,"BRA","BR",76,"BRL","2608701","ChIJzzwYT7-qAAcREUgcnCFWyYs",NA,"BRPE2608701",NA,"BRA.17.98_1"
"484fe392",2021-05-22,534,9,NA,NA,3885,2428,1457,NA,NA,NA,-3,-2,2,4,1,1,2,3,2,2,0,4,3,2,-62.5,-76.85,-69.64,-12.5,3,"Brazil","Pernambuco","Lagoa dos Gatos",-8.68610764,-35.8958853996463,16318,"BRA","BR",76,"BRL","2608701","ChIJzzwYT7-qAAcREUgcnCFWyYs",NA,"BRPE2608701",NA,"BRA.17.98_1"
"484fe392",2021-05-23,534,9,NA,NA,NA,NA,NA,NA,NA,NA,-3,-2,2,4,1,1,2,3,2,2,0,4,3,2,-62.5,-76.85,-69.64,-12.5,3,"Brazil","Pernambuco","Lagoa dos Gatos",-8.68610764,-35.8958853996463,16318,"BRA","BR",76,"BRL","2608701","ChIJzzwYT7-qAAcREUgcnCFWyYs",NA,"BRPE2608701",NA,"BRA.17.98_1"
"484fe392",2021-05-24,534,9,NA,NA,3909,2432,1477,NA,NA,NA,-3,-2,2,4,1,1,2,3,2,2,0,4,3,2,-62.5,-76.85,-69.64,-12.5,3,"Brazil","Pernambuco","Lagoa dos Gatos",-8.68610764,-35.8958853996463,16318,"BRA","BR",76,"BRL","2608701","ChIJzzwYT7-qAAcREUgcnCFWyYs",NA,"BRPE2608701",NA,"BRA.17.98_1"
"484fe392",2021-05-25,544,9,NA,NA,4078,2577,1501,NA,NA,NA,-3,-2,2,4,1,1,2,3,2,2,0,4,3,2,-62.5,-76.85,-69.64,-12.5,3,"Brazil","Pernambuco","Lagoa dos Gatos",-8.68610764,-35.8958853996463,16318,"BRA","BR",76,"BRL","2608701","ChIJzzwYT7-qAAcREUgcnCFWyYs",NA,"BRPE2608701",NA,"BRA.17.98_1"
"484fe392",2021-05-26,546,9,NA,NA,4146,2632,1514,NA,NA,NA,3,-2,2,4,-1,1,-1,3,2,2,0,4,3,2,-57.29,-67.59,-63.69,-12.5,3,"Brazil","Pernambuco","Lagoa dos Gatos",-8.68610764,-35.8958853996463,16318,"BRA","BR",76,"BRL","2608701","ChIJzzwYT7-qAAcREUgcnCFWyYs",NA,"BRPE2608701",NA,"BRA.17.98_1"
"484fe392",2021-05-27,552,9,NA,NA,4299,2769,1530,NA,NA,NA,3,-2,2,4,-1,1,-1,3,2,2,0,4,3,2,-57.29,-67.59,-63.69,-12.5,3,"Brazil","Pernambuco","Lagoa dos Gatos",-8.68610764,-35.8958853996463,16318,"BRA","BR",76,"BRL","2608701","ChIJzzwYT7-qAAcREUgcnCFWyYs",NA,"BRPE2608701",NA,"BRA.17.98_1"
"484fe392",2021-05-28,555,9,NA,NA,4329,2799,1530,NA,NA,NA,3,-2,2,4,-1,1,-1,3,2,2,0,4,4,2,-59.17,-67.59,-65.83,-12.5,3,"Brazil","Pernambuco","Lagoa dos Gatos",-8.68610764,-35.8958853996463,16318,"BRA","BR",76,"BRL","2608701","ChIJzzwYT7-qAAcREUgcnCFWyYs",NA,"BRPE2608701",NA,"BRA.17.98_1"
"484fe392",2021-05-29,555,9,NA,NA,4613,3083,1530,NA,NA,NA,3,-2,2,4,-1,1,-1,3,2,2,0,4,4,2,-59.17,-67.59,-65.83,-12.5,3,"Brazil","Pernambuco","Lagoa dos Gatos",-8.68610764,-35.8958853996463,16318,"BRA","BR",76,"BRL","2608701","ChIJzzwYT7-qAAcREUgcnCFWyYs",NA,"BRPE2608701",NA,"BRA.17.98_1"
"484fe392",2021-05-30,555,9,NA,NA,4614,3083,1531,NA,NA,NA,3,-2,2,4,-1,1,-1,3,2,2,0,4,4,2,-59.17,-67.59,-65.83,-12.5,3,"Brazil","Pernambuco","Lagoa dos Gatos",-8.68610764,-35.8958853996463,16318,"BRA","BR",76,"BRL","2608701","ChIJzzwYT7-qAAcREUgcnCFWyYs",NA,"BRPE2608701",NA,"BRA.17.98_1"
"484fe392",2021-05-31,555,9,NA,NA,NA,NA,NA,NA,NA,NA,3,-2,2,4,-1,1,-1,3,2,2,0,4,4,2,-58.54,-67.59,-65.12,-12.5,3,"Brazil","Pernambuco","Lagoa dos Gatos",-8.68610764,-35.8958853996463,16318,"BRA","BR",76,"BRL","2608701","ChIJzzwYT7-qAAcREUgcnCFWyYs",NA,"BRPE2608701",NA,"BRA.17.98_1"
"484fe392",2021-06-01,555,9,NA,NA,4686,3154,1532,NA,NA,NA,3,-2,2,4,-1,1,-1,3,2,2,0,4,4,2,-58.54,-67.59,-65.12,-12.5,3,"Brazil","Pernambuco","Lagoa dos Gatos",-8.68610764,-35.8958853996463,16318,"BRA","BR",76,"BRL","2608701","ChIJzzwYT7-qAAcREUgcnCFWyYs",NA,"BRPE2608701",NA,"BRA.17.98_1"
"484fe392",2021-06-02,557,9,NA,NA,4723,3184,1539,NA,NA,NA,3,-2,2,4,-1,1,-1,3,2,2,0,4,4,2,-58.54,-67.59,-65.12,-12.5,3,"Brazil","Pernambuco","Lagoa dos Gatos",-8.68610764,-35.8958853996463,16318,"BRA","BR",76,"BRL","2608701","ChIJzzwYT7-qAAcREUgcnCFWyYs",NA,"BRPE2608701",NA,"BRA.17.98_1"
"484fe392",2021-06-03,557,9,NA,NA,4786,3244,1542,NA,NA,NA,3,-2,2,4,-1,1,-1,3,2,2,0,4,4,2,-58.54,-67.59,-65.12,-12.5,3,"Brazil","Pernambuco","Lagoa dos Gatos",-8.68610764,-35.8958853996463,16318,"BRA","BR",76,"BRL","2608701","ChIJzzwYT7-qAAcREUgcnCFWyYs",NA,"BRPE2608701",NA,"BRA.17.98_1"
"484fe392",2021-06-04,557,9,NA,NA,5073,3531,1542,NA,NA,NA,3,-2,2,4,-1,1,-1,3,2,2,0,4,4,2,-58.54,-67.59,-65.12,-12.5,3,"Brazil","Pernambuco","Lagoa dos Gatos",-8.68610764,-35.8958853996463,16318,"BRA","BR",76,"BRL","2608701","ChIJzzwYT7-qAAcREUgcnCFWyYs",NA,"BRPE2608701",NA,"BRA.17.98_1"
"484fe392",2021-06-05,557,9,NA,NA,NA,NA,NA,NA,NA,NA,3,-2,2,4,-1,1,-1,3,2,2,0,4,4,2,-58.54,-67.59,-65.12,-12.5,3,"Brazil","Pernambuco","Lagoa dos Gatos",-8.68610764,-35.8958853996463,16318,"BRA","BR",76,"BRL","2608701","ChIJzzwYT7-qAAcREUgcnCFWyYs",NA,"BRPE2608701",NA,"BRA.17.98_1"
"484fe392",2021-06-06,557,9,NA,NA,NA,NA,NA,NA,NA,NA,3,-2,2,4,-1,1,-1,3,2,2,0,4,4,2,-58.54,-67.59,-65.12,-12.5,3,"Brazil","Pernambuco","Lagoa dos Gatos",-8.68610764,-35.8958853996463,16318,"BRA","BR",76,"BRL","2608701","ChIJzzwYT7-qAAcREUgcnCFWyYs",NA,"BRPE2608701",NA,"BRA.17.98_1"
"484fe392",2021-06-07,573,9,NA,NA,5082,3533,1549,NA,NA,NA,3,-2,2,4,-1,1,-1,3,2,2,0,4,4,2,-58.54,-67.59,-65.12,-12.5,3,"Brazil","Pernambuco","Lagoa dos Gatos",-8.68610764,-35.8958853996463,16318,"BRA","BR",76,"BRL","2608701","ChIJzzwYT7-qAAcREUgcnCFWyYs",NA,"BRPE2608701",NA,"BRA.17.98_1"
"484fe392",2021-06-08,591,9,NA,NA,5136,3577,1559,NA,NA,NA,3,-2,2,4,-1,1,-1,3,2,2,0,4,4,-2,-57.5,-67.59,-63.93,-12.5,3,"Brazil","Pernambuco","Lagoa dos Gatos",-8.68610764,-35.8958853996463,16318,"BRA","BR",76,"BRL","2608701","ChIJzzwYT7-qAAcREUgcnCFWyYs",NA,"BRPE2608701",NA,"BRA.17.98_1"
"484fe392",2021-06-09,593,9,NA,NA,5209,3647,1562,NA,NA,NA,3,-2,2,4,-1,1,-1,3,2,2,0,4,4,-2,-57.5,-67.59,-63.93,-12.5,3,"Brazil","Pernambuco","Lagoa dos Gatos",-8.68610764,-35.8958853996463,16318,"BRA","BR",76,"BRL","2608701","ChIJzzwYT7-qAAcREUgcnCFWyYs",NA,"BRPE2608701",NA,"BRA.17.98_1"
"484fe392",2021-06-10,594,9,NA,NA,5303,3738,1565,NA,NA,NA,3,-2,2,4,-1,1,-1,3,2,2,0,4,4,-2,-57.5,-67.59,-63.93,-12.5,3,"Brazil","Pernambuco","Lagoa dos Gatos",-8.68610764,-35.8958853996463,16318,"BRA","BR",76,"BRL","2608701","ChIJzzwYT7-qAAcREUgcnCFWyYs",NA,"BRPE2608701",NA,"BRA.17.98_1"
"484fe392",2021-06-11,594,9,NA,NA,5316,3748,1568,NA,NA,NA,3,-2,2,4,-1,1,-1,3,2,2,0,4,4,-2,-57.5,-67.59,-63.93,-12.5,3,"Brazil","Pernambuco","Lagoa dos Gatos",-8.68610764,-35.8958853996463,16318,"BRA","BR",76,"BRL","2608701","ChIJzzwYT7-qAAcREUgcnCFWyYs",NA,"BRPE2608701",NA,"BRA.17.98_1"
"484fe392",2021-06-12,594,9,NA,NA,NA,NA,NA,NA,NA,NA,3,-2,2,4,-1,1,-1,3,2,2,0,4,4,-2,-57.5,-67.59,-63.93,-12.5,3,"Brazil","Pernambuco","Lagoa dos Gatos",-8.68610764,-35.8958853996463,16318,"BRA","BR",76,"BRL","2608701","ChIJzzwYT7-qAAcREUgcnCFWyYs",NA,"BRPE2608701",NA,"BRA.17.98_1"
"484fe392",2021-06-13,594,9,NA,NA,NA,NA,NA,NA,NA,NA,3,-2,2,4,-1,1,-1,3,2,2,0,4,4,-2,-57.5,-67.59,-63.93,-12.5,3,"Brazil","Pernambuco","Lagoa dos Gatos",-8.68610764,-35.8958853996463,16318,"BRA","BR",76,"BRL","2608701","ChIJzzwYT7-qAAcREUgcnCFWyYs",NA,"BRPE2608701",NA,"BRA.17.98_1"
"484fe392",2021-06-14,621,9,NA,NA,5486,3787,1699,NA,NA,NA,-3,-2,2,4,-1,1,-1,3,2,2,0,4,4,-2,-56.46,-65.74,-62.74,-12.5,3,"Brazil","Pernambuco","Lagoa dos Gatos",-8.68610764,-35.8958853996463,16318,"BRA","BR",76,"BRL","2608701","ChIJzzwYT7-qAAcREUgcnCFWyYs",NA,"BRPE2608701",NA,"BRA.17.98_1"
"484fe392",2021-06-15,634,9,NA,NA,5546,3843,1703,NA,NA,NA,-3,-2,2,4,-1,1,-1,3,2,2,0,4,4,-2,-56.46,-65.74,-62.74,-12.5,3,"Brazil","Pernambuco","Lagoa dos Gatos",-8.68610764,-35.8958853996463,16318,"BRA","BR",76,"BRL","2608701","ChIJzzwYT7-qAAcREUgcnCFWyYs",NA,"BRPE2608701",NA,"BRA.17.98_1"
"484fe392",2021-06-16,664,9,NA,NA,5552,3849,1703,NA,NA,NA,-3,-2,2,4,-1,1,-1,3,2,2,0,4,4,-2,-56.46,-65.74,-62.74,-12.5,3,"Brazil","Pernambuco","Lagoa dos Gatos",-8.68610764,-35.8958853996463,16318,"BRA","BR",76,"BRL","2608701","ChIJzzwYT7-qAAcREUgcnCFWyYs",NA,"BRPE2608701",NA,"BRA.17.98_1"
"484fe392",2021-06-17,672,9,NA,NA,5575,3872,1703,NA,NA,NA,-3,-2,2,4,-1,1,-1,3,2,2,0,4,4,-2,-56.46,-65.74,-62.74,-12.5,3,"Brazil","Pernambuco","Lagoa dos Gatos",-8.68610764,-35.8958853996463,16318,"BRA","BR",76,"BRL","2608701","ChIJzzwYT7-qAAcREUgcnCFWyYs",NA,"BRPE2608701",NA,"BRA.17.98_1"
"484fe392",2021-06-18,673,9,NA,NA,5637,3929,1708,NA,NA,NA,-3,-2,2,4,-1,1,-1,3,2,2,0,4,4,-2,-56.46,-65.74,-62.74,-12.5,3,"Brazil","Pernambuco","Lagoa dos Gatos",-8.68610764,-35.8958853996463,16318,"BRA","BR",76,"BRL","2608701","ChIJzzwYT7-qAAcREUgcnCFWyYs",NA,"BRPE2608701",NA,"BRA.17.98_1"
"484fe392",2021-06-19,674,9,NA,NA,5947,4237,1710,NA,NA,NA,-3,-2,2,4,-1,1,-1,3,2,2,0,4,4,-2,-56.46,-65.74,-62.74,-12.5,3,"Brazil","Pernambuco","Lagoa dos Gatos",-8.68610764,-35.8958853996463,16318,"BRA","BR",76,"BRL","2608701","ChIJzzwYT7-qAAcREUgcnCFWyYs",NA,"BRPE2608701",NA,"BRA.17.98_1"
"484fe392",2021-06-20,674,9,NA,NA,NA,NA,NA,NA,NA,NA,-3,-2,2,4,-1,1,-1,3,2,2,0,4,4,-2,-56.46,-65.74,-62.74,-12.5,3,"Brazil","Pernambuco","Lagoa dos Gatos",-8.68610764,-35.8958853996463,16318,"BRA","BR",76,"BRL","2608701","ChIJzzwYT7-qAAcREUgcnCFWyYs",NA,"BRPE2608701",NA,"BRA.17.98_1"
"484fe392",2021-06-21,674,9,NA,NA,5993,4283,1710,NA,NA,NA,-3,-2,2,4,-1,1,-1,3,2,2,0,4,4,-2,-56.46,-65.74,-62.74,-12.5,3,"Brazil","Pernambuco","Lagoa dos Gatos",-8.68610764,-35.8958853996463,16318,"BRA","BR",76,"BRL","2608701","ChIJzzwYT7-qAAcREUgcnCFWyYs",NA,"BRPE2608701",NA,"BRA.17.98_1"
"484fe392",2021-06-22,674,9,NA,NA,6097,4382,1715,NA,NA,NA,-3,-2,2,4,-1,1,-1,3,2,2,0,4,4,-2,-56.46,-65.74,-62.74,-12.5,3,"Brazil","Pernambuco","Lagoa dos Gatos",-8.68610764,-35.8958853996463,16318,"BRA","BR",76,"BRL","2608701","ChIJzzwYT7-qAAcREUgcnCFWyYs",NA,"BRPE2608701",NA,"BRA.17.98_1"
"484fe392",2021-06-23,674,9,NA,NA,NA,NA,NA,NA,NA,NA,-3,-2,2,4,-1,1,-1,3,2,2,0,4,4,-2,-56.46,-65.74,-62.74,-12.5,3,"Brazil","Pernambuco","Lagoa dos Gatos",-8.68610764,-35.8958853996463,16318,"BRA","BR",76,"BRL","2608701","ChIJzzwYT7-qAAcREUgcnCFWyYs",NA,"BRPE2608701",NA,"BRA.17.98_1"
"484fe392",2021-06-24,674,9,NA,NA,NA,NA,NA,NA,NA,NA,-3,-2,2,4,-1,1,-1,3,2,2,0,4,4,-2,-56.46,-65.74,-62.74,-12.5,3,"Brazil","Pernambuco","Lagoa dos Gatos",-8.68610764,-35.8958853996463,16318,"BRA","BR",76,"BRL","2608701","ChIJzzwYT7-qAAcREUgcnCFWyYs",NA,"BRPE2608701",NA,"BRA.17.98_1"
"484fe392",2021-06-25,674,9,NA,NA,NA,NA,NA,NA,NA,NA,-3,-2,2,4,-1,1,-1,3,2,2,0,4,4,-2,-56.46,-65.74,-62.74,-12.5,3,"Brazil","Pernambuco","Lagoa dos Gatos",-8.68610764,-35.8958853996463,16318,"BRA","BR",76,"BRL","2608701","ChIJzzwYT7-qAAcREUgcnCFWyYs",NA,"BRPE2608701",NA,"BRA.17.98_1"
"484fe392",2021-06-26,674,9,NA,NA,NA,NA,NA,NA,NA,NA,-3,-2,2,4,-1,1,-1,3,2,2,0,4,4,-2,-56.46,-65.74,-62.74,-12.5,3,"Brazil","Pernambuco","Lagoa dos Gatos",-8.68610764,-35.8958853996463,16318,"BRA","BR",76,"BRL","2608701","ChIJzzwYT7-qAAcREUgcnCFWyYs",NA,"BRPE2608701",NA,"BRA.17.98_1"
"484fe392",2021-06-27,674,9,NA,NA,6098,4383,1715,NA,NA,NA,-3,-2,2,4,-1,1,-1,3,2,2,0,4,4,-2,-56.46,-65.74,-62.74,-12.5,3,"Brazil","Pernambuco","Lagoa dos Gatos",-8.68610764,-35.8958853996463,16318,"BRA","BR",76,"BRL","2608701","ChIJzzwYT7-qAAcREUgcnCFWyYs",NA,"BRPE2608701",NA,"BRA.17.98_1"
"484fe392",2021-06-28,675,9,NA,NA,6107,4392,1715,NA,NA,NA,-3,-2,2,4,-1,1,-1,3,2,2,0,4,4,-2,-56.46,-65.74,-62.74,-12.5,3,"Brazil","Pernambuco","Lagoa dos Gatos",-8.68610764,-35.8958853996463,16318,"BRA","BR",76,"BRL","2608701","ChIJzzwYT7-qAAcREUgcnCFWyYs",NA,"BRPE2608701",NA,"BRA.17.98_1"
"484fe392",2021-06-29,684,9,NA,NA,6134,4415,1719,NA,NA,NA,-3,-2,2,4,-1,1,-1,3,2,2,0,4,4,-2,-56.46,-65.74,-62.74,-12.5,3,"Brazil","Pernambuco","Lagoa dos Gatos",-8.68610764,-35.8958853996463,16318,"BRA","BR",76,"BRL","2608701","ChIJzzwYT7-qAAcREUgcnCFWyYs",NA,"BRPE2608701",NA,"BRA.17.98_1"
"484fe392",2021-06-30,684,10,NA,NA,6169,4450,1719,NA,NA,NA,-3,-2,2,4,-1,1,-1,3,2,2,0,4,4,-2,-56.46,-65.74,-62.74,-12.5,3,"Brazil","Pernambuco","Lagoa dos Gatos",-8.68610764,-35.8958853996463,16318,"BRA","BR",76,"BRL","2608701","ChIJzzwYT7-qAAcREUgcnCFWyYs",NA,"BRPE2608701",NA,"BRA.17.98_1"
"484fe392",2021-07-01,684,10,NA,NA,6339,4462,1877,NA,NA,NA,-3,-2,2,4,-1,1,-1,3,2,2,0,4,4,-2,-56.46,-65.74,-62.74,-12.5,3,"Brazil","Pernambuco","Lagoa dos Gatos",-8.68610764,-35.8958853996463,16318,"BRA","BR",76,"BRL","2608701","ChIJzzwYT7-qAAcREUgcnCFWyYs",NA,"BRPE2608701",NA,"BRA.17.98_1"
"484fe392",2021-07-02,685,10,NA,NA,6340,4462,1878,NA,NA,NA,-3,-2,2,3,-1,-1,-1,3,2,1,0,4,4,-2,-51.77,-61.11,-57.38,-12.5,3,"Brazil","Pernambuco","Lagoa dos Gatos",-8.68610764,-35.8958853996463,16318,"BRA","BR",76,"BRL","2608701","ChIJzzwYT7-qAAcREUgcnCFWyYs",NA,"BRPE2608701",NA,"BRA.17.98_1"
"484fe392",2021-07-03,685,10,NA,NA,6915,5036,1879,NA,NA,NA,-3,-2,2,3,-1,-1,-1,3,2,1,0,4,4,-2,-51.77,-61.11,-57.38,-12.5,3,"Brazil","Pernambuco","Lagoa dos Gatos",-8.68610764,-35.8958853996463,16318,"BRA","BR",76,"BRL","2608701","ChIJzzwYT7-qAAcREUgcnCFWyYs",NA,"BRPE2608701",NA,"BRA.17.98_1"
"484fe392",2021-07-04,685,10,NA,NA,6916,5037,1879,NA,NA,NA,-3,-2,2,3,-1,-1,-1,3,2,1,0,4,4,-2,-51.77,-61.11,-57.38,-12.5,3,"Brazil","Pernambuco","Lagoa dos Gatos",-8.68610764,-35.8958853996463,16318,"BRA","BR",76,"BRL","2608701","ChIJzzwYT7-qAAcREUgcnCFWyYs",NA,"BRPE2608701",NA,"BRA.17.98_1"
"484fe392",2021-07-05,685,10,NA,NA,6929,5049,1880,NA,NA,NA,-2,-2,2,3,-1,0,0,3,2,1,0,4,4,-1,-45,-52.78,-49.64,-12.5,3,"Brazil","Pernambuco","Lagoa dos Gatos",-8.68610764,-35.8958853996463,16318,"BRA","BR",76,"BRL","2608701","ChIJzzwYT7-qAAcREUgcnCFWyYs",NA,"BRPE2608701",NA,"BRA.17.98_1"
"484fe392",2021-07-06,685,10,NA,NA,7115,5232,1884,NA,NA,NA,1,-2,2,3,0,0,0,3,2,1,0,4,4,0,-41.35,-48.15,-45.48,-12.5,3,"Brazil","Pernambuco","Lagoa dos Gatos",-8.68610764,-35.8958853996463,16318,"BRA","BR",76,"BRL","2608701","ChIJzzwYT7-qAAcREUgcnCFWyYs",NA,"BRPE2608701",NA,"BRA.17.98_1"
"484fe392",2021-07-07,686,10,NA,NA,7179,5293,1887,NA,NA,NA,1,-2,2,3,0,0,0,3,2,1,0,4,4,0,-41.35,-48.15,-45.48,-12.5,3,"Brazil","Pernambuco","Lagoa dos Gatos",-8.68610764,-35.8958853996463,16318,"BRA","BR",76,"BRL","2608701","ChIJzzwYT7-qAAcREUgcnCFWyYs",NA,"BRPE2608701",NA,"BRA.17.98_1"
"484fe392",2021-07-08,686,10,NA,NA,7222,5333,1890,NA,NA,NA,1,-2,2,3,0,0,0,3,2,1,0,4,4,0,-41.35,-48.15,-45.48,-12.5,3,"Brazil","Pernambuco","Lagoa dos Gatos",-8.68610764,-35.8958853996463,16318,"BRA","BR",76,"BRL","2608701","ChIJzzwYT7-qAAcREUgcnCFWyYs",NA,"BRPE2608701",NA,"BRA.17.98_1"
"484fe392",2021-07-09,686,10,NA,NA,7227,5333,1895,NA,NA,NA,1,-2,2,3,0,0,0,3,2,1,0,4,4,0,-41.35,-48.15,-45.48,-12.5,3,"Brazil","Pernambuco","Lagoa dos Gatos",-8.68610764,-35.8958853996463,16318,"BRA","BR",76,"BRL","2608701","ChIJzzwYT7-qAAcREUgcnCFWyYs",NA,"BRPE2608701",NA,"BRA.17.98_1"
"484fe392",2021-07-10,686,10,NA,NA,7228,5334,1895,NA,NA,NA,1,-2,2,3,0,0,0,3,2,1,0,4,4,0,-41.35,-48.15,-45.48,-12.5,3,"Brazil","Pernambuco","Lagoa dos Gatos",-8.68610764,-35.8958853996463,16318,"BRA","BR",76,"BRL","2608701","ChIJzzwYT7-qAAcREUgcnCFWyYs",NA,"BRPE2608701",NA,"BRA.17.98_1"
"484fe392",2021-07-11,686,10,NA,NA,NA,NA,NA,NA,NA,NA,1,-2,2,3,0,0,0,3,2,1,0,4,4,0,-41.35,-48.15,-45.48,-12.5,3,"Brazil","Pernambuco","Lagoa dos Gatos",-8.68610764,-35.8958853996463,16318,"BRA","BR",76,"BRL","2608701","ChIJzzwYT7-qAAcREUgcnCFWyYs",NA,"BRPE2608701",NA,"BRA.17.98_1"
"484fe392",2021-07-12,686,10,NA,NA,7333,5439,1991,NA,NA,NA,1,-2,2,3,0,0,0,3,2,1,0,4,4,0,-41.35,-48.15,-45.48,-12.5,3,"Brazil","Pernambuco","Lagoa dos Gatos",-8.68610764,-35.8958853996463,16318,"BRA","BR",76,"BRL","2608701","ChIJzzwYT7-qAAcREUgcnCFWyYs",NA,"BRPE2608701",NA,"BRA.17.98_1"
"484fe392",2021-07-13,686,10,NA,NA,NA,NA,NA,NA,NA,NA,1,-2,2,3,0,0,0,3,2,1,0,4,4,0,-41.35,-48.15,-45.48,-12.5,3,"Brazil","Pernambuco","Lagoa dos Gatos",-8.68610764,-35.8958853996463,16318,"BRA","BR",76,"BRL","2608701","ChIJzzwYT7-qAAcREUgcnCFWyYs",NA,"BRPE2608701",NA,"BRA.17.98_1"
"484fe392",2021-07-14,686,10,NA,NA,7407,5512,1992,NA,NA,NA,1,-2,2,3,0,0,0,3,2,1,0,4,4,0,-41.35,-48.15,-45.48,-12.5,3,"Brazil","Pernambuco","Lagoa dos Gatos",-8.68610764,-35.8958853996463,16318,"BRA","BR",76,"BRL","2608701","ChIJzzwYT7-qAAcREUgcnCFWyYs",NA,"BRPE2608701",NA,"BRA.17.98_1"
"484fe392",2021-07-15,686,10,NA,NA,7511,5594,2014,NA,NA,NA,1,-2,2,3,0,0,0,3,2,1,0,4,4,0,-41.35,-48.15,-45.48,-12.5,3,"Brazil","Pernambuco","Lagoa dos Gatos",-8.68610764,-35.8958853996463,16318,"BRA","BR",76,"BRL","2608701","ChIJzzwYT7-qAAcREUgcnCFWyYs",NA,"BRPE2608701",NA,"BRA.17.98_1"
"484fe392",2021-07-16,686,10,NA,NA,7518,5600,2015,NA,NA,NA,1,-2,2,3,0,0,0,3,2,1,0,4,4,0,-41.35,-48.15,-45.48,-12.5,3,"Brazil","Pernambuco","Lagoa dos Gatos",-8.68610764,-35.8958853996463,16318,"BRA","BR",76,"BRL","2608701","ChIJzzwYT7-qAAcREUgcnCFWyYs",NA,"BRPE2608701",NA,"BRA.17.98_1"
"484fe392",2021-07-17,686,10,NA,NA,7519,5600,2016,NA,NA,NA,1,-2,2,3,0,0,0,3,2,1,0,4,4,0,-41.35,-48.15,-45.48,-12.5,3,"Brazil","Pernambuco","Lagoa dos Gatos",-8.68610764,-35.8958853996463,16318,"BRA","BR",76,"BRL","2608701","ChIJzzwYT7-qAAcREUgcnCFWyYs",NA,"BRPE2608701",NA,"BRA.17.98_1"
"484fe392",2021-07-18,722,10,NA,NA,NA,NA,NA,NA,NA,NA,1,-2,2,3,0,0,0,3,2,1,0,4,4,0,-41.35,-48.15,-45.48,-12.5,3,"Brazil","Pernambuco","Lagoa dos Gatos",-8.68610764,-35.8958853996463,16318,"BRA","BR",76,"BRL","2608701","ChIJzzwYT7-qAAcREUgcnCFWyYs",NA,"BRPE2608701",NA,"BRA.17.98_1"
"484fe392",2021-07-19,722,10,NA,NA,7524,5601,2020,NA,NA,NA,1,-2,2,3,0,0,0,3,2,1,0,4,4,0,-41.35,-48.15,-45.48,-12.5,3,"Brazil","Pernambuco","Lagoa dos Gatos",-8.68610764,-35.8958853996463,16318,"BRA","BR",76,"BRL","2608701","ChIJzzwYT7-qAAcREUgcnCFWyYs",NA,"BRPE2608701",NA,"BRA.17.98_1"
"484fe392",2021-07-20,723,10,NA,NA,7530,5606,2021,NA,NA,NA,1,-2,2,3,0,0,0,3,2,1,0,4,4,0,-41.35,-48.15,-45.48,-12.5,3,"Brazil","Pernambuco","Lagoa dos Gatos",-8.68610764,-35.8958853996463,16318,"BRA","BR",76,"BRL","2608701","ChIJzzwYT7-qAAcREUgcnCFWyYs",NA,"BRPE2608701",NA,"BRA.17.98_1"
"484fe392",2021-07-21,723,10,NA,NA,7666,5725,2038,NA,NA,NA,1,-1,2,3,0,0,0,3,2,1,0,4,4,0,-39.27,-44.44,-43.1,-12.5,3,"Brazil","Pernambuco","Lagoa dos Gatos",-8.68610764,-35.8958853996463,16318,"BRA","BR",76,"BRL","2608701","ChIJzzwYT7-qAAcREUgcnCFWyYs",NA,"BRPE2608701",NA,"BRA.17.98_1"
"484fe392",2021-07-22,723,10,NA,NA,7677,5734,2040,NA,NA,NA,1,-1,2,3,0,0,0,3,2,1,0,4,4,0,-39.27,-44.44,-43.1,-12.5,3,"Brazil","Pernambuco","Lagoa dos Gatos",-8.68610764,-35.8958853996463,16318,"BRA","BR",76,"BRL","2608701","ChIJzzwYT7-qAAcREUgcnCFWyYs",NA,"BRPE2608701",NA,"BRA.17.98_1"
"484fe392",2021-07-23,723,10,NA,NA,7678,5735,2040,NA,NA,NA,1,-1,2,3,0,0,0,3,2,1,0,4,4,0,-39.27,-44.44,-43.1,-12.5,3,"Brazil","Pernambuco","Lagoa dos Gatos",-8.68610764,-35.8958853996463,16318,"BRA","BR",76,"BRL","2608701","ChIJzzwYT7-qAAcREUgcnCFWyYs",NA,"BRPE2608701",NA,"BRA.17.98_1"
"484fe392",2021-07-24,723,10,NA,NA,8689,6742,2044,NA,NA,NA,1,-1,2,3,0,0,0,3,2,1,0,4,4,0,-39.27,-44.44,-43.1,-12.5,3,"Brazil","Pernambuco","Lagoa dos Gatos",-8.68610764,-35.8958853996463,16318,"BRA","BR",76,"BRL","2608701","ChIJzzwYT7-qAAcREUgcnCFWyYs",NA,"BRPE2608701",NA,"BRA.17.98_1"
"484fe392",2021-07-25,723,10,NA,NA,8692,6745,2044,NA,NA,NA,1,-1,2,3,0,0,0,3,2,1,0,4,4,0,-39.27,-44.44,-43.1,-12.5,3,"Brazil","Pernambuco","Lagoa dos Gatos",-8.68610764,-35.8958853996463,16318,"BRA","BR",76,"BRL","2608701","ChIJzzwYT7-qAAcREUgcnCFWyYs",NA,"BRPE2608701",NA,"BRA.17.98_1"
"484fe392",2021-07-26,723,10,NA,NA,NA,NA,NA,NA,NA,NA,1,-1,2,3,0,0,0,3,2,1,0,4,4,0,-39.27,-44.44,-43.1,-12.5,3,"Brazil","Pernambuco","Lagoa dos Gatos",-8.68610764,-35.8958853996463,16318,"BRA","BR",76,"BRL","2608701","ChIJzzwYT7-qAAcREUgcnCFWyYs",NA,"BRPE2608701",NA,"BRA.17.98_1"
"484fe392",2021-07-27,723,10,NA,NA,8698,6751,2044,NA,NA,NA,1,-1,2,3,0,0,0,3,2,1,0,4,4,0,-39.27,-44.44,-43.1,-12.5,3,"Brazil","Pernambuco","Lagoa dos Gatos",-8.68610764,-35.8958853996463,16318,"BRA","BR",76,"BRL","2608701","ChIJzzwYT7-qAAcREUgcnCFWyYs",NA,"BRPE2608701",NA,"BRA.17.98_1"
"484fe392",2021-07-28,723,10,NA,NA,8720,6760,2057,NA,NA,NA,1,-1,2,3,0,0,0,3,2,1,0,4,4,0,-39.27,-44.44,-43.1,-12.5,3,"Brazil","Pernambuco","Lagoa dos Gatos",-8.68610764,-35.8958853996463,16318,"BRA","BR",76,"BRL","2608701","ChIJzzwYT7-qAAcREUgcnCFWyYs",NA,"BRPE2608701",NA,"BRA.17.98_1"
"484fe392",2021-07-29,723,10,NA,NA,9099,6998,2198,NA,NA,NA,1,-1,2,2,0,0,0,3,2,1,0,4,4,0,-37.71,-41.67,-41.31,-12.5,3,"Brazil","Pernambuco","Lagoa dos Gatos",-8.68610764,-35.8958853996463,16318,"BRA","BR",76,"BRL","2608701","ChIJzzwYT7-qAAcREUgcnCFWyYs",NA,"BRPE2608701",NA,"BRA.17.98_1"
"484fe392",2021-07-30,723,10,NA,NA,9221,7031,2287,NA,NA,NA,1,-1,2,2,0,0,0,3,2,1,0,4,4,0,-37.71,-41.67,-41.31,-12.5,3,"Brazil","Pernambuco","Lagoa dos Gatos",-8.68610764,-35.8958853996463,16318,"BRA","BR",76,"BRL","2608701","ChIJzzwYT7-qAAcREUgcnCFWyYs",NA,"BRPE2608701",NA,"BRA.17.98_1"
"484fe392",2021-07-31,723,10,NA,NA,9224,7031,2290,NA,NA,NA,1,-1,2,2,0,0,0,3,2,1,0,4,4,0,-37.71,-41.67,-41.31,-12.5,3,"Brazil","Pernambuco","Lagoa dos Gatos",-8.68610764,-35.8958853996463,16318,"BRA","BR",76,"BRL","2608701","ChIJzzwYT7-qAAcREUgcnCFWyYs",NA,"BRPE2608701",NA,"BRA.17.98_1"
"484fe392",2021-08-01,723,10,NA,NA,9232,7039,2290,NA,NA,NA,1,-1,2,2,0,0,0,3,2,1,0,4,4,0,-37.71,-41.67,-41.31,-12.5,3,"Brazil","Pernambuco","Lagoa dos Gatos",-8.68610764,-35.8958853996463,16318,"BRA","BR",76,"BRL","2608701","ChIJzzwYT7-qAAcREUgcnCFWyYs",NA,"BRPE2608701",NA,"BRA.17.98_1"
"484fe392",2021-08-02,723,10,NA,NA,NA,NA,NA,NA,NA,NA,1,-1,2,2,0,0,0,3,2,1,0,4,4,0,-37.71,-41.67,-41.31,-12.5,3,"Brazil","Pernambuco","Lagoa dos Gatos",-8.68610764,-35.8958853996463,16318,"BRA","BR",76,"BRL","2608701","ChIJzzwYT7-qAAcREUgcnCFWyYs",NA,"BRPE2608701",NA,"BRA.17.98_1"
"484fe392",2021-08-03,724,11,NA,NA,9236,7043,2290,NA,NA,NA,1,1,2,2,0,0,0,3,2,1,0,4,4,0,-38.75,-43.52,-42.5,-12.5,3,"Brazil","Pernambuco","Lagoa dos Gatos",-8.68610764,-35.8958853996463,16318,"BRA","BR",76,"BRL","2608701","ChIJzzwYT7-qAAcREUgcnCFWyYs",NA,"BRPE2608701",NA,"BRA.17.98_1"
"484fe392",2021-08-04,725,11,NA,NA,9288,7078,2307,NA,NA,NA,1,1,2,2,0,0,0,3,2,1,0,4,4,0,-38.75,-43.52,-42.5,-12.5,3,"Brazil","Pernambuco","Lagoa dos Gatos",-8.68610764,-35.8958853996463,16318,"BRA","BR",76,"BRL","2608701","ChIJzzwYT7-qAAcREUgcnCFWyYs",NA,"BRPE2608701",NA,"BRA.17.98_1"
"484fe392",2021-08-05,725,11,NA,NA,9418,7190,2325,NA,NA,NA,1,1,2,2,0,0,0,3,2,1,0,4,4,0,-38.75,-43.52,-42.5,-12.5,3,"Brazil","Pernambuco","Lagoa dos Gatos",-8.68610764,-35.8958853996463,16318,"BRA","BR",76,"BRL","2608701","ChIJzzwYT7-qAAcREUgcnCFWyYs",NA,"BRPE2608701",NA,"BRA.17.98_1"
"484fe392",2021-08-06,725,11,NA,NA,9423,7191,2329,NA,NA,NA,1,1,2,2,0,0,0,3,2,1,0,4,4,0,-38.75,-43.52,-42.5,-12.5,3,"Brazil","Pernambuco","Lagoa dos Gatos",-8.68610764,-35.8958853996463,16318,"BRA","BR",76,"BRL","2608701","ChIJzzwYT7-qAAcREUgcnCFWyYs",NA,"BRPE2608701",NA,"BRA.17.98_1"
"484fe392",2021-08-07,725,11,NA,NA,NA,NA,NA,NA,NA,NA,1,1,2,2,0,0,0,3,2,1,0,4,4,0,-38.75,-43.52,-42.5,-12.5,3,"Brazil","Pernambuco","Lagoa dos Gatos",-8.68610764,-35.8958853996463,16318,"BRA","BR",76,"BRL","2608701","ChIJzzwYT7-qAAcREUgcnCFWyYs",NA,"BRPE2608701",NA,"BRA.17.98_1"
"484fe392",2021-08-08,725,11,NA,NA,NA,NA,NA,NA,NA,NA,1,1,2,2,0,0,0,3,2,1,0,4,4,0,-38.75,-43.52,-42.5,-12.5,3,"Brazil","Pernambuco","Lagoa dos Gatos",-8.68610764,-35.8958853996463,16318,"BRA","BR",76,"BRL","2608701","ChIJzzwYT7-qAAcREUgcnCFWyYs",NA,"BRPE2608701",NA,"BRA.17.98_1"
"484fe392",2021-08-09,725,11,NA,NA,NA,NA,NA,NA,NA,NA,1,1,2,2,0,0,0,3,2,1,0,4,4,0,-38.75,-43.52,-42.5,-12.5,3,"Brazil","Pernambuco","Lagoa dos Gatos",-8.68610764,-35.8958853996463,16318,"BRA","BR",76,"BRL","2608701","ChIJzzwYT7-qAAcREUgcnCFWyYs",NA,"BRPE2608701",NA,"BRA.17.98_1"
"484fe392",2021-08-10,725,11,NA,NA,9566,7233,2430,NA,NA,NA,1,1,2,2,0,0,0,3,2,1,0,4,4,0,-38.75,-43.52,-42.5,-12.5,3,"Brazil","Pernambuco","Lagoa dos Gatos",-8.68610764,-35.8958853996463,16318,"BRA","BR",76,"BRL","2608701","ChIJzzwYT7-qAAcREUgcnCFWyYs",NA,"BRPE2608701",NA,"BRA.17.98_1"
"484fe392",2021-08-11,733,11,NA,NA,9617,7282,2432,NA,NA,NA,1,1,2,2,0,0,0,3,2,1,0,4,4,0,-38.75,-43.52,-42.5,-12.5,3,"Brazil","Pernambuco","Lagoa dos Gatos",-8.68610764,-35.8958853996463,16318,"BRA","BR",76,"BRL","2608701","ChIJzzwYT7-qAAcREUgcnCFWyYs",NA,"BRPE2608701",NA,"BRA.17.98_1"
"484fe392",2021-08-12,746,11,NA,NA,9683,7328,2452,NA,NA,NA,1,1,2,2,0,0,0,3,2,1,0,4,4,0,-38.75,-43.52,-42.5,-12.5,3,"Brazil","Pernambuco","Lagoa dos Gatos",-8.68610764,-35.8958853996463,16318,"BRA","BR",76,"BRL","2608701","ChIJzzwYT7-qAAcREUgcnCFWyYs",NA,"BRPE2608701",NA,"BRA.17.98_1"
"484fe392",2021-08-13,747,11,NA,NA,9697,7329,2465,NA,NA,NA,1,1,2,2,0,0,0,3,2,1,0,4,4,0,-38.75,-43.52,-42.5,-12.5,3,"Brazil","Pernambuco","Lagoa dos Gatos",-8.68610764,-35.8958853996463,16318,"BRA","BR",76,"BRL","2608701","ChIJzzwYT7-qAAcREUgcnCFWyYs",NA,"BRPE2608701",NA,"BRA.17.98_1"
"484fe392",2021-08-14,747,11,NA,NA,NA,NA,NA,NA,NA,NA,1,1,2,2,0,0,0,3,2,1,0,4,4,0,-38.75,-43.52,-42.5,-12.5,3,"Brazil","Pernambuco","Lagoa dos Gatos",-8.68610764,-35.8958853996463,16318,"BRA","BR",76,"BRL","2608701","ChIJzzwYT7-qAAcREUgcnCFWyYs",NA,"BRPE2608701",NA,"BRA.17.98_1"
"484fe392",2021-08-15,747,11,NA,NA,NA,NA,NA,NA,NA,NA,1,1,2,2,0,0,0,3,2,1,0,4,4,0,-38.75,-43.52,-42.5,-12.5,3,"Brazil","Pernambuco","Lagoa dos Gatos",-8.68610764,-35.8958853996463,16318,"BRA","BR",76,"BRL","2608701","ChIJzzwYT7-qAAcREUgcnCFWyYs",NA,"BRPE2608701",NA,"BRA.17.98_1"
"484fe392",2021-08-16,748,11,NA,NA,9698,7329,2466,NA,NA,NA,1,1,2,2,0,0,0,3,2,1,0,4,4,0,-38.75,-43.52,-42.5,-12.5,3,"Brazil","Pernambuco","Lagoa dos Gatos",-8.68610764,-35.8958853996463,16318,"BRA","BR",76,"BRL","2608701","ChIJzzwYT7-qAAcREUgcnCFWyYs",NA,"BRPE2608701",NA,"BRA.17.98_1"
"484fe392",2021-08-17,749,11,NA,NA,9886,7355,2628,NA,NA,NA,1,1,2,2,0,0,0,3,2,1,0,4,4,0,-38.75,-43.52,-42.5,-12.5,3,"Brazil","Pernambuco","Lagoa dos Gatos",-8.68610764,-35.8958853996463,16318,"BRA","BR",76,"BRL","2608701","ChIJzzwYT7-qAAcREUgcnCFWyYs",NA,"BRPE2608701",NA,"BRA.17.98_1"
"484fe392",2021-08-18,749,11,NA,NA,10380,7820,2657,NA,NA,NA,1,1,2,2,0,0,0,3,2,1,0,4,4,0,-38.75,-43.52,-42.5,-12.5,3,"Brazil","Pernambuco","Lagoa dos Gatos",-8.68610764,-35.8958853996463,16318,"BRA","BR",76,"BRL","2608701","ChIJzzwYT7-qAAcREUgcnCFWyYs",NA,"BRPE2608701",NA,"BRA.17.98_1"
"484fe392",2021-08-19,749,11,NA,NA,10498,7825,2775,NA,NA,NA,1,1,2,2,0,0,0,3,2,1,0,4,4,0,-38.75,-43.52,-42.5,-12.5,3,"Brazil","Pernambuco","Lagoa dos Gatos",-8.68610764,-35.8958853996463,16318,"BRA","BR",76,"BRL","2608701","ChIJzzwYT7-qAAcREUgcnCFWyYs",NA,"BRPE2608701",NA,"BRA.17.98_1"
"484fe392",2021-08-20,749,11,NA,NA,10601,7893,2810,NA,NA,NA,1,1,2,2,0,0,0,3,2,1,0,4,4,0,-38.75,-43.52,-42.5,-12.5,3,"Brazil","Pernambuco","Lagoa dos Gatos",-8.68610764,-35.8958853996463,16318,"BRA","BR",76,"BRL","2608701","ChIJzzwYT7-qAAcREUgcnCFWyYs",NA,"BRPE2608701",NA,"BRA.17.98_1"
"484fe392",2021-08-21,749,11,NA,NA,10862,7943,3021,NA,NA,NA,1,1,2,2,0,0,0,3,2,1,0,4,4,0,-38.75,-43.52,-42.5,-12.5,3,"Brazil","Pernambuco","Lagoa dos Gatos",-8.68610764,-35.8958853996463,16318,"BRA","BR",76,"BRL","2608701","ChIJzzwYT7-qAAcREUgcnCFWyYs",NA,"BRPE2608701",NA,"BRA.17.98_1"
"484fe392",2021-08-22,749,11,NA,NA,10863,7943,3022,NA,NA,NA,1,1,2,2,0,0,0,3,2,1,0,4,4,0,-38.75,-43.52,-42.5,-12.5,3,"Brazil","Pernambuco","Lagoa dos Gatos",-8.68610764,-35.8958853996463,16318,"BRA","BR",76,"BRL","2608701","ChIJzzwYT7-qAAcREUgcnCFWyYs",NA,"BRPE2608701",NA,"BRA.17.98_1"
"484fe392",2021-08-23,749,11,NA,NA,11130,8189,3043,NA,NA,NA,1,1,2,2,0,0,0,3,2,1,0,4,4,0,-38.75,-43.52,-42.5,-12.5,3,"Brazil","Pernambuco","Lagoa dos Gatos",-8.68610764,-35.8958853996463,16318,"BRA","BR",76,"BRL","2608701","ChIJzzwYT7-qAAcREUgcnCFWyYs",NA,"BRPE2608701",NA,"BRA.17.98_1"
"484fe392",2021-08-24,749,11,NA,NA,11282,8190,3194,NA,NA,NA,1,1,2,2,0,0,0,3,2,1,0,4,4,0,-38.75,-43.52,-42.5,-12.5,3,"Brazil","Pernambuco","Lagoa dos Gatos",-8.68610764,-35.8958853996463,16318,"BRA","BR",76,"BRL","2608701","ChIJzzwYT7-qAAcREUgcnCFWyYs",NA,"BRPE2608701",NA,"BRA.17.98_1"
"484fe392",2021-08-25,749,11,NA,NA,11582,8260,3424,NA,NA,NA,1,1,2,2,0,0,0,3,2,1,0,4,5,0,-40,-43.52,-43.93,-12.5,3,"Brazil","Pernambuco","Lagoa dos Gatos",-8.68610764,-35.8958853996463,16318,"BRA","BR",76,"BRL","2608701","ChIJzzwYT7-qAAcREUgcnCFWyYs",NA,"BRPE2608701",NA,"BRA.17.98_1"
"484fe392",2021-08-26,749,11,NA,NA,11611,8261,3452,NA,NA,NA,1,1,2,2,0,0,0,3,2,1,0,4,5,0,-40,-43.52,-43.93,-12.5,3,"Brazil","Pernambuco","Lagoa dos Gatos",-8.68610764,-35.8958853996463,16318,"BRA","BR",76,"BRL","2608701","ChIJzzwYT7-qAAcREUgcnCFWyYs",NA,"BRPE2608701",NA,"BRA.17.98_1"
"484fe392",2021-08-27,749,11,NA,NA,11699,8264,3537,NA,NA,NA,1,1,2,0,0,0,0,3,2,1,0,4,5,0,-36.88,-37.96,-40.36,-12.5,3,"Brazil","Pernambuco","Lagoa dos Gatos",-8.68610764,-35.8958853996463,16318,"BRA","BR",76,"BRL","2608701","ChIJzzwYT7-qAAcREUgcnCFWyYs",NA,"BRPE2608701",NA,"BRA.17.98_1"
"484fe392",2021-08-28,749,11,NA,NA,11702,8264,3540,NA,NA,NA,1,1,2,0,0,0,0,3,2,1,0,4,5,0,-36.88,-37.96,-40.36,-12.5,3,"Brazil","Pernambuco","Lagoa dos Gatos",-8.68610764,-35.8958853996463,16318,"BRA","BR",76,"BRL","2608701","ChIJzzwYT7-qAAcREUgcnCFWyYs",NA,"BRPE2608701",NA,"BRA.17.98_1"
"484fe392",2021-08-29,749,11,NA,NA,11703,8264,3541,NA,NA,NA,1,1,2,0,0,0,0,3,2,1,0,4,5,0,-36.88,-37.96,-40.36,-12.5,3,"Brazil","Pernambuco","Lagoa dos Gatos",-8.68610764,-35.8958853996463,16318,"BRA","BR",76,"BRL","2608701","ChIJzzwYT7-qAAcREUgcnCFWyYs",NA,"BRPE2608701",NA,"BRA.17.98_1"
"484fe392",2021-08-30,749,11,NA,NA,11705,8265,3542,NA,NA,NA,1,1,2,-2,0,0,0,3,2,1,0,4,5,0,-39.22,-42.13,-43.04,-12.5,3,"Brazil","Pernambuco","Lagoa dos Gatos",-8.68610764,-35.8958853996463,16318,"BRA","BR",76,"BRL","2608701","ChIJzzwYT7-qAAcREUgcnCFWyYs",NA,"BRPE2608701",NA,"BRA.17.98_1"
"484fe392",2021-08-31,749,11,NA,NA,11835,8348,3589,NA,NA,NA,1,1,2,-2,0,0,0,3,2,1,0,4,5,0,-39.22,-42.13,-43.04,-12.5,3,"Brazil","Pernambuco","Lagoa dos Gatos",-8.68610764,-35.8958853996463,16318,"BRA","BR",76,"BRL","2608701","ChIJzzwYT7-qAAcREUgcnCFWyYs",NA,"BRPE2608701",NA,"BRA.17.98_1"
"484fe392",2021-09-01,749,11,NA,NA,11982,8386,3698,NA,NA,NA,1,1,2,-2,0,0,0,3,2,1,0,4,5,0,-39.22,-42.13,-43.04,-12.5,3,"Brazil","Pernambuco","Lagoa dos Gatos",-8.68610764,-35.8958853996463,16318,"BRA","BR",76,"BRL","2608701","ChIJzzwYT7-qAAcREUgcnCFWyYs",NA,"BRPE2608701",NA,"BRA.17.98_1"
"484fe392",2021-09-02,749,11,NA,NA,12110,8435,3777,NA,NA,NA,1,1,2,-2,0,0,0,3,2,1,0,4,5,0,-39.22,-42.13,-43.04,-12.5,3,"Brazil","Pernambuco","Lagoa dos Gatos",-8.68610764,-35.8958853996463,16318,"BRA","BR",76,"BRL","2608701","ChIJzzwYT7-qAAcREUgcnCFWyYs",NA,"BRPE2608701",NA,"BRA.17.98_1"
"484fe392",2021-09-03,749,11,NA,NA,12216,8461,3857,NA,NA,NA,1,1,2,-2,0,0,0,3,2,1,0,4,5,0,-39.22,-42.13,-43.04,-12.5,3,"Brazil","Pernambuco","Lagoa dos Gatos",-8.68610764,-35.8958853996463,16318,"BRA","BR",76,"BRL","2608701","ChIJzzwYT7-qAAcREUgcnCFWyYs",NA,"BRPE2608701",NA,"BRA.17.98_1"
"484fe392",2021-09-04,749,11,NA,NA,12222,8465,3859,NA,NA,NA,1,1,2,-2,0,0,0,3,2,1,0,4,5,0,-39.22,-42.13,-43.04,-12.5,3,"Brazil","Pernambuco","Lagoa dos Gatos",-8.68610764,-35.8958853996463,16318,"BRA","BR",76,"BRL","2608701","ChIJzzwYT7-qAAcREUgcnCFWyYs",NA,"BRPE2608701",NA,"BRA.17.98_1"
"484fe392",2021-09-05,749,11,NA,NA,NA,NA,NA,NA,NA,NA,1,1,2,-2,0,0,0,3,2,1,0,4,5,0,-39.22,-42.13,-43.04,-12.5,3,"Brazil","Pernambuco","Lagoa dos Gatos",-8.68610764,-35.8958853996463,16318,"BRA","BR",76,"BRL","2608701","ChIJzzwYT7-qAAcREUgcnCFWyYs",NA,"BRPE2608701",NA,"BRA.17.98_1"
"484fe392",2021-09-06,749,11,NA,NA,12251,8483,3870,NA,NA,NA,1,1,2,-2,0,0,0,3,2,1,0,4,5,0,-39.22,-42.13,-43.04,-12.5,3,"Brazil","Pernambuco","Lagoa dos Gatos",-8.68610764,-35.8958853996463,16318,"BRA","BR",76,"BRL","2608701","ChIJzzwYT7-qAAcREUgcnCFWyYs",NA,"BRPE2608701",NA,"BRA.17.98_1"
"484fe392",2021-09-07,749,11,NA,NA,12354,8583,3873,NA,NA,NA,1,1,2,2,0,0,0,3,2,2,0,4,5,0,-42.08,-43.52,-46.31,-12.5,3,"Brazil","Pernambuco","Lagoa dos Gatos",-8.68610764,-35.8958853996463,16318,"BRA","BR",76,"BRL","2608701","ChIJzzwYT7-qAAcREUgcnCFWyYs",NA,"BRPE2608701",NA,"BRA.17.98_1"
"484fe392",2021-09-08,749,11,NA,NA,12428,8650,3880,NA,NA,NA,-2,1,2,2,0,0,0,3,2,2,0,4,5,0,-43.12,-45.37,-47.5,-12.5,3,"Brazil","Pernambuco","Lagoa dos Gatos",-8.68610764,-35.8958853996463,16318,"BRA","BR",76,"BRL","2608701","ChIJzzwYT7-qAAcREUgcnCFWyYs",NA,"BRPE2608701",NA,"BRA.17.98_1"
"484fe392",2021-09-09,749,11,NA,NA,12984,9056,4030,NA,NA,NA,-2,1,2,2,0,0,0,3,2,2,0,4,5,0,-43.12,-45.37,-47.5,-12.5,3,"Brazil","Pernambuco","Lagoa dos Gatos",-8.68610764,-35.8958853996463,16318,"BRA","BR",76,"BRL","2608701","ChIJzzwYT7-qAAcREUgcnCFWyYs",NA,"BRPE2608701",NA,"BRA.17.98_1"
"484fe392",2021-09-10,749,11,NA,NA,13023,9094,4031,NA,NA,NA,-2,1,2,2,0,0,0,3,2,2,0,4,5,0,-43.12,-45.37,-47.5,-12.5,3,"Brazil","Pernambuco","Lagoa dos Gatos",-8.68610764,-35.8958853996463,16318,"BRA","BR",76,"BRL","2608701","ChIJzzwYT7-qAAcREUgcnCFWyYs",NA,"BRPE2608701",NA,"BRA.17.98_1"
"484fe392",2021-09-11,749,11,NA,NA,NA,NA,NA,NA,NA,NA,-2,1,2,2,0,0,0,3,2,2,0,4,5,0,-43.12,-45.37,-47.5,-12.5,3,"Brazil","Pernambuco","Lagoa dos Gatos",-8.68610764,-35.8958853996463,16318,"BRA","BR",76,"BRL","2608701","ChIJzzwYT7-qAAcREUgcnCFWyYs",NA,"BRPE2608701",NA,"BRA.17.98_1"
"484fe392",2021-09-12,749,11,NA,NA,NA,NA,NA,NA,NA,NA,-2,1,2,2,0,0,0,3,2,2,0,4,5,0,-43.12,-45.37,-47.5,-12.5,3,"Brazil","Pernambuco","Lagoa dos Gatos",-8.68610764,-35.8958853996463,16318,"BRA","BR",76,"BRL","2608701","ChIJzzwYT7-qAAcREUgcnCFWyYs",NA,"BRPE2608701",NA,"BRA.17.98_1"
"484fe392",2021-09-13,749,11,NA,NA,13052,9121,4033,NA,NA,NA,-2,1,2,2,0,0,0,3,2,2,0,4,5,0,-43.12,-45.37,-47.5,-12.5,3,"Brazil","Pernambuco","Lagoa dos Gatos",-8.68610764,-35.8958853996463,16318,"BRA","BR",76,"BRL","2608701","ChIJzzwYT7-qAAcREUgcnCFWyYs",NA,"BRPE2608701",NA,"BRA.17.98_1"
"484fe392",2021-09-14,749,11,NA,NA,13141,9131,4112,NA,NA,NA,-2,1,2,2,0,0,0,3,2,2,0,4,5,0,-43.12,-45.37,-47.5,-12.5,3,"Brazil","Pernambuco","Lagoa dos Gatos",-8.68610764,-35.8958853996463,16318,"BRA","BR",76,"BRL","2608701","ChIJzzwYT7-qAAcREUgcnCFWyYs",NA,"BRPE2608701",NA,"BRA.17.98_1"
"484fe392",2021-09-15,749,11,NA,NA,13458,9181,4379,NA,NA,NA,-2,1,2,2,0,0,0,3,2,2,0,4,5,0,-43.12,-45.37,-47.5,-12.5,3,"Brazil","Pernambuco","Lagoa dos Gatos",-8.68610764,-35.8958853996463,16318,"BRA","BR",76,"BRL","2608701","ChIJzzwYT7-qAAcREUgcnCFWyYs",NA,"BRPE2608701",NA,"BRA.17.98_1"
"484fe392",2021-09-16,749,11,NA,NA,13647,9266,4482,NA,NA,NA,-2,1,2,2,0,0,0,3,2,2,0,4,5,0,-43.12,-45.37,-47.5,-12.5,3,"Brazil","Pernambuco","Lagoa dos Gatos",-8.68610764,-35.8958853996463,16318,"BRA","BR",76,"BRL","2608701","ChIJzzwYT7-qAAcREUgcnCFWyYs",NA,"BRPE2608701",NA,"BRA.17.98_1"
"484fe392",2021-09-17,749,11,NA,NA,NA,NA,NA,NA,NA,NA,-2,1,2,2,0,0,0,3,2,2,0,4,5,0,-43.12,-45.37,-47.5,-12.5,3,"Brazil","Pernambuco","Lagoa dos Gatos",-8.68610764,-35.8958853996463,16318,"BRA","BR",76,"BRL","2608701","ChIJzzwYT7-qAAcREUgcnCFWyYs",NA,"BRPE2608701",NA,"BRA.17.98_1"
"484fe392",2021-09-18,750,11,NA,NA,NA,NA,NA,NA,NA,NA,-2,1,2,2,0,0,0,3,2,2,0,4,5,0,-43.12,-45.37,-47.5,-12.5,3,"Brazil","Pernambuco","Lagoa dos Gatos",-8.68610764,-35.8958853996463,16318,"BRA","BR",76,"BRL","2608701","ChIJzzwYT7-qAAcREUgcnCFWyYs",NA,"BRPE2608701",NA,"BRA.17.98_1"
"484fe392",2021-09-19,750,11,NA,NA,NA,NA,NA,NA,NA,NA,-2,1,2,2,0,0,0,3,2,2,0,4,5,0,-43.12,-45.37,-47.5,-12.5,3,"Brazil","Pernambuco","Lagoa dos Gatos",-8.68610764,-35.8958853996463,16318,"BRA","BR",76,"BRL","2608701","ChIJzzwYT7-qAAcREUgcnCFWyYs",NA,"BRPE2608701",NA,"BRA.17.98_1"
"484fe392",2021-09-20,750,11,NA,NA,13674,9277,4498,NA,NA,NA,-2,1,2,2,0,0,0,3,2,2,0,4,5,0,-43.12,-45.37,-47.5,-12.5,3,"Brazil","Pernambuco","Lagoa dos Gatos",-8.68610764,-35.8958853996463,16318,"BRA","BR",76,"BRL","2608701","ChIJzzwYT7-qAAcREUgcnCFWyYs",NA,"BRPE2608701",NA,"BRA.17.98_1"
"484fe392",2021-09-21,750,11,NA,NA,13747,9291,4557,NA,NA,NA,-2,1,2,2,0,0,0,3,2,2,0,4,5,0,-43.12,-45.37,-47.5,-12.5,3,"Brazil","Pernambuco","Lagoa dos Gatos",-8.68610764,-35.8958853996463,16318,"BRA","BR",76,"BRL","2608701","ChIJzzwYT7-qAAcREUgcnCFWyYs",NA,"BRPE2608701",NA,"BRA.17.98_1"
"484fe392",2021-09-22,750,11,NA,NA,14098,9317,4882,NA,NA,NA,-2,1,2,2,0,0,0,3,2,2,0,4,5,0,-43.12,-45.37,-47.5,-12.5,3,"Brazil","Pernambuco","Lagoa dos Gatos",-8.68610764,-35.8958853996463,16318,"BRA","BR",76,"BRL","2608701","ChIJzzwYT7-qAAcREUgcnCFWyYs",NA,"BRPE2608701",NA,"BRA.17.98_1"
"484fe392",2021-09-23,750,11,NA,NA,14099,9317,4882,NA,NA,NA,-2,1,2,2,0,0,0,3,2,2,0,4,5,0,-43.12,-45.37,-47.5,-12.5,3,"Brazil","Pernambuco","Lagoa dos Gatos",-8.68610764,-35.8958853996463,16318,"BRA","BR",76,"BRL","2608701","ChIJzzwYT7-qAAcREUgcnCFWyYs",NA,"BRPE2608701",NA,"BRA.17.98_1"
"484fe392",2021-09-24,750,11,NA,NA,NA,NA,NA,NA,NA,NA,-2,1,2,2,0,0,0,3,2,2,0,4,5,0,-43.12,-45.37,-47.5,-12.5,3,"Brazil","Pernambuco","Lagoa dos Gatos",-8.68610764,-35.8958853996463,16318,"BRA","BR",76,"BRL","2608701","ChIJzzwYT7-qAAcREUgcnCFWyYs",NA,"BRPE2608701",NA,"BRA.17.98_1"
"484fe392",2021-09-25,750,11,NA,NA,14282,9345,5037,NA,NA,NA,-2,1,2,2,0,0,0,3,2,2,0,4,5,0,-43.12,-45.37,-47.5,-12.5,3,"Brazil","Pernambuco","Lagoa dos Gatos",-8.68610764,-35.8958853996463,16318,"BRA","BR",76,"BRL","2608701","ChIJzzwYT7-qAAcREUgcnCFWyYs",NA,"BRPE2608701",NA,"BRA.17.98_1"
"484fe392",2021-09-26,753,11,NA,NA,NA,NA,NA,NA,NA,NA,-2,1,2,2,0,0,0,3,2,2,0,4,5,0,-43.12,-45.37,-47.5,-12.5,3,"Brazil","Pernambuco","Lagoa dos Gatos",-8.68610764,-35.8958853996463,16318,"BRA","BR",76,"BRL","2608701","ChIJzzwYT7-qAAcREUgcnCFWyYs",NA,"BRPE2608701",NA,"BRA.17.98_1"
"484fe392",2021-09-27,753,11,NA,NA,14283,9345,5038,NA,NA,NA,-2,1,-2,2,0,0,0,3,2,2,0,4,5,0,-41.56,-42.59,-45.71,-12.5,3,"Brazil","Pernambuco","Lagoa dos Gatos",-8.68610764,-35.8958853996463,16318,"BRA","BR",76,"BRL","2608701","ChIJzzwYT7-qAAcREUgcnCFWyYs",NA,"BRPE2608701",NA,"BRA.17.98_1"
"484fe392",2021-09-28,753,11,NA,NA,14326,9346,5080,NA,NA,NA,-2,1,-2,2,0,0,0,3,2,2,0,4,5,0,-41.56,-42.59,-45.71,-12.5,3,"Brazil","Pernambuco","Lagoa dos Gatos",-8.68610764,-35.8958853996463,16318,"BRA","BR",76,"BRL","2608701","ChIJzzwYT7-qAAcREUgcnCFWyYs",NA,"BRPE2608701",NA,"BRA.17.98_1"
"484fe392",2021-09-29,753,11,NA,NA,14975,9754,5321,NA,NA,NA,-2,1,-2,2,0,0,0,3,2,2,0,4,5,0,-41.56,-42.59,-45.71,-12.5,3,"Brazil","Pernambuco","Lagoa dos Gatos",-8.68610764,-35.8958853996463,16318,"BRA","BR",76,"BRL","2608701","ChIJzzwYT7-qAAcREUgcnCFWyYs",NA,"BRPE2608701",NA,"BRA.17.98_1"
"484fe392",2021-09-30,753,11,NA,NA,15244,9840,5503,NA,NA,NA,-2,1,-2,2,0,0,0,3,2,2,0,4,5,0,-41.56,-42.59,-45.71,-12.5,3,"Brazil","Pernambuco","Lagoa dos Gatos",-8.68610764,-35.8958853996463,16318,"BRA","BR",76,"BRL","2608701","ChIJzzwYT7-qAAcREUgcnCFWyYs",NA,"BRPE2608701",NA,"BRA.17.98_1"
"484fe392",2021-10-01,753,11,NA,NA,15250,9846,5503,NA,NA,NA,-2,1,-2,2,0,0,0,3,2,2,0,4,5,0,-41.56,-42.59,-45.71,-12.5,3,"Brazil","Pernambuco","Lagoa dos Gatos",-8.68610764,-35.8958853996463,16318,"BRA","BR",76,"BRL","2608701","ChIJzzwYT7-qAAcREUgcnCFWyYs",NA,"BRPE2608701",NA,"BRA.17.98_1"
"484fe392",2021-10-02,755,11,NA,NA,NA,NA,NA,NA,NA,NA,-2,1,-2,2,0,0,0,3,2,2,0,4,5,0,-41.56,-42.59,-45.71,-12.5,3,"Brazil","Pernambuco","Lagoa dos Gatos",-8.68610764,-35.8958853996463,16318,"BRA","BR",76,"BRL","2608701","ChIJzzwYT7-qAAcREUgcnCFWyYs",NA,"BRPE2608701",NA,"BRA.17.98_1"
"484fe392",2021-10-03,755,11,NA,NA,NA,NA,NA,NA,NA,NA,-2,1,-2,2,0,0,0,3,2,2,0,4,5,0,-41.56,-42.59,-45.71,-12.5,3,"Brazil","Pernambuco","Lagoa dos Gatos",-8.68610764,-35.8958853996463,16318,"BRA","BR",76,"BRL","2608701","ChIJzzwYT7-qAAcREUgcnCFWyYs",NA,"BRPE2608701",NA,"BRA.17.98_1"
"484fe392",2021-10-04,755,11,NA,NA,15371,9888,5579,NA,NA,NA,1,1,-2,2,0,0,0,3,2,2,0,4,5,0,-40.52,-40.74,-44.52,-12.5,3,"Brazil","Pernambuco","Lagoa dos Gatos",-8.68610764,-35.8958853996463,16318,"BRA","BR",76,"BRL","2608701","ChIJzzwYT7-qAAcREUgcnCFWyYs",NA,"BRPE2608701",NA,"BRA.17.98_1"
"484fe392",2021-10-05,755,11,NA,NA,15488,9911,5673,NA,NA,NA,1,1,-2,2,0,0,0,1,2,2,0,4,5,0,-37.4,-35.19,-40.95,-12.5,3,"Brazil","Pernambuco","Lagoa dos Gatos",-8.68610764,-35.8958853996463,16318,"BRA","BR",76,"BRL","2608701","ChIJzzwYT7-qAAcREUgcnCFWyYs",NA,"BRPE2608701",NA,"BRA.17.98_1"
"484fe392",2021-10-06,755,11,NA,NA,15583,9933,5746,NA,NA,NA,1,1,-2,2,0,0,0,1,2,2,0,4,5,0,-37.4,-35.19,-40.95,-12.5,3,"Brazil","Pernambuco","Lagoa dos Gatos",-8.68610764,-35.8958853996463,16318,"BRA","BR",76,"BRL","2608701","ChIJzzwYT7-qAAcREUgcnCFWyYs",NA,"BRPE2608701",NA,"BRA.17.98_1"
"484fe392",2021-10-07,755,11,NA,NA,15661,9958,5797,NA,NA,NA,1,1,-2,2,0,0,0,1,2,2,0,4,5,0,-37.4,-35.19,-40.95,-12.5,3,"Brazil","Pernambuco","Lagoa dos Gatos",-8.68610764,-35.8958853996463,16318,"BRA","BR",76,"BRL","2608701","ChIJzzwYT7-qAAcREUgcnCFWyYs",NA,"BRPE2608701",NA,"BRA.17.98_1"
"484fe392",2021-10-08,755,11,NA,NA,15696,9958,5797,NA,NA,NA,1,1,-2,2,0,0,0,1,2,2,0,4,5,0,-37.4,-35.19,-40.95,-12.5,3,"Brazil","Pernambuco","Lagoa dos Gatos",-8.68610764,-35.8958853996463,16318,"BRA","BR",76,"BRL","2608701","ChIJzzwYT7-qAAcREUgcnCFWyYs",NA,"BRPE2608701",NA,"BRA.17.98_1"
"484fe392",2021-10-09,755,11,NA,NA,NA,NA,NA,NA,NA,NA,1,1,-2,2,0,0,0,1,2,2,0,4,5,0,-37.4,-35.19,-40.95,-12.5,3,"Brazil","Pernambuco","Lagoa dos Gatos",-8.68610764,-35.8958853996463,16318,"BRA","BR",76,"BRL","2608701","ChIJzzwYT7-qAAcREUgcnCFWyYs",NA,"BRPE2608701",NA,"BRA.17.98_1"
"484fe392",2021-10-10,755,11,NA,NA,NA,NA,NA,NA,NA,NA,1,1,-2,2,0,0,0,1,2,2,0,4,5,0,-37.4,-35.19,-40.95,-12.5,3,"Brazil","Pernambuco","Lagoa dos Gatos",-8.68610764,-35.8958853996463,16318,"BRA","BR",76,"BRL","2608701","ChIJzzwYT7-qAAcREUgcnCFWyYs",NA,"BRPE2608701",NA,"BRA.17.98_1"
"484fe392",2021-10-11,755,11,NA,NA,15700,9958,5801,NA,NA,NA,1,1,-2,2,0,0,0,1,2,2,0,4,5,0,-37.4,-35.19,-40.95,-12.5,3,"Brazil","Pernambuco","Lagoa dos Gatos",-8.68610764,-35.8958853996463,16318,"BRA","BR",76,"BRL","2608701","ChIJzzwYT7-qAAcREUgcnCFWyYs",NA,"BRPE2608701",NA,"BRA.17.98_1"
"484fe392",2021-10-12,755,11,NA,NA,NA,NA,NA,NA,NA,NA,1,1,-2,2,0,0,0,1,2,2,0,4,5,0,-37.4,-35.19,-40.95,-12.5,3,"Brazil","Pernambuco","Lagoa dos Gatos",-8.68610764,-35.8958853996463,16318,"BRA","BR",76,"BRL","2608701","ChIJzzwYT7-qAAcREUgcnCFWyYs",NA,"BRPE2608701",NA,"BRA.17.98_1"
"484fe392",2021-10-13,755,11,NA,NA,15752,9970,5841,NA,NA,NA,1,1,-2,2,0,0,0,1,2,2,0,4,5,0,-37.4,-35.19,-40.95,-12.5,3,"Brazil","Pernambuco","Lagoa dos Gatos",-8.68610764,-35.8958853996463,16318,"BRA","BR",76,"BRL","2608701","ChIJzzwYT7-qAAcREUgcnCFWyYs",NA,"BRPE2608701",NA,"BRA.17.98_1"
"484fe392",2021-10-14,755,11,NA,NA,15858,9990,5881,NA,NA,NA,1,1,-2,2,0,0,0,1,2,2,0,4,5,0,-37.4,-35.19,-40.95,-12.5,3,"Brazil","Pernambuco","Lagoa dos Gatos",-8.68610764,-35.8958853996463,16318,"BRA","BR",76,"BRL","2608701","ChIJzzwYT7-qAAcREUgcnCFWyYs",NA,"BRPE2608701",NA,"BRA.17.98_1"
"484fe392",2021-10-15,755,11,NA,NA,NA,NA,NA,NA,NA,NA,1,1,-2,2,0,0,0,1,2,2,0,4,5,0,-37.4,-35.19,-40.95,-12.5,3,"Brazil","Pernambuco","Lagoa dos Gatos",-8.68610764,-35.8958853996463,16318,"BRA","BR",76,"BRL","2608701","ChIJzzwYT7-qAAcREUgcnCFWyYs",NA,"BRPE2608701",NA,"BRA.17.98_1"
"484fe392",2021-10-16,755,11,NA,NA,16560,10016,6542,NA,NA,NA,1,1,-2,2,0,0,0,1,2,2,0,4,5,0,-37.4,-35.19,-40.95,-12.5,3,"Brazil","Pernambuco","Lagoa dos Gatos",-8.68610764,-35.8958853996463,16318,"BRA","BR",76,"BRL","2608701","ChIJzzwYT7-qAAcREUgcnCFWyYs",NA,"BRPE2608701",NA,"BRA.17.98_1"
"484fe392",2021-10-17,755,11,NA,NA,16561,10016,6543,NA,NA,NA,1,1,-2,2,0,0,0,1,2,2,0,4,5,0,-37.4,-35.19,-40.95,-12.5,3,"Brazil","Pernambuco","Lagoa dos Gatos",-8.68610764,-35.8958853996463,16318,"BRA","BR",76,"BRL","2608701","ChIJzzwYT7-qAAcREUgcnCFWyYs",NA,"BRPE2608701",NA,"BRA.17.98_1"
"484fe392",2021-10-18,755,11,NA,NA,16666,10037,6616,NA,NA,NA,1,1,-2,2,0,0,0,1,2,2,0,4,5,0,-37.4,-35.19,-40.95,-12.5,3,"Brazil","Pernambuco","Lagoa dos Gatos",-8.68610764,-35.8958853996463,16318,"BRA","BR",76,"BRL","2608701","ChIJzzwYT7-qAAcREUgcnCFWyYs",NA,"BRPE2608701",NA,"BRA.17.98_1"
"484fe392",2021-10-19,755,11,NA,NA,16757,10055,6686,NA,NA,NA,1,1,-2,2,0,0,0,1,2,2,0,4,5,0,-37.4,-35.19,-40.95,-12.5,3,"Brazil","Pernambuco","Lagoa dos Gatos",-8.68610764,-35.8958853996463,16318,"BRA","BR",76,"BRL","2608701","ChIJzzwYT7-qAAcREUgcnCFWyYs",NA,"BRPE2608701",NA,"BRA.17.98_1"
"484fe392",2021-10-20,755,11,NA,NA,16821,10068,6734,NA,NA,NA,1,1,-2,2,0,0,0,1,2,2,0,4,5,0,-37.4,-35.19,-40.95,-12.5,3,"Brazil","Pernambuco","Lagoa dos Gatos",-8.68610764,-35.8958853996463,16318,"BRA","BR",76,"BRL","2608701","ChIJzzwYT7-qAAcREUgcnCFWyYs",NA,"BRPE2608701",NA,"BRA.17.98_1"
"484fe392",2021-10-21,756,11,NA,NA,16982,10088,6863,NA,NA,NA,1,1,-2,2,0,0,0,1,2,2,0,4,5,0,-37.4,-35.19,-40.95,-12.5,3,"Brazil","Pernambuco","Lagoa dos Gatos",-8.68610764,-35.8958853996463,16318,"BRA","BR",76,"BRL","2608701","ChIJzzwYT7-qAAcREUgcnCFWyYs",NA,"BRPE2608701",NA,"BRA.17.98_1"
"484fe392",2021-10-22,756,11,NA,NA,17008,10088,6884,NA,NA,NA,1,1,-2,2,0,0,0,1,2,2,0,4,5,0,-37.4,-35.19,-40.95,-12.5,3,"Brazil","Pernambuco","Lagoa dos Gatos",-8.68610764,-35.8958853996463,16318,"BRA","BR",76,"BRL","2608701","ChIJzzwYT7-qAAcREUgcnCFWyYs",NA,"BRPE2608701",NA,"BRA.17.98_1"
"484fe392",2021-10-23,759,11,NA,NA,NA,NA,NA,NA,NA,NA,1,1,-2,2,0,0,0,1,2,2,0,4,5,0,-37.4,-35.19,-40.95,-12.5,3,"Brazil","Pernambuco","Lagoa dos Gatos",-8.68610764,-35.8958853996463,16318,"BRA","BR",76,"BRL","2608701","ChIJzzwYT7-qAAcREUgcnCFWyYs",NA,"BRPE2608701",NA,"BRA.17.98_1"
"484fe392",2021-10-24,759,11,NA,NA,NA,NA,NA,NA,NA,NA,1,1,-2,2,0,0,0,1,2,2,0,4,5,0,-37.4,-35.19,-40.95,-12.5,3,"Brazil","Pernambuco","Lagoa dos Gatos",-8.68610764,-35.8958853996463,16318,"BRA","BR",76,"BRL","2608701","ChIJzzwYT7-qAAcREUgcnCFWyYs",NA,"BRPE2608701",NA,"BRA.17.98_1"
"484fe392",2021-10-25,759,11,NA,NA,17049,10088,6919,NA,NA,NA,1,1,-2,2,0,0,0,1,2,2,0,4,5,0,-37.4,-35.19,-40.95,-12.5,3,"Brazil","Pernambuco","Lagoa dos Gatos",-8.68610764,-35.8958853996463,16318,"BRA","BR",76,"BRL","2608701","ChIJzzwYT7-qAAcREUgcnCFWyYs",NA,"BRPE2608701",NA,"BRA.17.98_1"
"484fe392",2021-10-26,759,11,NA,NA,17106,10090,6961,NA,NA,NA,1,1,-2,2,0,0,0,1,2,2,0,4,5,0,-37.4,-35.19,-40.95,-12.5,3,"Brazil","Pernambuco","Lagoa dos Gatos",-8.68610764,-35.8958853996463,16318,"BRA","BR",76,"BRL","2608701","ChIJzzwYT7-qAAcREUgcnCFWyYs",NA,"BRPE2608701",NA,"BRA.17.98_1"
"484fe392",2021-10-27,760,11,NA,NA,17141,10090,6991,NA,NA,NA,1,1,-2,2,0,0,0,1,2,2,0,4,5,0,-37.4,-35.19,-40.95,-12.5,3,"Brazil","Pernambuco","Lagoa dos Gatos",-8.68610764,-35.8958853996463,16318,"BRA","BR",76,"BRL","2608701","ChIJzzwYT7-qAAcREUgcnCFWyYs",NA,"BRPE2608701",NA,"BRA.17.98_1"
"484fe392",2021-10-28,760,11,NA,NA,17207,10091,7045,NA,NA,NA,1,1,-2,2,0,0,0,1,2,2,0,4,5,0,-37.4,-35.19,-40.95,-12.5,3,"Brazil","Pernambuco","Lagoa dos Gatos",-8.68610764,-35.8958853996463,16318,"BRA","BR",76,"BRL","2608701","ChIJzzwYT7-qAAcREUgcnCFWyYs",NA,"BRPE2608701",NA,"BRA.17.98_1"
"484fe392",2021-10-29,760,11,NA,NA,17234,10091,7056,NA,NA,NA,1,-2,2,2,0,0,0,1,2,2,0,4,5,0,-40,-39.81,-43.93,-12.5,3,"Brazil","Pernambuco","Lagoa dos Gatos",-8.68610764,-35.8958853996463,16318,"BRA","BR",76,"BRL","2608701","ChIJzzwYT7-qAAcREUgcnCFWyYs",NA,"BRPE2608701",NA,"BRA.17.98_1"
"484fe392",2021-10-30,759,11,NA,NA,NA,NA,NA,NA,NA,NA,1,-2,2,2,0,0,0,1,2,2,0,4,5,0,-40,-39.81,-43.93,-12.5,3,"Brazil","Pernambuco","Lagoa dos Gatos",-8.68610764,-35.8958853996463,16318,"BRA","BR",76,"BRL","2608701","ChIJzzwYT7-qAAcREUgcnCFWyYs",NA,"BRPE2608701",NA,"BRA.17.98_1"
"484fe392",2021-10-31,759,11,NA,NA,NA,NA,NA,NA,NA,NA,1,-2,2,2,0,0,0,1,2,2,0,4,5,0,-40,-39.81,-43.93,-12.5,3,"Brazil","Pernambuco","Lagoa dos Gatos",-8.68610764,-35.8958853996463,16318,"BRA","BR",76,"BRL","2608701","ChIJzzwYT7-qAAcREUgcnCFWyYs",NA,"BRPE2608701",NA,"BRA.17.98_1"
"484fe392",2021-11-01,759,11,NA,NA,17333,10097,7094,NA,NA,NA,1,-2,-2,1,0,0,0,1,2,2,0,4,5,0,-36.88,-34.26,-40.36,-12.5,3,"Brazil","Pernambuco","Lagoa dos Gatos",-8.68610764,-35.8958853996463,16318,"BRA","BR",76,"BRL","2608701","ChIJzzwYT7-qAAcREUgcnCFWyYs",NA,"BRPE2608701",NA,"BRA.17.98_1"
"484fe392",2021-11-02,759,11,NA,NA,17423,10104,7121,NA,NA,NA,1,-2,-2,1,0,0,0,1,2,2,0,4,5,0,-36.88,-34.26,-40.36,-12.5,3,"Brazil","Pernambuco","Lagoa dos Gatos",-8.68610764,-35.8958853996463,16318,"BRA","BR",76,"BRL","2608701","ChIJzzwYT7-qAAcREUgcnCFWyYs",NA,"BRPE2608701",NA,"BRA.17.98_1"
"484fe392",2021-11-03,759,11,NA,NA,17533,10117,7183,NA,NA,NA,1,-2,-2,1,0,0,0,1,2,2,0,4,5,0,-36.88,-34.26,-40.36,-12.5,3,"Brazil","Pernambuco","Lagoa dos Gatos",-8.68610764,-35.8958853996463,16318,"BRA","BR",76,"BRL","2608701","ChIJzzwYT7-qAAcREUgcnCFWyYs",NA,"BRPE2608701",NA,"BRA.17.98_1"
"484fe392",2021-11-04,759,11,NA,NA,NA,NA,NA,NA,NA,NA,1,-2,-2,1,0,0,0,1,2,2,0,4,5,0,-36.88,-34.26,-40.36,-12.5,3,"Brazil","Pernambuco","Lagoa dos Gatos",-8.68610764,-35.8958853996463,16318,"BRA","BR",76,"BRL","2608701","ChIJzzwYT7-qAAcREUgcnCFWyYs",NA,"BRPE2608701",NA,"BRA.17.98_1"
"484fe392",2021-11-05,759,11,NA,NA,17582,10125,7210,NA,NA,NA,1,-2,-2,1,0,0,0,1,2,2,0,4,5,0,-36.88,-34.26,-40.36,-12.5,3,"Brazil","Pernambuco","Lagoa dos Gatos",-8.68610764,-35.8958853996463,16318,"BRA","BR",76,"BRL","2608701","ChIJzzwYT7-qAAcREUgcnCFWyYs",NA,"BRPE2608701",NA,"BRA.17.98_1"
"484fe392",2021-11-06,759,11,NA,NA,NA,NA,NA,NA,NA,NA,1,-2,-2,1,0,0,0,1,2,2,0,4,5,0,-36.88,-34.26,-40.36,-12.5,3,"Brazil","Pernambuco","Lagoa dos Gatos",-8.68610764,-35.8958853996463,16318,"BRA","BR",76,"BRL","2608701","ChIJzzwYT7-qAAcREUgcnCFWyYs",NA,"BRPE2608701",NA,"BRA.17.98_1"
"484fe392",2021-11-07,759,11,NA,NA,NA,NA,NA,NA,NA,NA,1,-2,-2,1,0,0,0,1,2,2,0,4,5,0,-36.88,-34.26,-40.36,-12.5,3,"Brazil","Pernambuco","Lagoa dos Gatos",-8.68610764,-35.8958853996463,16318,"BRA","BR",76,"BRL","2608701","ChIJzzwYT7-qAAcREUgcnCFWyYs",NA,"BRPE2608701",NA,"BRA.17.98_1"
"484fe392",2021-11-08,759,11,NA,NA,17613,10133,7221,NA,NA,NA,1,-2,-2,1,0,0,0,1,2,2,0,4,5,0,-36.88,-34.26,-40.36,-12.5,3,"Brazil","Pernambuco","Lagoa dos Gatos",-8.68610764,-35.8958853996463,16318,"BRA","BR",76,"BRL","2608701","ChIJzzwYT7-qAAcREUgcnCFWyYs",NA,"BRPE2608701",NA,"BRA.17.98_1"
"484fe392",2021-11-09,759,11,NA,NA,17703,10139,7261,NA,NA,NA,1,-2,-2,1,0,0,0,1,2,2,0,4,5,0,-36.88,-34.26,-40.36,-12.5,3,"Brazil","Pernambuco","Lagoa dos Gatos",-8.68610764,-35.8958853996463,16318,"BRA","BR",76,"BRL","2608701","ChIJzzwYT7-qAAcREUgcnCFWyYs",NA,"BRPE2608701",NA,"BRA.17.98_1"
"484fe392",2021-11-10,759,11,NA,NA,17717,10139,7269,NA,NA,NA,1,-2,-2,1,0,0,0,1,2,2,0,4,5,0,-36.88,-34.26,-40.36,-12.5,3,"Brazil","Pernambuco","Lagoa dos Gatos",-8.68610764,-35.8958853996463,16318,"BRA","BR",76,"BRL","2608701","ChIJzzwYT7-qAAcREUgcnCFWyYs",NA,"BRPE2608701",NA,"BRA.17.98_1"
"484fe392",2021-11-11,759,11,NA,NA,17748,10148,7277,NA,NA,NA,1,-2,-2,1,0,0,0,1,2,2,0,4,5,0,-36.88,-34.26,-40.36,-12.5,3,"Brazil","Pernambuco","Lagoa dos Gatos",-8.68610764,-35.8958853996463,16318,"BRA","BR",76,"BRL","2608701","ChIJzzwYT7-qAAcREUgcnCFWyYs",NA,"BRPE2608701",NA,"BRA.17.98_1"
"484fe392",2021-11-12,759,11,NA,NA,17861,10154,7321,NA,NA,NA,1,-2,-2,1,0,0,0,1,2,2,0,4,5,0,-36.88,-34.26,-40.36,-12.5,3,"Brazil","Pernambuco","Lagoa dos Gatos",-8.68610764,-35.8958853996463,16318,"BRA","BR",76,"BRL","2608701","ChIJzzwYT7-qAAcREUgcnCFWyYs",NA,"BRPE2608701",NA,"BRA.17.98_1"
"484fe392",2021-11-13,759,11,NA,NA,NA,NA,NA,NA,NA,NA,1,-2,-2,1,0,0,0,1,2,2,0,4,5,0,-36.88,-34.26,-40.36,-12.5,3,"Brazil","Pernambuco","Lagoa dos Gatos",-8.68610764,-35.8958853996463,16318,"BRA","BR",76,"BRL","2608701","ChIJzzwYT7-qAAcREUgcnCFWyYs",NA,"BRPE2608701",NA,"BRA.17.98_1"
"484fe392",2021-11-14,759,11,NA,NA,NA,NA,NA,NA,NA,NA,1,-2,-2,1,0,0,0,1,2,2,0,4,5,0,-36.88,-34.26,-40.36,-12.5,3,"Brazil","Pernambuco","Lagoa dos Gatos",-8.68610764,-35.8958853996463,16318,"BRA","BR",76,"BRL","2608701","ChIJzzwYT7-qAAcREUgcnCFWyYs",NA,"BRPE2608701",NA,"BRA.17.98_1"
"484fe392",2021-11-15,759,11,NA,NA,17862,10155,7321,NA,NA,NA,1,-2,-2,1,0,0,0,1,2,2,0,4,5,0,-36.88,-34.26,-40.36,-12.5,3,"Brazil","Pernambuco","Lagoa dos Gatos",-8.68610764,-35.8958853996463,16318,"BRA","BR",76,"BRL","2608701","ChIJzzwYT7-qAAcREUgcnCFWyYs",NA,"BRPE2608701",NA,"BRA.17.98_1"
"484fe392",2021-11-16,759,11,NA,NA,17989,10162,7402,NA,NA,NA,1,-2,-2,1,0,0,0,1,2,2,0,4,5,0,-36.88,-34.26,-40.36,-12.5,3,"Brazil","Pernambuco","Lagoa dos Gatos",-8.68610764,-35.8958853996463,16318,"BRA","BR",76,"BRL","2608701","ChIJzzwYT7-qAAcREUgcnCFWyYs",NA,"BRPE2608701",NA,"BRA.17.98_1"
"484fe392",2021-11-17,759,11,NA,NA,18071,10168,7449,NA,NA,NA,1,-2,-2,1,0,0,0,1,2,2,0,4,5,0,-36.88,-34.26,-40.36,-12.5,3,"Brazil","Pernambuco","Lagoa dos Gatos",-8.68610764,-35.8958853996463,16318,"BRA","BR",76,"BRL","2608701","ChIJzzwYT7-qAAcREUgcnCFWyYs",NA,"BRPE2608701",NA,"BRA.17.98_1"
"484fe392",2021-11-18,758,11,NA,NA,18169,10171,7479,NA,NA,NA,1,-2,-2,1,0,0,0,1,2,2,0,4,5,0,-36.88,-34.26,-40.36,-12.5,3,"Brazil","Pernambuco","Lagoa dos Gatos",-8.68610764,-35.8958853996463,16318,"BRA","BR",76,"BRL","2608701","ChIJzzwYT7-qAAcREUgcnCFWyYs",NA,"BRPE2608701",NA,"BRA.17.98_1"
"484fe392",2021-11-19,757,11,NA,NA,18177,10173,7480,NA,NA,NA,1,-2,-2,1,0,0,0,1,2,2,0,4,5,0,-36.88,-34.26,-40.36,-12.5,3,"Brazil","Pernambuco","Lagoa dos Gatos",-8.68610764,-35.8958853996463,16318,"BRA","BR",76,"BRL","2608701","ChIJzzwYT7-qAAcREUgcnCFWyYs",NA,"BRPE2608701",NA,"BRA.17.98_1"
"484fe392",2021-11-20,760,11,NA,NA,NA,NA,NA,NA,NA,NA,1,-2,-2,1,0,0,0,1,2,2,0,4,5,0,-36.88,-34.26,-40.36,-12.5,3,"Brazil","Pernambuco","Lagoa dos Gatos",-8.68610764,-35.8958853996463,16318,"BRA","BR",76,"BRL","2608701","ChIJzzwYT7-qAAcREUgcnCFWyYs",NA,"BRPE2608701",NA,"BRA.17.98_1"
"484fe392",2021-11-21,760,11,NA,NA,18178,10174,7480,NA,NA,NA,1,-2,-2,1,0,0,0,1,2,2,0,4,5,0,-36.88,-34.26,-40.36,-12.5,3,"Brazil","Pernambuco","Lagoa dos Gatos",-8.68610764,-35.8958853996463,16318,"BRA","BR",76,"BRL","2608701","ChIJzzwYT7-qAAcREUgcnCFWyYs",NA,"BRPE2608701",NA,"BRA.17.98_1"
"484fe392",2021-11-22,760,11,NA,NA,18189,10182,7483,NA,NA,NA,1,-2,-2,1,0,0,0,1,2,2,0,4,5,0,-36.88,-34.26,-40.36,-12.5,3,"Brazil","Pernambuco","Lagoa dos Gatos",-8.68610764,-35.8958853996463,16318,"BRA","BR",76,"BRL","2608701","ChIJzzwYT7-qAAcREUgcnCFWyYs",NA,"BRPE2608701",NA,"BRA.17.98_1"
"484fe392",2021-11-23,761,11,NA,NA,18272,10187,7510,NA,NA,NA,1,-2,-2,1,0,0,0,1,2,2,0,4,5,0,-36.88,-34.26,-40.36,-12.5,3,"Brazil","Pernambuco","Lagoa dos Gatos",-8.68610764,-35.8958853996463,16318,"BRA","BR",76,"BRL","2608701","ChIJzzwYT7-qAAcREUgcnCFWyYs",NA,"BRPE2608701",NA,"BRA.17.98_1"
"484fe392",2021-11-24,761,11,NA,NA,18367,10192,7539,NA,NA,NA,1,-2,-2,1,0,0,0,1,2,2,0,4,5,0,-36.88,-34.26,-40.36,-12.5,3,"Brazil","Pernambuco","Lagoa dos Gatos",-8.68610764,-35.8958853996463,16318,"BRA","BR",76,"BRL","2608701","ChIJzzwYT7-qAAcREUgcnCFWyYs",NA,"BRPE2608701",NA,"BRA.17.98_1"
"484fe392",2021-11-25,761,11,NA,NA,18384,10201,7540,NA,NA,NA,1,-2,-2,1,0,0,0,1,2,2,0,4,5,0,-36.88,-34.26,-40.36,-12.5,3,"Brazil","Pernambuco","Lagoa dos Gatos",-8.68610764,-35.8958853996463,16318,"BRA","BR",76,"BRL","2608701","ChIJzzwYT7-qAAcREUgcnCFWyYs",NA,"BRPE2608701",NA,"BRA.17.98_1"
"484fe392",2021-11-26,761,11,NA,NA,18387,10204,7540,NA,NA,NA,1,-2,-2,1,0,0,0,1,2,2,0,4,5,0,-36.88,-34.26,-40.36,-12.5,3,"Brazil","Pernambuco","Lagoa dos Gatos",-8.68610764,-35.8958853996463,16318,"BRA","BR",76,"BRL","2608701","ChIJzzwYT7-qAAcREUgcnCFWyYs",NA,"BRPE2608701",NA,"BRA.17.98_1"
"484fe392",2021-11-27,761,11,NA,NA,NA,NA,NA,NA,NA,NA,1,-2,-2,1,0,0,0,1,2,2,0,4,5,0,-36.88,-34.26,-40.36,-12.5,3,"Brazil","Pernambuco","Lagoa dos Gatos",-8.68610764,-35.8958853996463,16318,"BRA","BR",76,"BRL","2608701","ChIJzzwYT7-qAAcREUgcnCFWyYs",NA,"BRPE2608701",NA,"BRA.17.98_1"
"484fe392",2021-11-28,761,11,NA,NA,18388,10204,7541,NA,NA,NA,1,-2,-2,1,0,0,0,1,2,2,0,4,5,0,-36.88,-34.26,-40.36,-12.5,3,"Brazil","Pernambuco","Lagoa dos Gatos",-8.68610764,-35.8958853996463,16318,"BRA","BR",76,"BRL","2608701","ChIJzzwYT7-qAAcREUgcnCFWyYs",NA,"BRPE2608701",NA,"BRA.17.98_1"
"484fe392",2021-11-29,761,11,NA,NA,NA,NA,NA,NA,NA,NA,1,-2,-2,1,0,0,0,1,2,2,0,4,5,0,-36.88,-34.26,-40.36,-12.5,3,"Brazil","Pernambuco","Lagoa dos Gatos",-8.68610764,-35.8958853996463,16318,"BRA","BR",76,"BRL","2608701","ChIJzzwYT7-qAAcREUgcnCFWyYs",NA,"BRPE2608701",NA,"BRA.17.98_1"
"484fe392",2021-11-30,761,11,NA,NA,18395,10210,7542,NA,NA,NA,1,-2,-2,1,0,0,0,1,2,2,0,4,5,0,-36.88,-34.26,-40.36,-12.5,3,"Brazil","Pernambuco","Lagoa dos Gatos",-8.68610764,-35.8958853996463,16318,"BRA","BR",76,"BRL","2608701","ChIJzzwYT7-qAAcREUgcnCFWyYs",NA,"BRPE2608701",NA,"BRA.17.98_1"
"484fe392",2021-12-01,761,11,NA,NA,NA,NA,NA,NA,NA,NA,1,1,1,1,0,0,0,1,2,2,0,4,5,0,-32.71,-29.63,-37.38,0,3,"Brazil","Pernambuco","Lagoa dos Gatos",-8.68610764,-35.8958853996463,16318,"BRA","BR",76,"BRL","2608701","ChIJzzwYT7-qAAcREUgcnCFWyYs",NA,"BRPE2608701",NA,"BRA.17.98_1"
"484fe392",2021-12-02,761,11,NA,NA,18402,10210,7547,NA,NA,NA,1,1,1,1,0,0,0,1,2,2,0,4,5,0,-32.71,-29.63,-37.38,0,3,"Brazil","Pernambuco","Lagoa dos Gatos",-8.68610764,-35.8958853996463,16318,"BRA","BR",76,"BRL","2608701","ChIJzzwYT7-qAAcREUgcnCFWyYs",NA,"BRPE2608701",NA,"BRA.17.98_1"
"484fe392",2021-12-03,762,11,NA,NA,18403,10211,7547,NA,NA,NA,1,1,1,1,0,0,0,1,2,2,0,4,5,0,-32.71,-29.63,-37.38,0,3,"Brazil","Pernambuco","Lagoa dos Gatos",-8.68610764,-35.8958853996463,16318,"BRA","BR",76,"BRL","2608701","ChIJzzwYT7-qAAcREUgcnCFWyYs",NA,"BRPE2608701",NA,"BRA.17.98_1"
"484fe392",2021-12-04,761,11,NA,NA,NA,NA,NA,NA,NA,NA,1,1,1,1,0,0,0,1,2,2,0,4,5,0,-32.71,-29.63,-37.38,0,3,"Brazil","Pernambuco","Lagoa dos Gatos",-8.68610764,-35.8958853996463,16318,"BRA","BR",76,"BRL","2608701","ChIJzzwYT7-qAAcREUgcnCFWyYs",NA,"BRPE2608701",NA,"BRA.17.98_1"
"484fe392",2021-12-05,761,11,NA,NA,NA,NA,NA,NA,NA,NA,1,1,1,1,0,0,0,1,2,2,0,4,5,0,-32.71,-29.63,-37.38,0,3,"Brazil","Pernambuco","Lagoa dos Gatos",-8.68610764,-35.8958853996463,16318,"BRA","BR",76,"BRL","2608701","ChIJzzwYT7-qAAcREUgcnCFWyYs",NA,"BRPE2608701",NA,"BRA.17.98_1"
"484fe392",2021-12-06,761,11,NA,NA,18551,10228,7664,NA,NA,NA,1,2,2,4,0,0,0,1,2,2,0,4,5,0,-42.6,-47.22,-48.69,0,3,"Brazil","Pernambuco","Lagoa dos Gatos",-8.68610764,-35.8958853996463,16318,"BRA","BR",76,"BRL","2608701","ChIJzzwYT7-qAAcREUgcnCFWyYs",NA,"BRPE2608701",NA,"BRA.17.98_1"
"484fe392",2021-12-07,761,11,NA,NA,18789,10248,7872,NA,NA,NA,1,2,2,4,0,0,0,1,2,2,0,4,5,0,-42.6,-47.22,-48.69,0,3,"Brazil","Pernambuco","Lagoa dos Gatos",-8.68610764,-35.8958853996463,16318,"BRA","BR",76,"BRL","2608701","ChIJzzwYT7-qAAcREUgcnCFWyYs",NA,"BRPE2608701",NA,"BRA.17.98_1"
"484fe392",2021-12-08,761,11,NA,NA,NA,NA,NA,NA,NA,NA,1,2,2,4,0,0,0,1,2,2,0,4,5,0,-42.6,-47.22,-48.69,0,3,"Brazil","Pernambuco","Lagoa dos Gatos",-8.68610764,-35.8958853996463,16318,"BRA","BR",76,"BRL","2608701","ChIJzzwYT7-qAAcREUgcnCFWyYs",NA,"BRPE2608701",NA,"BRA.17.98_1"
"484fe392",2021-12-09,761,11,NA,NA,18920,10274,7976,NA,NA,NA,1,2,2,4,0,0,0,1,2,2,0,4,5,0,-42.6,-47.22,-48.69,0,3,"Brazil","Pernambuco","Lagoa dos Gatos",-8.68610764,-35.8958853996463,16318,"BRA","BR",76,"BRL","2608701","ChIJzzwYT7-qAAcREUgcnCFWyYs",NA,"BRPE2608701",NA,"BRA.17.98_1"
"484fe392",2021-12-10,761,11,NA,NA,18934,10275,7988,NA,NA,NA,1,2,2,4,0,0,0,1,2,2,0,4,5,0,-42.6,-47.22,-48.69,0,3,"Brazil","Pernambuco","Lagoa dos Gatos",-8.68610764,-35.8958853996463,16318,"BRA","BR",76,"BRL","2608701","ChIJzzwYT7-qAAcREUgcnCFWyYs",NA,"BRPE2608701",NA,"BRA.17.98_1"
"484fe392",2021-12-11,761,11,NA,NA,NA,NA,NA,NA,NA,NA,1,2,2,4,0,0,0,1,2,2,0,4,5,0,-42.6,-47.22,-48.69,0,3,"Brazil","Pernambuco","Lagoa dos Gatos",-8.68610764,-35.8958853996463,16318,"BRA","BR",76,"BRL","2608701","ChIJzzwYT7-qAAcREUgcnCFWyYs",NA,"BRPE2608701",NA,"BRA.17.98_1"
"484fe392",2021-12-12,761,11,NA,NA,NA,NA,NA,NA,NA,NA,1,2,2,4,0,0,0,1,2,2,0,4,5,0,-42.6,-47.22,-48.69,0,3,"Brazil","Pernambuco","Lagoa dos Gatos",-8.68610764,-35.8958853996463,16318,"BRA","BR",76,"BRL","2608701","ChIJzzwYT7-qAAcREUgcnCFWyYs",NA,"BRPE2608701",NA,"BRA.17.98_1"
"484fe392",2021-12-13,761,11,NA,NA,18995,10284,8024,NA,NA,NA,1,2,2,4,0,0,0,1,2,2,0,4,5,0,-42.6,-47.22,-48.69,0,3,"Brazil","Pernambuco","Lagoa dos Gatos",-8.68610764,-35.8958853996463,16318,"BRA","BR",76,"BRL","2608701","ChIJzzwYT7-qAAcREUgcnCFWyYs",NA,"BRPE2608701",NA,"BRA.17.98_1"
"484fe392",2021-12-14,761,11,NA,NA,19187,10308,8076,NA,NA,NA,1,2,2,4,0,0,0,1,2,2,0,4,5,0,-42.6,-47.22,-48.69,0,3,"Brazil","Pernambuco","Lagoa dos Gatos",-8.68610764,-35.8958853996463,16318,"BRA","BR",76,"BRL","2608701","ChIJzzwYT7-qAAcREUgcnCFWyYs",NA,"BRPE2608701",NA,"BRA.17.98_1"
"484fe392",2021-12-15,761,11,NA,NA,19219,10309,8090,NA,NA,NA,1,2,2,4,0,0,0,1,2,2,0,4,5,0,-42.6,-47.22,-48.69,0,3,"Brazil","Pernambuco","Lagoa dos Gatos",-8.68610764,-35.8958853996463,16318,"BRA","BR",76,"BRL","2608701","ChIJzzwYT7-qAAcREUgcnCFWyYs",NA,"BRPE2608701",NA,"BRA.17.98_1"
"484fe392",2021-12-16,761,11,NA,NA,19289,10313,8152,NA,NA,NA,1,2,2,4,0,0,0,1,2,2,0,4,5,0,-42.6,-47.22,-48.69,0,3,"Brazil","Pernambuco","Lagoa dos Gatos",-8.68610764,-35.8958853996463,16318,"BRA","BR",76,"BRL","2608701","ChIJzzwYT7-qAAcREUgcnCFWyYs",NA,"BRPE2608701",NA,"BRA.17.98_1"
"484fe392",2021-12-17,761,11,NA,NA,NA,NA,NA,NA,NA,NA,1,2,2,4,0,0,0,1,2,2,0,4,5,0,-42.6,-47.22,-48.69,0,3,"Brazil","Pernambuco","Lagoa dos Gatos",-8.68610764,-35.8958853996463,16318,"BRA","BR",76,"BRL","2608701","ChIJzzwYT7-qAAcREUgcnCFWyYs",NA,"BRPE2608701",NA,"BRA.17.98_1"
"484fe392",2021-12-18,761,11,NA,NA,NA,NA,NA,NA,NA,NA,1,2,2,4,0,0,0,1,2,2,0,4,5,0,-42.6,-47.22,-48.69,0,3,"Brazil","Pernambuco","Lagoa dos Gatos",-8.68610764,-35.8958853996463,16318,"BRA","BR",76,"BRL","2608701","ChIJzzwYT7-qAAcREUgcnCFWyYs",NA,"BRPE2608701",NA,"BRA.17.98_1"
"484fe392",2021-12-19,761,11,NA,NA,NA,NA,NA,NA,NA,NA,1,2,2,4,0,0,0,1,2,2,0,4,5,0,-42.6,-47.22,-48.69,0,3,"Brazil","Pernambuco","Lagoa dos Gatos",-8.68610764,-35.8958853996463,16318,"BRA","BR",76,"BRL","2608701","ChIJzzwYT7-qAAcREUgcnCFWyYs",NA,"BRPE2608701",NA,"BRA.17.98_1"
"484fe392",2021-12-20,761,11,NA,NA,NA,NA,NA,NA,NA,NA,1,2,2,4,0,0,0,1,2,2,0,4,5,0,-42.6,-47.22,-48.69,0,3,"Brazil","Pernambuco","Lagoa dos Gatos",-8.68610764,-35.8958853996463,16318,"BRA","BR",76,"BRL","2608701","ChIJzzwYT7-qAAcREUgcnCFWyYs",NA,"BRPE2608701",NA,"BRA.17.98_1"
"484fe392",2021-12-21,761,11,NA,NA,19514,10338,8209,NA,NA,NA,1,2,2,4,0,0,0,1,2,2,0,4,5,0,-42.6,-47.22,-48.69,0,3,"Brazil","Pernambuco","Lagoa dos Gatos",-8.68610764,-35.8958853996463,16318,"BRA","BR",76,"BRL","2608701","ChIJzzwYT7-qAAcREUgcnCFWyYs",NA,"BRPE2608701",NA,"BRA.17.98_1"
"484fe392",2021-12-22,761,11,NA,NA,19621,10354,8242,NA,NA,NA,1,2,2,4,0,0,0,1,2,2,0,4,5,0,-42.6,-47.22,-48.69,0,3,"Brazil","Pernambuco","Lagoa dos Gatos",-8.68610764,-35.8958853996463,16318,"BRA","BR",76,"BRL","2608701","ChIJzzwYT7-qAAcREUgcnCFWyYs",NA,"BRPE2608701",NA,"BRA.17.98_1"
"484fe392",2021-12-23,761,11,NA,NA,19689,10368,8268,NA,NA,NA,1,2,2,4,0,0,0,1,2,2,0,4,5,0,-42.6,-47.22,-48.69,0,3,"Brazil","Pernambuco","Lagoa dos Gatos",-8.68610764,-35.8958853996463,16318,"BRA","BR",76,"BRL","2608701","ChIJzzwYT7-qAAcREUgcnCFWyYs",NA,"BRPE2608701",NA,"BRA.17.98_1"
"484fe392",2021-12-24,761,11,NA,NA,NA,NA,NA,NA,NA,NA,1,2,2,4,0,0,0,1,2,2,0,4,5,0,-42.6,-47.22,-48.69,0,3,"Brazil","Pernambuco","Lagoa dos Gatos",-8.68610764,-35.8958853996463,16318,"BRA","BR",76,"BRL","2608701","ChIJzzwYT7-qAAcREUgcnCFWyYs",NA,"BRPE2608701",NA,"BRA.17.98_1"
"484fe392",2021-12-25,761,11,NA,NA,NA,NA,NA,NA,NA,NA,1,2,2,4,0,0,0,1,2,2,0,4,5,0,-42.6,-47.22,-48.69,0,3,"Brazil","Pernambuco","Lagoa dos Gatos",-8.68610764,-35.8958853996463,16318,"BRA","BR",76,"BRL","2608701","ChIJzzwYT7-qAAcREUgcnCFWyYs",NA,"BRPE2608701",NA,"BRA.17.98_1"
"484fe392",2021-12-26,761,11,NA,NA,NA,NA,NA,NA,NA,NA,1,2,2,4,0,0,0,1,2,2,0,4,5,0,-42.6,-47.22,-48.69,0,3,"Brazil","Pernambuco","Lagoa dos Gatos",-8.68610764,-35.8958853996463,16318,"BRA","BR",76,"BRL","2608701","ChIJzzwYT7-qAAcREUgcnCFWyYs",NA,"BRPE2608701",NA,"BRA.17.98_1"
"484fe392",2021-12-27,761,11,NA,NA,NA,NA,NA,NA,NA,NA,1,2,2,4,0,0,0,1,2,2,0,4,5,0,-42.6,-47.22,-48.69,0,3,"Brazil","Pernambuco","Lagoa dos Gatos",-8.68610764,-35.8958853996463,16318,"BRA","BR",76,"BRL","2608701","ChIJzzwYT7-qAAcREUgcnCFWyYs",NA,"BRPE2608701",NA,"BRA.17.98_1"
"484fe392",2021-12-28,761,11,NA,NA,NA,NA,NA,NA,NA,NA,1,2,2,4,0,0,0,1,2,2,0,4,5,0,-42.6,-47.22,-48.69,0,3,"Brazil","Pernambuco","Lagoa dos Gatos",-8.68610764,-35.8958853996463,16318,"BRA","BR",76,"BRL","2608701","ChIJzzwYT7-qAAcREUgcnCFWyYs",NA,"BRPE2608701",NA,"BRA.17.98_1"
"484fe392",2021-12-29,761,11,NA,NA,19760,10371,8302,NA,NA,NA,1,2,2,4,0,0,0,1,2,2,0,4,5,0,-42.6,-47.22,-48.69,0,3,"Brazil","Pernambuco","Lagoa dos Gatos",-8.68610764,-35.8958853996463,16318,"BRA","BR",76,"BRL","2608701","ChIJzzwYT7-qAAcREUgcnCFWyYs",NA,"BRPE2608701",NA,"BRA.17.98_1"
"484fe392",2021-12-30,761,11,NA,NA,NA,NA,NA,NA,NA,NA,1,2,2,4,0,0,0,1,2,2,0,4,5,0,-42.6,-47.22,-48.69,0,3,"Brazil","Pernambuco","Lagoa dos Gatos",-8.68610764,-35.8958853996463,16318,"BRA","BR",76,"BRL","2608701","ChIJzzwYT7-qAAcREUgcnCFWyYs",NA,"BRPE2608701",NA,"BRA.17.98_1"
"484fe392",2021-12-31,761,11,NA,NA,NA,NA,NA,NA,NA,NA,1,2,2,4,0,0,0,1,2,2,0,4,5,0,-42.6,-47.22,-48.69,0,3,"Brazil","Pernambuco","Lagoa dos Gatos",-8.68610764,-35.8958853996463,16318,"BRA","BR",76,"BRL","2608701","ChIJzzwYT7-qAAcREUgcnCFWyYs",NA,"BRPE2608701",NA,"BRA.17.98_1"
"484fe392",2022-01-01,761,11,NA,NA,19761,10372,8302,NA,NA,NA,1,2,2,4,0,0,0,1,2,2,0,4,5,0,-42.6,-47.22,-48.69,0,3,"Brazil","Pernambuco","Lagoa dos Gatos",-8.68610764,-35.8958853996463,16318,"BRA","BR",76,"BRL","2608701","ChIJzzwYT7-qAAcREUgcnCFWyYs",NA,"BRPE2608701",NA,"BRA.17.98_1"
"484fe392",2022-01-02,761,11,NA,NA,NA,NA,NA,NA,NA,NA,1,2,2,4,0,0,0,1,2,2,0,4,5,0,-42.6,-47.22,-48.69,0,3,"Brazil","Pernambuco","Lagoa dos Gatos",-8.68610764,-35.8958853996463,16318,"BRA","BR",76,"BRL","2608701","ChIJzzwYT7-qAAcREUgcnCFWyYs",NA,"BRPE2608701",NA,"BRA.17.98_1"
"484fe392",2022-01-03,761,11,NA,NA,NA,NA,NA,NA,NA,NA,1,2,2,4,0,0,0,1,2,2,0,4,5,0,-42.6,-47.22,-48.69,0,3,"Brazil","Pernambuco","Lagoa dos Gatos",-8.68610764,-35.8958853996463,16318,"BRA","BR",76,"BRL","2608701","ChIJzzwYT7-qAAcREUgcnCFWyYs",NA,"BRPE2608701",NA,"BRA.17.98_1"
"484fe392",2022-01-04,761,11,NA,NA,19764,10373,8304,NA,NA,NA,1,2,2,4,0,0,0,1,2,2,0,4,5,0,-42.6,-47.22,-48.69,0,3,"Brazil","Pernambuco","Lagoa dos Gatos",-8.68610764,-35.8958853996463,16318,"BRA","BR",76,"BRL","2608701","ChIJzzwYT7-qAAcREUgcnCFWyYs",NA,"BRPE2608701",NA,"BRA.17.98_1"
"484fe392",2022-01-05,761,11,NA,NA,NA,NA,NA,NA,NA,NA,1,2,2,4,0,0,0,1,2,2,0,4,5,0,-42.6,-47.22,-48.69,0,3,"Brazil","Pernambuco","Lagoa dos Gatos",-8.68610764,-35.8958853996463,16318,"BRA","BR",76,"BRL","2608701","ChIJzzwYT7-qAAcREUgcnCFWyYs",NA,"BRPE2608701",NA,"BRA.17.98_1"
"484fe392",2022-01-06,761,11,NA,NA,19837,10377,8313,NA,NA,NA,1,2,2,4,0,0,0,1,2,2,0,4,5,0,-42.6,-47.22,-48.69,0,3,"Brazil","Pernambuco","Lagoa dos Gatos",-8.68610764,-35.8958853996463,16318,"BRA","BR",76,"BRL","2608701","ChIJzzwYT7-qAAcREUgcnCFWyYs",NA,"BRPE2608701",NA,"BRA.17.98_1"
"484fe392",2022-01-07,761,11,NA,NA,19860,10378,8315,NA,NA,NA,1,2,2,4,0,0,0,1,2,2,0,4,5,0,-42.6,-47.22,-48.69,0,3,"Brazil","Pernambuco","Lagoa dos Gatos",-8.68610764,-35.8958853996463,16318,"BRA","BR",76,"BRL","2608701","ChIJzzwYT7-qAAcREUgcnCFWyYs",NA,"BRPE2608701",NA,"BRA.17.98_1"
"484fe392",2022-01-08,761,11,NA,NA,NA,NA,NA,NA,NA,NA,1,2,2,4,0,0,0,1,2,2,0,4,5,0,-42.6,-47.22,-48.69,0,3,"Brazil","Pernambuco","Lagoa dos Gatos",-8.68610764,-35.8958853996463,16318,"BRA","BR",76,"BRL","2608701","ChIJzzwYT7-qAAcREUgcnCFWyYs",NA,"BRPE2608701",NA,"BRA.17.98_1"
"484fe392",2022-01-09,761,11,NA,NA,NA,NA,NA,NA,NA,NA,1,2,2,4,0,0,0,1,2,2,0,4,5,0,-42.6,-47.22,-48.69,0,3,"Brazil","Pernambuco","Lagoa dos Gatos",-8.68610764,-35.8958853996463,16318,"BRA","BR",76,"BRL","2608701","ChIJzzwYT7-qAAcREUgcnCFWyYs",NA,"BRPE2608701",NA,"BRA.17.98_1"
"484fe392",2022-01-10,761,11,NA,NA,19947,10386,8336,NA,NA,NA,1,2,2,4,0,0,0,1,2,2,0,4,5,0,-42.6,-47.22,-48.69,0,3,"Brazil","Pernambuco","Lagoa dos Gatos",-8.68610764,-35.8958853996463,16318,"BRA","BR",76,"BRL","2608701","ChIJzzwYT7-qAAcREUgcnCFWyYs",NA,"BRPE2608701",NA,"BRA.17.98_1"
"484fe392",2022-01-11,761,11,NA,NA,19989,10391,8338,NA,NA,NA,1,2,2,4,0,0,0,1,2,2,0,4,5,0,-42.6,-47.22,-48.69,0,3,"Brazil","Pernambuco","Lagoa dos Gatos",-8.68610764,-35.8958853996463,16318,"BRA","BR",76,"BRL","2608701","ChIJzzwYT7-qAAcREUgcnCFWyYs",NA,"BRPE2608701",NA,"BRA.17.98_1"
"484fe392",2022-01-12,761,11,NA,NA,20083,10395,8354,NA,NA,NA,1,2,2,4,0,0,0,1,2,2,0,4,5,0,-42.6,-47.22,-48.69,0,3,"Brazil","Pernambuco","Lagoa dos Gatos",-8.68610764,-35.8958853996463,16318,"BRA","BR",76,"BRL","2608701","ChIJzzwYT7-qAAcREUgcnCFWyYs",NA,"BRPE2608701",NA,"BRA.17.98_1"
"484fe392",2022-01-13,761,11,NA,NA,20169,10399,8383,NA,NA,NA,1,2,2,4,0,0,0,1,2,2,0,4,5,0,-42.6,-47.22,-48.69,0,3,"Brazil","Pernambuco","Lagoa dos Gatos",-8.68610764,-35.8958853996463,16318,"BRA","BR",76,"BRL","2608701","ChIJzzwYT7-qAAcREUgcnCFWyYs",NA,"BRPE2608701",NA,"BRA.17.98_1"
"484fe392",2022-01-14,761,11,NA,NA,NA,NA,NA,NA,NA,NA,1,2,2,4,0,0,0,1,2,2,0,4,5,0,-42.6,-47.22,-48.69,0,3,"Brazil","Pernambuco","Lagoa dos Gatos",-8.68610764,-35.8958853996463,16318,"BRA","BR",76,"BRL","2608701","ChIJzzwYT7-qAAcREUgcnCFWyYs",NA,"BRPE2608701",NA,"BRA.17.98_1"
"484fe392",2022-01-15,761,11,NA,NA,NA,NA,NA,NA,NA,NA,1,2,2,4,0,0,0,1,2,2,0,4,5,0,-42.6,-47.22,-48.69,0,3,"Brazil","Pernambuco","Lagoa dos Gatos",-8.68610764,-35.8958853996463,16318,"BRA","BR",76,"BRL","2608701","ChIJzzwYT7-qAAcREUgcnCFWyYs",NA,"BRPE2608701",NA,"BRA.17.98_1"
"484fe392",2022-01-16,761,11,NA,NA,20170,10400,8383,NA,NA,NA,1,2,2,4,0,0,0,1,2,2,0,4,5,0,-42.6,-47.22,-48.69,0,3,"Brazil","Pernambuco","Lagoa dos Gatos",-8.68610764,-35.8958853996463,16318,"BRA","BR",76,"BRL","2608701","ChIJzzwYT7-qAAcREUgcnCFWyYs",NA,"BRPE2608701",NA,"BRA.17.98_1"
"484fe392",2022-01-17,761,11,NA,NA,20253,10407,8394,NA,NA,NA,1,2,2,4,0,0,0,1,2,2,0,4,5,0,-42.6,-47.22,-48.69,0,3,"Brazil","Pernambuco","Lagoa dos Gatos",-8.68610764,-35.8958853996463,16318,"BRA","BR",76,"BRL","2608701","ChIJzzwYT7-qAAcREUgcnCFWyYs",NA,"BRPE2608701",NA,"BRA.17.98_1"
"484fe392",2022-01-18,761,11,NA,NA,20364,10413,8423,NA,NA,NA,1,2,2,4,0,0,0,1,2,2,0,4,5,0,-42.6,-47.22,-48.69,0,3,"Brazil","Pernambuco","Lagoa dos Gatos",-8.68610764,-35.8958853996463,16318,"BRA","BR",76,"BRL","2608701","ChIJzzwYT7-qAAcREUgcnCFWyYs",NA,"BRPE2608701",NA,"BRA.17.98_1"
"484fe392",2022-01-19,764,11,NA,NA,20370,10418,8423,NA,NA,NA,1,2,2,4,0,0,0,1,2,2,0,4,5,0,-42.6,-47.22,-48.69,0,3,"Brazil","Pernambuco","Lagoa dos Gatos",-8.68610764,-35.8958853996463,16318,"BRA","BR",76,"BRL","2608701","ChIJzzwYT7-qAAcREUgcnCFWyYs",NA,"BRPE2608701",NA,"BRA.17.98_1"
"484fe392",2022-01-20,764,11,NA,NA,NA,NA,NA,NA,NA,NA,1,2,2,4,0,0,0,1,2,2,0,4,5,0,-42.6,-47.22,-48.69,0,3,"Brazil","Pernambuco","Lagoa dos Gatos",-8.68610764,-35.8958853996463,16318,"BRA","BR",76,"BRL","2608701","ChIJzzwYT7-qAAcREUgcnCFWyYs",NA,"BRPE2608701",NA,"BRA.17.98_1"
"484fe392",2022-01-21,776,11,NA,NA,20435,10429,8426,NA,NA,NA,1,2,2,4,0,0,0,1,2,2,0,4,5,0,-42.6,-47.22,-48.69,0,3,"Brazil","Pernambuco","Lagoa dos Gatos",-8.68610764,-35.8958853996463,16318,"BRA","BR",76,"BRL","2608701","ChIJzzwYT7-qAAcREUgcnCFWyYs",NA,"BRPE2608701",NA,"BRA.17.98_1"
"484fe392",2022-01-22,783,11,NA,NA,NA,NA,NA,NA,NA,NA,1,2,2,4,0,0,0,1,2,2,0,4,5,0,-42.6,-47.22,-48.69,0,3,"Brazil","Pernambuco","Lagoa dos Gatos",-8.68610764,-35.8958853996463,16318,"BRA","BR",76,"BRL","2608701","ChIJzzwYT7-qAAcREUgcnCFWyYs",NA,"BRPE2608701",NA,"BRA.17.98_1"
"484fe392",2022-01-23,800,11,NA,NA,NA,NA,NA,NA,NA,NA,1,2,2,4,0,0,0,1,2,2,0,4,5,0,-42.6,-47.22,-48.69,0,3,"Brazil","Pernambuco","Lagoa dos Gatos",-8.68610764,-35.8958853996463,16318,"BRA","BR",76,"BRL","2608701","ChIJzzwYT7-qAAcREUgcnCFWyYs",NA,"BRPE2608701",NA,"BRA.17.98_1"
"484fe392",2022-01-24,800,11,NA,NA,20527,10438,8436,NA,NA,NA,1,2,2,4,0,0,0,1,2,2,0,4,5,0,-42.6,-47.22,-48.69,0,3,"Brazil","Pernambuco","Lagoa dos Gatos",-8.68610764,-35.8958853996463,16318,"BRA","BR",76,"BRL","2608701","ChIJzzwYT7-qAAcREUgcnCFWyYs",NA,"BRPE2608701",NA,"BRA.17.98_1"
"484fe392",2022-01-25,801,11,NA,NA,20709,10446,8479,NA,NA,NA,1,2,2,4,0,0,0,1,2,2,0,4,5,0,-42.6,-47.22,-48.69,0,3,"Brazil","Pernambuco","Lagoa dos Gatos",-8.68610764,-35.8958853996463,16318,"BRA","BR",76,"BRL","2608701","ChIJzzwYT7-qAAcREUgcnCFWyYs",NA,"BRPE2608701",NA,"BRA.17.98_1"
"484fe392",2022-01-26,802,11,NA,NA,20715,10448,8482,NA,NA,NA,1,2,2,4,0,0,0,1,2,2,0,4,5,0,-42.6,-47.22,-48.69,0,3,"Brazil","Pernambuco","Lagoa dos Gatos",-8.68610764,-35.8958853996463,16318,"BRA","BR",76,"BRL","2608701","ChIJzzwYT7-qAAcREUgcnCFWyYs",NA,"BRPE2608701",NA,"BRA.17.98_1"
"484fe392",2022-01-27,806,11,NA,NA,20719,10452,8482,NA,NA,NA,1,2,2,4,0,0,0,1,2,2,0,4,5,0,-42.6,-47.22,-48.69,0,3,"Brazil","Pernambuco","Lagoa dos Gatos",-8.68610764,-35.8958853996463,16318,"BRA","BR",76,"BRL","2608701","ChIJzzwYT7-qAAcREUgcnCFWyYs",NA,"BRPE2608701",NA,"BRA.17.98_1"
"484fe392",2022-01-28,807,11,NA,NA,20856,10589,8482,NA,NA,NA,-2,2,2,4,0,0,0,1,2,2,0,4,5,0,-43.65,-49.07,-49.88,0,3,"Brazil","Pernambuco","Lagoa dos Gatos",-8.68610764,-35.8958853996463,16318,"BRA","BR",76,"BRL","2608701","ChIJzzwYT7-qAAcREUgcnCFWyYs",NA,"BRPE2608701",NA,"BRA.17.98_1"
"484fe392",2022-01-29,808,11,NA,NA,NA,NA,NA,NA,NA,NA,-2,2,2,4,0,0,0,1,2,2,0,4,5,0,-43.65,-49.07,-49.88,0,3,"Brazil","Pernambuco","Lagoa dos Gatos",-8.68610764,-35.8958853996463,16318,"BRA","BR",76,"BRL","2608701","ChIJzzwYT7-qAAcREUgcnCFWyYs",NA,"BRPE2608701",NA,"BRA.17.98_1"
"484fe392",2022-01-30,808,11,NA,NA,NA,NA,NA,NA,NA,NA,-2,2,2,4,0,0,0,1,2,2,0,4,5,0,-43.65,-49.07,-49.88,0,3,"Brazil","Pernambuco","Lagoa dos Gatos",-8.68610764,-35.8958853996463,16318,"BRA","BR",76,"BRL","2608701","ChIJzzwYT7-qAAcREUgcnCFWyYs",NA,"BRPE2608701",NA,"BRA.17.98_1"
"484fe392",2022-01-31,808,11,NA,NA,20959,10601,8491,NA,NA,NA,-2,2,2,4,0,0,0,1,2,2,0,4,5,0,-43.65,-49.07,-49.88,0,3,"Brazil","Pernambuco","Lagoa dos Gatos",-8.68610764,-35.8958853996463,16318,"BRA","BR",76,"BRL","2608701","ChIJzzwYT7-qAAcREUgcnCFWyYs",NA,"BRPE2608701",NA,"BRA.17.98_1"
"484fe392",2022-02-01,808,11,NA,NA,21066,10614,8502,NA,NA,NA,-2,2,2,4,0,0,0,1,2,2,0,4,5,0,-43.65,-49.07,-49.88,0,3,"Brazil","Pernambuco","Lagoa dos Gatos",-8.68610764,-35.8958853996463,16318,"BRA","BR",76,"BRL","2608701","ChIJzzwYT7-qAAcREUgcnCFWyYs",NA,"BRPE2608701",NA,"BRA.17.98_1"
"484fe392",2022-02-02,811,11,NA,NA,21180,10623,8509,NA,NA,NA,-2,2,2,4,0,0,0,1,2,2,0,4,5,0,-43.65,-49.07,-49.88,0,3,"Brazil","Pernambuco","Lagoa dos Gatos",-8.68610764,-35.8958853996463,16318,"BRA","BR",76,"BRL","2608701","ChIJzzwYT7-qAAcREUgcnCFWyYs",NA,"BRPE2608701",NA,"BRA.17.98_1"
"484fe392",2022-02-03,811,11,NA,NA,21256,10628,8522,NA,NA,NA,-2,2,2,4,0,0,0,1,2,2,0,4,5,0,-43.65,-49.07,-49.88,0,3,"Brazil","Pernambuco","Lagoa dos Gatos",-8.68610764,-35.8958853996463,16318,"BRA","BR",76,"BRL","2608701","ChIJzzwYT7-qAAcREUgcnCFWyYs",NA,"BRPE2608701",NA,"BRA.17.98_1"
"484fe392",2022-02-04,814,11,NA,NA,21348,10684,8525,NA,NA,NA,-2,2,2,4,0,0,0,1,2,2,0,4,5,0,-43.65,-49.07,-49.88,0,3,"Brazil","Pernambuco","Lagoa dos Gatos",-8.68610764,-35.8958853996463,16318,"BRA","BR",76,"BRL","2608701","ChIJzzwYT7-qAAcREUgcnCFWyYs",NA,"BRPE2608701",NA,"BRA.17.98_1"
"484fe392",2022-02-05,866,11,NA,NA,NA,NA,NA,NA,NA,NA,-2,2,2,4,0,0,0,1,2,2,0,4,5,0,-43.65,-49.07,-49.88,0,3,"Brazil","Pernambuco","Lagoa dos Gatos",-8.68610764,-35.8958853996463,16318,"BRA","BR",76,"BRL","2608701","ChIJzzwYT7-qAAcREUgcnCFWyYs",NA,"BRPE2608701",NA,"BRA.17.98_1"
"484fe392",2022-02-06,866,11,NA,NA,NA,NA,NA,NA,NA,NA,-2,2,2,4,0,0,0,1,2,2,0,4,5,0,-43.65,-49.07,-49.88,0,3,"Brazil","Pernambuco","Lagoa dos Gatos",-8.68610764,-35.8958853996463,16318,"BRA","BR",76,"BRL","2608701","ChIJzzwYT7-qAAcREUgcnCFWyYs",NA,"BRPE2608701",NA,"BRA.17.98_1"
"484fe392",2022-02-07,866,11,NA,NA,21452,10690,8533,NA,NA,NA,-2,2,2,4,0,0,0,1,2,2,0,4,5,0,-43.65,-49.07,-49.88,0,3,"Brazil","Pernambuco","Lagoa dos Gatos",-8.68610764,-35.8958853996463,16318,"BRA","BR",76,"BRL","2608701","ChIJzzwYT7-qAAcREUgcnCFWyYs",NA,"BRPE2608701",NA,"BRA.17.98_1"
"484fe392",2022-02-08,866,11,NA,NA,21523,10705,8538,NA,NA,NA,-2,2,2,4,0,0,0,1,2,2,0,4,5,0,-43.65,-49.07,-49.88,0,3,"Brazil","Pernambuco","Lagoa dos Gatos",-8.68610764,-35.8958853996463,16318,"BRA","BR",76,"BRL","2608701","ChIJzzwYT7-qAAcREUgcnCFWyYs",NA,"BRPE2608701",NA,"BRA.17.98_1"
"484fe392",2022-02-09,867,11,NA,NA,21600,10713,8538,NA,NA,NA,-2,2,2,4,0,0,0,1,2,2,0,4,5,0,-43.65,-49.07,-49.88,0,3,"Brazil","Pernambuco","Lagoa dos Gatos",-8.68610764,-35.8958853996463,16318,"BRA","BR",76,"BRL","2608701","ChIJzzwYT7-qAAcREUgcnCFWyYs",NA,"BRPE2608701",NA,"BRA.17.98_1"
"484fe392",2022-02-10,907,11,NA,NA,21671,10732,8542,NA,NA,NA,-2,2,2,4,0,0,0,1,2,2,0,4,5,0,-43.65,-49.07,-49.88,0,3,"Brazil","Pernambuco","Lagoa dos Gatos",-8.68610764,-35.8958853996463,16318,"BRA","BR",76,"BRL","2608701","ChIJzzwYT7-qAAcREUgcnCFWyYs",NA,"BRPE2608701",NA,"BRA.17.98_1"
"484fe392",2022-02-11,909,11,NA,NA,21885,10908,8542,NA,NA,NA,-2,2,2,4,0,0,0,1,2,2,0,4,5,0,-43.65,-49.07,-49.88,0,3,"Brazil","Pernambuco","Lagoa dos Gatos",-8.68610764,-35.8958853996463,16318,"BRA","BR",76,"BRL","2608701","ChIJzzwYT7-qAAcREUgcnCFWyYs",NA,"BRPE2608701",NA,"BRA.17.98_1"
"484fe392",2022-02-12,909,11,NA,NA,NA,NA,NA,NA,NA,NA,-2,2,2,4,0,0,0,1,2,2,0,4,5,0,-43.65,-49.07,-49.88,0,3,"Brazil","Pernambuco","Lagoa dos Gatos",-8.68610764,-35.8958853996463,16318,"BRA","BR",76,"BRL","2608701","ChIJzzwYT7-qAAcREUgcnCFWyYs",NA,"BRPE2608701",NA,"BRA.17.98_1"
"484fe392",2022-02-13,909,11,NA,NA,NA,NA,NA,NA,NA,NA,-2,2,2,4,0,0,0,1,2,2,0,4,5,0,-43.65,-49.07,-49.88,0,3,"Brazil","Pernambuco","Lagoa dos Gatos",-8.68610764,-35.8958853996463,16318,"BRA","BR",76,"BRL","2608701","ChIJzzwYT7-qAAcREUgcnCFWyYs",NA,"BRPE2608701",NA,"BRA.17.98_1"
"484fe392",2022-02-14,909,11,NA,NA,21988,10917,8557,NA,NA,NA,-2,2,2,4,0,0,0,1,2,2,0,4,5,0,-43.65,-49.07,-49.88,0,3,"Brazil","Pernambuco","Lagoa dos Gatos",-8.68610764,-35.8958853996463,16318,"BRA","BR",76,"BRL","2608701","ChIJzzwYT7-qAAcREUgcnCFWyYs",NA,"BRPE2608701",NA,"BRA.17.98_1"
"484fe392",2022-02-15,909,11,NA,NA,22071,10923,8577,NA,NA,NA,-2,2,2,4,0,0,0,1,2,2,0,4,5,0,-43.65,-49.07,-49.88,0,3,"Brazil","Pernambuco","Lagoa dos Gatos",-8.68610764,-35.8958853996463,16318,"BRA","BR",76,"BRL","2608701","ChIJzzwYT7-qAAcREUgcnCFWyYs",NA,"BRPE2608701",NA,"BRA.17.98_1"
"484fe392",2022-02-16,909,11,NA,NA,22169,10928,8592,NA,NA,NA,-2,2,2,4,0,0,0,1,2,2,0,4,5,0,-43.65,-49.07,-49.88,0,3,"Brazil","Pernambuco","Lagoa dos Gatos",-8.68610764,-35.8958853996463,16318,"BRA","BR",76,"BRL","2608701","ChIJzzwYT7-qAAcREUgcnCFWyYs",NA,"BRPE2608701",NA,"BRA.17.98_1"
"484fe392",2022-02-17,925,11,NA,NA,22278,10932,8602,NA,NA,NA,-2,2,2,4,0,0,0,1,2,2,0,4,5,0,-43.65,-49.07,-49.88,0,3,"Brazil","Pernambuco","Lagoa dos Gatos",-8.68610764,-35.8958853996463,16318,"BRA","BR",76,"BRL","2608701","ChIJzzwYT7-qAAcREUgcnCFWyYs",NA,"BRPE2608701",NA,"BRA.17.98_1"
"484fe392",2022-02-18,926,11,NA,NA,22447,11096,8603,NA,NA,NA,-2,2,2,4,0,0,0,1,2,2,0,4,5,0,-43.65,-49.07,-49.88,0,3,"Brazil","Pernambuco","Lagoa dos Gatos",-8.68610764,-35.8958853996463,16318,"BRA","BR",76,"BRL","2608701","ChIJzzwYT7-qAAcREUgcnCFWyYs",NA,"BRPE2608701",NA,"BRA.17.98_1"
"484fe392",2022-02-19,926,11,NA,NA,22473,11096,8604,NA,NA,NA,-2,2,2,4,0,0,0,1,2,2,0,4,5,0,-43.65,-49.07,-49.88,0,3,"Brazil","Pernambuco","Lagoa dos Gatos",-8.68610764,-35.8958853996463,16318,"BRA","BR",76,"BRL","2608701","ChIJzzwYT7-qAAcREUgcnCFWyYs",NA,"BRPE2608701",NA,"BRA.17.98_1"
"484fe392",2022-02-20,926,11,NA,NA,NA,NA,NA,NA,NA,NA,-2,2,2,4,0,0,0,1,2,2,0,4,5,0,-43.65,-49.07,-49.88,0,3,"Brazil","Pernambuco","Lagoa dos Gatos",-8.68610764,-35.8958853996463,16318,"BRA","BR",76,"BRL","2608701","ChIJzzwYT7-qAAcREUgcnCFWyYs",NA,"BRPE2608701",NA,"BRA.17.98_1"
"484fe392",2022-02-21,926,11,NA,NA,22602,11104,8621,NA,NA,NA,-2,2,2,4,0,0,0,1,2,2,0,4,5,0,-43.65,-49.07,-49.88,0,3,"Brazil","Pernambuco","Lagoa dos Gatos",-8.68610764,-35.8958853996463,16318,"BRA","BR",76,"BRL","2608701","ChIJzzwYT7-qAAcREUgcnCFWyYs",NA,"BRPE2608701",NA,"BRA.17.98_1"
"484fe392",2022-02-22,926,11,NA,NA,22707,11109,8655,NA,NA,NA,-2,2,2,4,0,0,0,1,2,2,0,4,5,0,-43.65,-49.07,-49.88,0,3,"Brazil","Pernambuco","Lagoa dos Gatos",-8.68610764,-35.8958853996463,16318,"BRA","BR",76,"BRL","2608701","ChIJzzwYT7-qAAcREUgcnCFWyYs",NA,"BRPE2608701",NA,"BRA.17.98_1"
"484fe392",2022-02-23,925,11,NA,NA,22783,11113,8668,NA,NA,NA,-2,2,2,4,0,0,0,1,2,2,0,4,5,0,-43.65,-49.07,-49.88,0,3,"Brazil","Pernambuco","Lagoa dos Gatos",-8.68610764,-35.8958853996463,16318,"BRA","BR",76,"BRL","2608701","ChIJzzwYT7-qAAcREUgcnCFWyYs",NA,"BRPE2608701",NA,"BRA.17.98_1"
"484fe392",2022-02-24,925,11,NA,NA,22918,11137,8672,NA,NA,NA,-2,2,2,4,0,0,0,1,2,2,0,4,5,0,-43.65,-49.07,-49.88,0,3,"Brazil","Pernambuco","Lagoa dos Gatos",-8.68610764,-35.8958853996463,16318,"BRA","BR",76,"BRL","2608701","ChIJzzwYT7-qAAcREUgcnCFWyYs",NA,"BRPE2608701",NA,"BRA.17.98_1"
"484fe392",2022-02-25,927,11,NA,NA,23195,11404,8673,NA,NA,NA,-2,2,2,4,0,0,0,1,2,2,0,4,5,0,-43.65,-49.07,-49.88,0,3,"Brazil","Pernambuco","Lagoa dos Gatos",-8.68610764,-35.8958853996463,16318,"BRA","BR",76,"BRL","2608701","ChIJzzwYT7-qAAcREUgcnCFWyYs",NA,"BRPE2608701",NA,"BRA.17.98_1"
"484fe392",2022-02-26,927,11,NA,NA,NA,NA,NA,NA,NA,NA,-2,2,2,4,0,0,0,1,2,2,0,4,5,0,-43.65,-49.07,-49.88,0,3,"Brazil","Pernambuco","Lagoa dos Gatos",-8.68610764,-35.8958853996463,16318,"BRA","BR",76,"BRL","2608701","ChIJzzwYT7-qAAcREUgcnCFWyYs",NA,"BRPE2608701",NA,"BRA.17.98_1"
"484fe392",2022-02-27,927,11,NA,NA,NA,NA,NA,NA,NA,NA,-2,2,2,4,0,0,0,1,2,2,0,4,5,0,-43.65,-49.07,-49.88,0,3,"Brazil","Pernambuco","Lagoa dos Gatos",-8.68610764,-35.8958853996463,16318,"BRA","BR",76,"BRL","2608701","ChIJzzwYT7-qAAcREUgcnCFWyYs",NA,"BRPE2608701",NA,"BRA.17.98_1"
"484fe392",2022-02-28,927,11,NA,NA,NA,NA,NA,NA,NA,NA,-2,2,2,4,0,0,0,1,2,2,0,4,5,0,-43.65,-49.07,-49.88,0,3,"Brazil","Pernambuco","Lagoa dos Gatos",-8.68610764,-35.8958853996463,16318,"BRA","BR",76,"BRL","2608701","ChIJzzwYT7-qAAcREUgcnCFWyYs",NA,"BRPE2608701",NA,"BRA.17.98_1"
"484fe392",2022-03-01,927,11,NA,NA,NA,NA,NA,NA,NA,NA,-2,2,2,4,0,0,0,1,2,2,0,4,5,0,-43.65,-49.07,-49.88,0,3,"Brazil","Pernambuco","Lagoa dos Gatos",-8.68610764,-35.8958853996463,16318,"BRA","BR",76,"BRL","2608701","ChIJzzwYT7-qAAcREUgcnCFWyYs",NA,"BRPE2608701",NA,"BRA.17.98_1"
"484fe392",2022-03-02,927,11,NA,NA,23229,11405,8677,NA,NA,NA,-2,2,2,4,0,0,0,1,2,2,0,4,5,0,-43.65,-49.07,-49.88,0,3,"Brazil","Pernambuco","Lagoa dos Gatos",-8.68610764,-35.8958853996463,16318,"BRA","BR",76,"BRL","2608701","ChIJzzwYT7-qAAcREUgcnCFWyYs",NA,"BRPE2608701",NA,"BRA.17.98_1"
"484fe392",2022-03-03,927,11,NA,NA,23294,11410,8685,NA,NA,NA,1,2,2,4,0,0,0,1,2,2,0,4,5,0,-42.6,-47.22,-48.69,0,3,"Brazil","Pernambuco","Lagoa dos Gatos",-8.68610764,-35.8958853996463,16318,"BRA","BR",76,"BRL","2608701","ChIJzzwYT7-qAAcREUgcnCFWyYs",NA,"BRPE2608701",NA,"BRA.17.98_1"
"484fe392",2022-03-04,927,11,NA,NA,23400,11463,8686,NA,NA,NA,1,2,2,4,0,0,0,1,2,2,0,4,5,0,-42.6,-47.22,-48.69,0,3,"Brazil","Pernambuco","Lagoa dos Gatos",-8.68610764,-35.8958853996463,16318,"BRA","BR",76,"BRL","2608701","ChIJzzwYT7-qAAcREUgcnCFWyYs",NA,"BRPE2608701",NA,"BRA.17.98_1"
"484fe392",2022-03-05,927,11,NA,NA,NA,NA,NA,NA,NA,NA,1,2,2,4,0,0,0,1,2,2,0,4,5,0,-42.6,-47.22,-48.69,0,3,"Brazil","Pernambuco","Lagoa dos Gatos",-8.68610764,-35.8958853996463,16318,"BRA","BR",76,"BRL","2608701","ChIJzzwYT7-qAAcREUgcnCFWyYs",NA,"BRPE2608701",NA,"BRA.17.98_1"
"484fe392",2022-03-06,927,11,NA,NA,NA,NA,NA,NA,NA,NA,1,2,2,4,0,0,0,1,2,2,0,4,5,0,-42.6,-47.22,-48.69,0,3,"Brazil","Pernambuco","Lagoa dos Gatos",-8.68610764,-35.8958853996463,16318,"BRA","BR",76,"BRL","2608701","ChIJzzwYT7-qAAcREUgcnCFWyYs",NA,"BRPE2608701",NA,"BRA.17.98_1"
"484fe392",2022-03-07,927,11,NA,NA,23523,11469,8696,NA,NA,NA,1,2,2,4,0,0,0,1,2,2,0,4,5,0,-42.6,-47.22,-48.69,0,3,"Brazil","Pernambuco","Lagoa dos Gatos",-8.68610764,-35.8958853996463,16318,"BRA","BR",76,"BRL","2608701","ChIJzzwYT7-qAAcREUgcnCFWyYs",NA,"BRPE2608701",NA,"BRA.17.98_1"
"484fe392",2022-03-08,927,11,NA,NA,23604,11469,8707,NA,NA,NA,1,2,2,4,0,0,0,1,2,2,0,4,5,0,-42.6,-47.22,-48.69,0,3,"Brazil","Pernambuco","Lagoa dos Gatos",-8.68610764,-35.8958853996463,16318,"BRA","BR",76,"BRL","2608701","ChIJzzwYT7-qAAcREUgcnCFWyYs",NA,"BRPE2608701",NA,"BRA.17.98_1"
"484fe392",2022-03-09,927,11,NA,NA,23662,11476,8712,NA,NA,NA,1,2,2,4,0,0,0,1,2,2,0,4,5,0,-42.6,-47.22,-48.69,0,3,"Brazil","Pernambuco","Lagoa dos Gatos",-8.68610764,-35.8958853996463,16318,"BRA","BR",76,"BRL","2608701","ChIJzzwYT7-qAAcREUgcnCFWyYs",NA,"BRPE2608701",NA,"BRA.17.98_1"
"484fe392",2022-03-10,927,11,NA,NA,23769,11478,8721,NA,NA,NA,1,2,2,4,0,-1,0,1,2,2,0,4,5,0,-43.65,-49.07,-49.88,0,3,"Brazil","Pernambuco","Lagoa dos Gatos",-8.68610764,-35.8958853996463,16318,"BRA","BR",76,"BRL","2608701","ChIJzzwYT7-qAAcREUgcnCFWyYs",NA,"BRPE2608701",NA,"BRA.17.98_1"
"484fe392",2022-03-11,927,11,NA,NA,23830,11512,8721,NA,NA,NA,1,2,2,4,0,-1,0,1,2,2,0,4,5,0,-43.65,-49.07,-49.88,0,3,"Brazil","Pernambuco","Lagoa dos Gatos",-8.68610764,-35.8958853996463,16318,"BRA","BR",76,"BRL","2608701","ChIJzzwYT7-qAAcREUgcnCFWyYs",NA,"BRPE2608701",NA,"BRA.17.98_1"
"484fe392",2022-03-12,927,11,NA,NA,NA,NA,NA,NA,NA,NA,1,2,2,4,0,-1,0,1,2,2,0,4,5,0,-43.65,-49.07,-49.88,0,3,"Brazil","Pernambuco","Lagoa dos Gatos",-8.68610764,-35.8958853996463,16318,"BRA","BR",76,"BRL","2608701","ChIJzzwYT7-qAAcREUgcnCFWyYs",NA,"BRPE2608701",NA,"BRA.17.98_1"
"484fe392",2022-03-13,927,11,NA,NA,NA,NA,NA,NA,NA,NA,1,2,2,4,0,-1,0,1,2,2,0,4,5,0,-43.65,-49.07,-49.88,0,3,"Brazil","Pernambuco","Lagoa dos Gatos",-8.68610764,-35.8958853996463,16318,"BRA","BR",76,"BRL","2608701","ChIJzzwYT7-qAAcREUgcnCFWyYs",NA,"BRPE2608701",NA,"BRA.17.98_1"
"484fe392",2022-03-14,927,11,NA,NA,23918,11529,8735,NA,NA,NA,1,2,2,4,0,-1,0,1,2,2,0,4,5,0,-43.65,-49.07,-49.88,0,3,"Brazil","Pernambuco","Lagoa dos Gatos",-8.68610764,-35.8958853996463,16318,"BRA","BR",76,"BRL","2608701","ChIJzzwYT7-qAAcREUgcnCFWyYs",NA,"BRPE2608701",NA,"BRA.17.98_1"
"484fe392",2022-03-15,927,11,NA,NA,24003,11536,8746,NA,NA,NA,1,2,2,4,0,-1,0,1,2,2,0,4,5,0,-43.65,-49.07,-49.88,0,3,"Brazil","Pernambuco","Lagoa dos Gatos",-8.68610764,-35.8958853996463,16318,"BRA","BR",76,"BRL","2608701","ChIJzzwYT7-qAAcREUgcnCFWyYs",NA,"BRPE2608701",NA,"BRA.17.98_1"
"484fe392",2022-03-16,927,12,NA,NA,24042,11536,8747,NA,NA,NA,1,2,2,4,0,-1,0,1,2,2,0,4,5,0,-43.65,-49.07,-49.88,0,3,"Brazil","Pernambuco","Lagoa dos Gatos",-8.68610764,-35.8958853996463,16318,"BRA","BR",76,"BRL","2608701","ChIJzzwYT7-qAAcREUgcnCFWyYs",NA,"BRPE2608701",NA,"BRA.17.98_1"
"484fe392",2022-03-17,927,12,NA,NA,24101,11539,8758,NA,NA,NA,1,2,2,4,0,-1,0,1,2,2,0,4,5,0,-43.65,-49.07,-49.88,0,3,"Brazil","Pernambuco","Lagoa dos Gatos",-8.68610764,-35.8958853996463,16318,"BRA","BR",76,"BRL","2608701","ChIJzzwYT7-qAAcREUgcnCFWyYs",NA,"BRPE2608701",NA,"BRA.17.98_1"
"484fe392",2022-03-18,927,12,NA,NA,24151,11539,8808,NA,NA,NA,1,2,2,4,0,-1,0,1,2,2,0,4,5,0,-43.65,-49.07,-49.88,0,3,"Brazil","Pernambuco","Lagoa dos Gatos",-8.68610764,-35.8958853996463,16318,"BRA","BR",76,"BRL","2608701","ChIJzzwYT7-qAAcREUgcnCFWyYs",NA,"BRPE2608701",NA,"BRA.17.98_1"
"484fe392",2022-03-19,927,12,NA,NA,24152,11539,8809,NA,NA,NA,1,2,2,4,0,-1,0,1,2,2,0,4,5,0,-43.65,-49.07,-49.88,0,3,"Brazil","Pernambuco","Lagoa dos Gatos",-8.68610764,-35.8958853996463,16318,"BRA","BR",76,"BRL","2608701","ChIJzzwYT7-qAAcREUgcnCFWyYs",NA,"BRPE2608701",NA,"BRA.17.98_1"
"484fe392",2022-03-20,927,12,NA,NA,NA,NA,NA,NA,NA,NA,1,2,2,4,0,-1,0,1,2,2,0,4,5,0,-43.65,-49.07,-49.88,0,3,"Brazil","Pernambuco","Lagoa dos Gatos",-8.68610764,-35.8958853996463,16318,"BRA","BR",76,"BRL","2608701","ChIJzzwYT7-qAAcREUgcnCFWyYs",NA,"BRPE2608701",NA,"BRA.17.98_1"
"484fe392",2022-03-21,927,12,NA,NA,24234,11544,8823,NA,NA,NA,1,2,2,4,0,-1,0,1,2,2,0,4,5,0,-43.65,-49.07,-49.88,0,3,"Brazil","Pernambuco","Lagoa dos Gatos",-8.68610764,-35.8958853996463,16318,"BRA","BR",76,"BRL","2608701","ChIJzzwYT7-qAAcREUgcnCFWyYs",NA,"BRPE2608701",NA,"BRA.17.98_1"
"484fe392",2022-03-22,927,12,NA,NA,24285,11549,8827,NA,NA,NA,1,2,2,4,0,-1,0,1,2,2,0,4,5,0,-43.65,-49.07,-49.88,0,3,"Brazil","Pernambuco","Lagoa dos Gatos",-8.68610764,-35.8958853996463,16318,"BRA","BR",76,"BRL","2608701","ChIJzzwYT7-qAAcREUgcnCFWyYs",NA,"BRPE2608701",NA,"BRA.17.98_1"
"484fe392",2022-03-23,927,12,NA,NA,24327,11551,8830,NA,NA,NA,1,2,2,4,0,-1,0,1,2,2,0,4,5,0,-43.65,-49.07,-49.88,0,3,"Brazil","Pernambuco","Lagoa dos Gatos",-8.68610764,-35.8958853996463,16318,"BRA","BR",76,"BRL","2608701","ChIJzzwYT7-qAAcREUgcnCFWyYs",NA,"BRPE2608701",NA,"BRA.17.98_1"
"484fe392",2022-03-24,927,12,NA,NA,24352,11552,8834,NA,NA,NA,1,2,2,4,0,-1,0,1,2,2,0,4,5,0,-43.65,-49.07,-49.88,0,3,"Brazil","Pernambuco","Lagoa dos Gatos",-8.68610764,-35.8958853996463,16318,"BRA","BR",76,"BRL","2608701","ChIJzzwYT7-qAAcREUgcnCFWyYs",NA,"BRPE2608701",NA,"BRA.17.98_1"
"484fe392",2022-03-25,927,12,NA,NA,24473,11592,8891,NA,NA,NA,1,2,2,4,0,-1,0,1,2,2,0,4,5,0,-43.65,-49.07,-49.88,0,3,"Brazil","Pernambuco","Lagoa dos Gatos",-8.68610764,-35.8958853996463,16318,"BRA","BR",76,"BRL","2608701","ChIJzzwYT7-qAAcREUgcnCFWyYs",NA,"BRPE2608701",NA,"BRA.17.98_1"
"484fe392",2022-03-26,927,12,NA,NA,NA,NA,NA,NA,NA,NA,1,2,2,4,0,-1,0,1,2,2,0,4,5,0,-43.65,-49.07,-49.88,0,3,"Brazil","Pernambuco","Lagoa dos Gatos",-8.68610764,-35.8958853996463,16318,"BRA","BR",76,"BRL","2608701","ChIJzzwYT7-qAAcREUgcnCFWyYs",NA,"BRPE2608701",NA,"BRA.17.98_1"
"484fe392",2022-03-27,927,12,NA,NA,NA,NA,NA,NA,NA,NA,1,2,2,4,0,-1,0,1,2,2,0,4,5,0,-43.65,-49.07,-49.88,0,3,"Brazil","Pernambuco","Lagoa dos Gatos",-8.68610764,-35.8958853996463,16318,"BRA","BR",76,"BRL","2608701","ChIJzzwYT7-qAAcREUgcnCFWyYs",NA,"BRPE2608701",NA,"BRA.17.98_1"
"484fe392",2022-03-28,927,12,NA,NA,24541,11596,8903,NA,NA,NA,1,2,2,4,0,-1,0,1,2,2,0,4,5,0,-43.65,-49.07,-49.88,0,3,"Brazil","Pernambuco","Lagoa dos Gatos",-8.68610764,-35.8958853996463,16318,"BRA","BR",76,"BRL","2608701","ChIJzzwYT7-qAAcREUgcnCFWyYs",NA,"BRPE2608701",NA,"BRA.17.98_1"
"484fe392",2022-03-29,927,12,NA,NA,24579,11599,8908,NA,NA,NA,1,2,2,4,0,-1,0,1,2,2,0,4,5,0,-43.65,-49.07,-49.88,0,3,"Brazil","Pernambuco","Lagoa dos Gatos",-8.68610764,-35.8958853996463,16318,"BRA","BR",76,"BRL","2608701","ChIJzzwYT7-qAAcREUgcnCFWyYs",NA,"BRPE2608701",NA,"BRA.17.98_1"
"484fe392",2022-03-30,927,12,NA,NA,24629,11599,8914,NA,NA,NA,1,2,2,4,0,0,0,1,2,2,0,4,5,0,-42.6,-47.22,-48.69,0,3,"Brazil","Pernambuco","Lagoa dos Gatos",-8.68610764,-35.8958853996463,16318,"BRA","BR",76,"BRL","2608701","ChIJzzwYT7-qAAcREUgcnCFWyYs",NA,"BRPE2608701",NA,"BRA.17.98_1"
"484fe392",2022-03-31,927,12,NA,NA,24684,11622,8919,NA,NA,NA,1,2,2,4,0,0,0,1,2,2,0,4,5,0,-42.6,-47.22,-48.69,0,3,"Brazil","Pernambuco","Lagoa dos Gatos",-8.68610764,-35.8958853996463,16318,"BRA","BR",76,"BRL","2608701","ChIJzzwYT7-qAAcREUgcnCFWyYs",NA,"BRPE2608701",NA,"BRA.17.98_1"
"484fe392",2022-04-01,927,12,NA,NA,24752,11631,8978,NA,NA,NA,1,2,2,4,0,0,0,1,2,2,0,2,5,1,-41.56,-47.22,-47.5,0,3,"Brazil","Pernambuco","Lagoa dos Gatos",-8.68610764,-35.8958853996463,16318,"BRA","BR",76,"BRL","2608701","ChIJzzwYT7-qAAcREUgcnCFWyYs",NA,"BRPE2608701",NA,"BRA.17.98_1"
"484fe392",2022-04-02,927,12,NA,NA,NA,NA,NA,NA,NA,NA,1,2,2,4,0,0,0,1,2,2,0,2,5,1,-41.56,-47.22,-47.5,0,3,"Brazil","Pernambuco","Lagoa dos Gatos",-8.68610764,-35.8958853996463,16318,"BRA","BR",76,"BRL","2608701","ChIJzzwYT7-qAAcREUgcnCFWyYs",NA,"BRPE2608701",NA,"BRA.17.98_1"
"484fe392",2022-04-03,927,12,NA,NA,NA,NA,NA,NA,NA,NA,1,2,2,4,0,0,0,1,2,2,0,2,5,1,-41.56,-47.22,-47.5,0,3,"Brazil","Pernambuco","Lagoa dos Gatos",-8.68610764,-35.8958853996463,16318,"BRA","BR",76,"BRL","2608701","ChIJzzwYT7-qAAcREUgcnCFWyYs",NA,"BRPE2608701",NA,"BRA.17.98_1"
"484fe392",2022-04-04,927,12,NA,NA,24802,11634,8988,NA,NA,NA,1,2,2,4,0,0,0,1,2,2,0,2,5,1,-41.56,-47.22,-47.5,0,3,"Brazil","Pernambuco","Lagoa dos Gatos",-8.68610764,-35.8958853996463,16318,"BRA","BR",76,"BRL","2608701","ChIJzzwYT7-qAAcREUgcnCFWyYs",NA,"BRPE2608701",NA,"BRA.17.98_1"
"484fe392",2022-04-05,927,12,NA,NA,24845,11634,8998,NA,NA,NA,1,2,2,4,0,0,0,1,2,2,0,2,5,1,-41.56,-47.22,-47.5,0,3,"Brazil","Pernambuco","Lagoa dos Gatos",-8.68610764,-35.8958853996463,16318,"BRA","BR",76,"BRL","2608701","ChIJzzwYT7-qAAcREUgcnCFWyYs",NA,"BRPE2608701",NA,"BRA.17.98_1"
"484fe392",2022-04-06,927,12,NA,NA,24877,11636,9006,NA,NA,NA,1,2,2,4,0,0,0,1,2,2,0,2,5,1,-41.56,-47.22,-47.5,0,3,"Brazil","Pernambuco","Lagoa dos Gatos",-8.68610764,-35.8958853996463,16318,"BRA","BR",76,"BRL","2608701","ChIJzzwYT7-qAAcREUgcnCFWyYs",NA,"BRPE2608701",NA,"BRA.17.98_1"
"484fe392",2022-04-07,927,12,NA,NA,24898,11639,9011,NA,NA,NA,1,2,2,4,0,0,0,1,2,2,0,2,5,1,-41.56,-47.22,-47.5,0,3,"Brazil","Pernambuco","Lagoa dos Gatos",-8.68610764,-35.8958853996463,16318,"BRA","BR",76,"BRL","2608701","ChIJzzwYT7-qAAcREUgcnCFWyYs",NA,"BRPE2608701",NA,"BRA.17.98_1"
"484fe392",2022-04-08,927,12,NA,NA,25033,11663,9104,NA,NA,NA,1,2,2,4,0,0,0,1,2,2,0,2,5,1,-41.56,-47.22,-47.5,0,3,"Brazil","Pernambuco","Lagoa dos Gatos",-8.68610764,-35.8958853996463,16318,"BRA","BR",76,"BRL","2608701","ChIJzzwYT7-qAAcREUgcnCFWyYs",NA,"BRPE2608701",NA,"BRA.17.98_1"
"484fe392",2022-04-09,927,12,NA,NA,25035,11663,9106,NA,NA,NA,1,2,2,4,0,0,0,1,2,2,0,2,5,1,-41.56,-47.22,-47.5,0,3,"Brazil","Pernambuco","Lagoa dos Gatos",-8.68610764,-35.8958853996463,16318,"BRA","BR",76,"BRL","2608701","ChIJzzwYT7-qAAcREUgcnCFWyYs",NA,"BRPE2608701",NA,"BRA.17.98_1"
"484fe392",2022-04-10,927,12,NA,NA,NA,NA,NA,NA,NA,NA,1,2,2,4,0,0,0,1,2,2,0,2,5,1,-41.56,-47.22,-47.5,0,3,"Brazil","Pernambuco","Lagoa dos Gatos",-8.68610764,-35.8958853996463,16318,"BRA","BR",76,"BRL","2608701","ChIJzzwYT7-qAAcREUgcnCFWyYs",NA,"BRPE2608701",NA,"BRA.17.98_1"
"484fe392",2022-04-11,927,12,NA,NA,25060,11664,9109,NA,NA,NA,1,2,2,4,0,0,0,1,2,2,0,2,5,1,-41.56,-47.22,-47.5,0,3,"Brazil","Pernambuco","Lagoa dos Gatos",-8.68610764,-35.8958853996463,16318,"BRA","BR",76,"BRL","2608701","ChIJzzwYT7-qAAcREUgcnCFWyYs",NA,"BRPE2608701",NA,"BRA.17.98_1"
"484fe392",2022-04-12,927,12,NA,NA,25096,11665,9113,NA,NA,NA,1,2,2,4,0,0,0,1,2,2,0,2,5,1,-41.56,-47.22,-47.5,0,3,"Brazil","Pernambuco","Lagoa dos Gatos",-8.68610764,-35.8958853996463,16318,"BRA","BR",76,"BRL","2608701","ChIJzzwYT7-qAAcREUgcnCFWyYs",NA,"BRPE2608701",NA,"BRA.17.98_1"
"484fe392",2022-04-13,927,12,NA,NA,25174,11679,9131,NA,NA,NA,1,2,2,4,0,0,0,1,2,2,0,2,5,1,-41.56,-47.22,-47.5,0,3,"Brazil","Pernambuco","Lagoa dos Gatos",-8.68610764,-35.8958853996463,16318,"BRA","BR",76,"BRL","2608701","ChIJzzwYT7-qAAcREUgcnCFWyYs",NA,"BRPE2608701",NA,"BRA.17.98_1"
"484fe392",2022-04-14,927,12,NA,NA,NA,NA,NA,NA,NA,NA,1,2,2,4,0,0,0,1,2,2,0,2,5,1,-44.69,-47.22,-47.5,-25,3,"Brazil","Pernambuco","Lagoa dos Gatos",-8.68610764,-35.8958853996463,16318,"BRA","BR",76,"BRL","2608701","ChIJzzwYT7-qAAcREUgcnCFWyYs",NA,"BRPE2608701",NA,"BRA.17.98_1"
"484fe392",2022-04-15,927,12,NA,NA,NA,NA,NA,NA,NA,NA,1,2,2,4,0,0,0,1,2,2,0,2,5,1,-44.69,-47.22,-47.5,-25,3,"Brazil","Pernambuco","Lagoa dos Gatos",-8.68610764,-35.8958853996463,16318,"BRA","BR",76,"BRL","2608701","ChIJzzwYT7-qAAcREUgcnCFWyYs",NA,"BRPE2608701",NA,"BRA.17.98_1"
"484fe392",2022-04-16,927,12,NA,NA,NA,NA,NA,NA,NA,NA,1,2,2,4,0,0,0,1,2,2,0,2,5,1,-44.69,-47.22,-47.5,-25,3,"Brazil","Pernambuco","Lagoa dos Gatos",-8.68610764,-35.8958853996463,16318,"BRA","BR",76,"BRL","2608701","ChIJzzwYT7-qAAcREUgcnCFWyYs",NA,"BRPE2608701",NA,"BRA.17.98_1"
"484fe392",2022-04-17,927,12,NA,NA,NA,NA,NA,NA,NA,NA,1,2,2,4,0,0,0,1,2,2,0,2,5,1,-44.69,-47.22,-47.5,-25,3,"Brazil","Pernambuco","Lagoa dos Gatos",-8.68610764,-35.8958853996463,16318,"BRA","BR",76,"BRL","2608701","ChIJzzwYT7-qAAcREUgcnCFWyYs",NA,"BRPE2608701",NA,"BRA.17.98_1"
"484fe392",2022-04-18,927,12,NA,NA,25253,11686,9148,NA,NA,NA,1,2,2,4,0,0,0,1,2,2,0,2,5,1,-44.69,-47.22,-47.5,-25,3,"Brazil","Pernambuco","Lagoa dos Gatos",-8.68610764,-35.8958853996463,16318,"BRA","BR",76,"BRL","2608701","ChIJzzwYT7-qAAcREUgcnCFWyYs",NA,"BRPE2608701",NA,"BRA.17.98_1"
"484fe392",2022-04-19,927,12,NA,NA,25289,11686,9155,NA,NA,NA,1,2,2,4,0,0,0,1,2,2,0,2,5,1,-44.69,-47.22,-47.5,-25,3,"Brazil","Pernambuco","Lagoa dos Gatos",-8.68610764,-35.8958853996463,16318,"BRA","BR",76,"BRL","2608701","ChIJzzwYT7-qAAcREUgcnCFWyYs",NA,"BRPE2608701",NA,"BRA.17.98_1"
"484fe392",2022-04-20,927,12,NA,NA,25420,11697,9239,NA,NA,NA,1,1,2,4,0,0,0,1,2,2,0,2,5,1,-42.6,-43.52,-45.12,-25,3,"Brazil","Pernambuco","Lagoa dos Gatos",-8.68610764,-35.8958853996463,16318,"BRA","BR",76,"BRL","2608701","ChIJzzwYT7-qAAcREUgcnCFWyYs",NA,"BRPE2608701",NA,"BRA.17.98_1"
"484fe392",2022-04-21,927,12,NA,NA,25436,11697,9239,NA,NA,NA,1,1,2,4,0,0,0,1,2,2,0,2,5,1,-42.6,-43.52,-45.12,-25,3,"Brazil","Pernambuco","Lagoa dos Gatos",-8.68610764,-35.8958853996463,16318,"BRA","BR",76,"BRL","2608701","ChIJzzwYT7-qAAcREUgcnCFWyYs",NA,"BRPE2608701",NA,"BRA.17.98_1"
"484fe392",2022-04-22,927,12,NA,NA,25438,11697,9241,NA,NA,NA,1,1,2,4,0,0,0,1,2,2,0,2,5,1,-42.6,-43.52,-45.12,-25,3,"Brazil","Pernambuco","Lagoa dos Gatos",-8.68610764,-35.8958853996463,16318,"BRA","BR",76,"BRL","2608701","ChIJzzwYT7-qAAcREUgcnCFWyYs",NA,"BRPE2608701",NA,"BRA.17.98_1"
"484fe392",2022-04-23,927,12,NA,NA,NA,NA,NA,NA,NA,NA,1,1,2,4,0,0,0,1,2,2,0,2,5,1,-42.6,-43.52,-45.12,-25,3,"Brazil","Pernambuco","Lagoa dos Gatos",-8.68610764,-35.8958853996463,16318,"BRA","BR",76,"BRL","2608701","ChIJzzwYT7-qAAcREUgcnCFWyYs",NA,"BRPE2608701",NA,"BRA.17.98_1"
"484fe392",2022-04-24,927,12,NA,NA,NA,NA,NA,NA,NA,NA,1,1,2,4,0,0,0,1,2,2,0,2,5,1,-42.6,-43.52,-45.12,-25,3,"Brazil","Pernambuco","Lagoa dos Gatos",-8.68610764,-35.8958853996463,16318,"BRA","BR",76,"BRL","2608701","ChIJzzwYT7-qAAcREUgcnCFWyYs",NA,"BRPE2608701",NA,"BRA.17.98_1"
"484fe392",2022-04-25,927,12,NA,NA,25472,11699,9246,NA,NA,NA,1,1,2,4,0,0,0,1,2,2,0,2,5,1,-42.6,-43.52,-45.12,-25,3,"Brazil","Pernambuco","Lagoa dos Gatos",-8.68610764,-35.8958853996463,16318,"BRA","BR",76,"BRL","2608701","ChIJzzwYT7-qAAcREUgcnCFWyYs",NA,"BRPE2608701",NA,"BRA.17.98_1"
"484fe392",2022-04-26,927,12,NA,NA,25506,11700,9252,NA,NA,NA,1,1,2,4,0,0,0,1,2,2,0,2,5,1,-42.6,-43.52,-45.12,-25,3,"Brazil","Pernambuco","Lagoa dos Gatos",-8.68610764,-35.8958853996463,16318,"BRA","BR",76,"BRL","2608701","ChIJzzwYT7-qAAcREUgcnCFWyYs",NA,"BRPE2608701",NA,"BRA.17.98_1"
"484fe392",2022-04-27,927,12,NA,NA,25576,11700,9260,NA,NA,NA,1,1,2,4,0,0,0,1,2,2,0,2,5,1,-42.6,-43.52,-45.12,-25,3,"Brazil","Pernambuco","Lagoa dos Gatos",-8.68610764,-35.8958853996463,16318,"BRA","BR",76,"BRL","2608701","ChIJzzwYT7-qAAcREUgcnCFWyYs",NA,"BRPE2608701",NA,"BRA.17.98_1"
"484fe392",2022-04-28,927,12,NA,NA,25595,11702,9261,NA,NA,NA,1,1,2,4,0,0,0,1,2,2,0,2,5,1,-42.6,-43.52,-45.12,-25,3,"Brazil","Pernambuco","Lagoa dos Gatos",-8.68610764,-35.8958853996463,16318,"BRA","BR",76,"BRL","2608701","ChIJzzwYT7-qAAcREUgcnCFWyYs",NA,"BRPE2608701",NA,"BRA.17.98_1"
"484fe392",2022-04-29,927,12,NA,NA,25692,11711,9349,NA,NA,NA,1,1,2,4,0,0,0,1,2,2,0,2,5,1,-42.6,-43.52,-45.12,-25,3,"Brazil","Pernambuco","Lagoa dos Gatos",-8.68610764,-35.8958853996463,16318,"BRA","BR",76,"BRL","2608701","ChIJzzwYT7-qAAcREUgcnCFWyYs",NA,"BRPE2608701",NA,"BRA.17.98_1"
"484fe392",2022-04-30,927,12,NA,NA,NA,NA,NA,NA,NA,NA,1,1,2,4,0,0,0,1,2,2,0,2,5,1,-42.6,-43.52,-45.12,-25,3,"Brazil","Pernambuco","Lagoa dos Gatos",-8.68610764,-35.8958853996463,16318,"BRA","BR",76,"BRL","2608701","ChIJzzwYT7-qAAcREUgcnCFWyYs",NA,"BRPE2608701",NA,"BRA.17.98_1"
"484fe392",2022-05-01,927,12,NA,NA,NA,NA,NA,NA,NA,NA,1,1,2,4,0,0,0,1,2,2,0,2,5,1,-42.6,-43.52,-45.12,-25,3,"Brazil","Pernambuco","Lagoa dos Gatos",-8.68610764,-35.8958853996463,16318,"BRA","BR",76,"BRL","2608701","ChIJzzwYT7-qAAcREUgcnCFWyYs",NA,"BRPE2608701",NA,"BRA.17.98_1"
"484fe392",2022-05-02,927,12,NA,NA,25718,11713,9352,NA,NA,NA,1,1,2,4,0,0,0,1,2,2,0,2,5,1,-42.6,-43.52,-45.12,-25,3,"Brazil","Pernambuco","Lagoa dos Gatos",-8.68610764,-35.8958853996463,16318,"BRA","BR",76,"BRL","2608701","ChIJzzwYT7-qAAcREUgcnCFWyYs",NA,"BRPE2608701",NA,"BRA.17.98_1"
"484fe392",2022-05-03,927,12,NA,NA,25792,11722,9377,NA,NA,NA,1,1,2,4,0,0,0,1,2,2,0,2,5,1,-42.6,-43.52,-45.12,-25,3,"Brazil","Pernambuco","Lagoa dos Gatos",-8.68610764,-35.8958853996463,16318,"BRA","BR",76,"BRL","2608701","ChIJzzwYT7-qAAcREUgcnCFWyYs",NA,"BRPE2608701",NA,"BRA.17.98_1"
"484fe392",2022-05-04,927,12,NA,NA,25855,11724,9408,NA,NA,NA,1,1,2,4,0,0,0,1,2,2,0,2,5,1,-42.6,-43.52,-45.12,-25,3,"Brazil","Pernambuco","Lagoa dos Gatos",-8.68610764,-35.8958853996463,16318,"BRA","BR",76,"BRL","2608701","ChIJzzwYT7-qAAcREUgcnCFWyYs",NA,"BRPE2608701",NA,"BRA.17.98_1"
"484fe392",2022-05-05,927,12,NA,NA,25896,11724,9410,NA,NA,NA,1,1,2,4,0,0,0,1,2,2,0,2,5,1,-42.6,-43.52,-45.12,-25,3,"Brazil","Pernambuco","Lagoa dos Gatos",-8.68610764,-35.8958853996463,16318,"BRA","BR",76,"BRL","2608701","ChIJzzwYT7-qAAcREUgcnCFWyYs",NA,"BRPE2608701",NA,"BRA.17.98_1"
"484fe392",2022-05-06,927,12,NA,NA,25937,11732,9443,NA,NA,NA,1,1,2,4,0,0,0,1,2,2,0,2,5,1,-42.6,-43.52,-45.12,-25,3,"Brazil","Pernambuco","Lagoa dos Gatos",-8.68610764,-35.8958853996463,16318,"BRA","BR",76,"BRL","2608701","ChIJzzwYT7-qAAcREUgcnCFWyYs",NA,"BRPE2608701",NA,"BRA.17.98_1"
"484fe392",2022-05-07,927,12,NA,NA,NA,NA,NA,NA,NA,NA,1,1,2,4,0,0,0,1,2,2,0,2,5,1,-42.6,-43.52,-45.12,-25,3,"Brazil","Pernambuco","Lagoa dos Gatos",-8.68610764,-35.8958853996463,16318,"BRA","BR",76,"BRL","2608701","ChIJzzwYT7-qAAcREUgcnCFWyYs",NA,"BRPE2608701",NA,"BRA.17.98_1"
"484fe392",2022-05-08,927,12,NA,NA,NA,NA,NA,NA,NA,NA,1,1,2,4,0,0,0,1,2,2,0,2,5,1,-42.6,-43.52,-45.12,-25,3,"Brazil","Pernambuco","Lagoa dos Gatos",-8.68610764,-35.8958853996463,16318,"BRA","BR",76,"BRL","2608701","ChIJzzwYT7-qAAcREUgcnCFWyYs",NA,"BRPE2608701",NA,"BRA.17.98_1"
"484fe392",2022-05-09,927,12,NA,NA,25973,11736,9452,NA,NA,NA,1,1,2,4,0,0,0,1,2,2,0,2,5,1,-42.6,-43.52,-45.12,-25,3,"Brazil","Pernambuco","Lagoa dos Gatos",-8.68610764,-35.8958853996463,16318,"BRA","BR",76,"BRL","2608701","ChIJzzwYT7-qAAcREUgcnCFWyYs",NA,"BRPE2608701",NA,"BRA.17.98_1"
"484fe392",2022-05-10,927,12,NA,NA,26040,11737,9452,NA,NA,NA,1,1,2,4,0,0,0,1,2,2,0,2,5,1,-42.6,-43.52,-45.12,-25,3,"Brazil","Pernambuco","Lagoa dos Gatos",-8.68610764,-35.8958853996463,16318,"BRA","BR",76,"BRL","2608701","ChIJzzwYT7-qAAcREUgcnCFWyYs",NA,"BRPE2608701",NA,"BRA.17.98_1"
"484fe392",2022-05-11,927,12,NA,NA,26091,11740,9454,NA,NA,NA,1,1,2,4,0,0,0,1,2,2,0,2,5,1,-42.6,-43.52,-45.12,-25,3,"Brazil","Pernambuco","Lagoa dos Gatos",-8.68610764,-35.8958853996463,16318,"BRA","BR",76,"BRL","2608701","ChIJzzwYT7-qAAcREUgcnCFWyYs",NA,"BRPE2608701",NA,"BRA.17.98_1"
"484fe392",2022-05-12,927,12,NA,NA,26121,11741,9457,NA,NA,NA,1,1,2,4,0,0,0,1,2,2,0,2,5,1,-42.6,-43.52,-45.12,-25,3,"Brazil","Pernambuco","Lagoa dos Gatos",-8.68610764,-35.8958853996463,16318,"BRA","BR",76,"BRL","2608701","ChIJzzwYT7-qAAcREUgcnCFWyYs",NA,"BRPE2608701",NA,"BRA.17.98_1"
"484fe392",2022-05-13,927,12,NA,NA,26146,11741,9481,NA,NA,NA,1,1,2,4,0,0,0,1,2,2,0,2,5,1,-42.6,-43.52,-45.12,-25,3,"Brazil","Pernambuco","Lagoa dos Gatos",-8.68610764,-35.8958853996463,16318,"BRA","BR",76,"BRL","2608701","ChIJzzwYT7-qAAcREUgcnCFWyYs",NA,"BRPE2608701",NA,"BRA.17.98_1"
"484fe392",2022-05-14,927,12,NA,NA,NA,NA,NA,NA,NA,NA,1,1,2,4,0,0,0,1,2,2,0,2,5,1,-42.6,-43.52,-45.12,-25,3,"Brazil","Pernambuco","Lagoa dos Gatos",-8.68610764,-35.8958853996463,16318,"BRA","BR",76,"BRL","2608701","ChIJzzwYT7-qAAcREUgcnCFWyYs",NA,"BRPE2608701",NA,"BRA.17.98_1"
"484fe392",2022-05-15,927,12,NA,NA,26147,11741,9481,NA,NA,NA,1,1,2,4,0,0,0,1,2,2,0,2,5,1,-42.6,-43.52,-45.12,-25,3,"Brazil","Pernambuco","Lagoa dos Gatos",-8.68610764,-35.8958853996463,16318,"BRA","BR",76,"BRL","2608701","ChIJzzwYT7-qAAcREUgcnCFWyYs",NA,"BRPE2608701",NA,"BRA.17.98_1"
"484fe392",2022-05-16,927,12,NA,NA,26202,11742,9483,NA,NA,NA,1,1,2,4,0,0,0,1,2,2,0,2,5,1,-42.6,-43.52,-45.12,-25,3,"Brazil","Pernambuco","Lagoa dos Gatos",-8.68610764,-35.8958853996463,16318,"BRA","BR",76,"BRL","2608701","ChIJzzwYT7-qAAcREUgcnCFWyYs",NA,"BRPE2608701",NA,"BRA.17.98_1"
"484fe392",2022-05-17,927,12,NA,NA,26229,11745,9485,NA,NA,NA,1,1,2,4,0,0,0,1,2,2,0,2,5,1,-42.6,-43.52,-45.12,-25,3,"Brazil","Pernambuco","Lagoa dos Gatos",-8.68610764,-35.8958853996463,16318,"BRA","BR",76,"BRL","2608701","ChIJzzwYT7-qAAcREUgcnCFWyYs",NA,"BRPE2608701",NA,"BRA.17.98_1"
"484fe392",2022-05-18,927,13,NA,NA,26266,11750,9493,NA,NA,NA,1,1,2,4,0,0,0,1,2,2,0,2,5,1,-42.6,-43.52,-45.12,-25,3,"Brazil","Pernambuco","Lagoa dos Gatos",-8.68610764,-35.8958853996463,16318,"BRA","BR",76,"BRL","2608701","ChIJzzwYT7-qAAcREUgcnCFWyYs",NA,"BRPE2608701",NA,"BRA.17.98_1"
"484fe392",2022-05-19,927,13,NA,NA,26317,11750,9495,NA,NA,NA,1,1,2,4,0,0,0,1,2,2,0,2,5,1,-42.6,-43.52,-45.12,-25,3,"Brazil","Pernambuco","Lagoa dos Gatos",-8.68610764,-35.8958853996463,16318,"BRA","BR",76,"BRL","2608701","ChIJzzwYT7-qAAcREUgcnCFWyYs",NA,"BRPE2608701",NA,"BRA.17.98_1"
"484fe392",2022-05-20,927,13,NA,NA,26355,11752,9529,NA,NA,NA,1,1,2,4,0,0,0,1,2,2,0,2,5,1,-42.6,-43.52,-45.12,-25,3,"Brazil","Pernambuco","Lagoa dos Gatos",-8.68610764,-35.8958853996463,16318,"BRA","BR",76,"BRL","2608701","ChIJzzwYT7-qAAcREUgcnCFWyYs",NA,"BRPE2608701",NA,"BRA.17.98_1"
"484fe392",2022-05-21,927,13,NA,NA,NA,NA,NA,NA,NA,NA,1,1,2,4,0,0,0,1,2,2,0,2,5,1,-42.6,-43.52,-45.12,-25,3,"Brazil","Pernambuco","Lagoa dos Gatos",-8.68610764,-35.8958853996463,16318,"BRA","BR",76,"BRL","2608701","ChIJzzwYT7-qAAcREUgcnCFWyYs",NA,"BRPE2608701",NA,"BRA.17.98_1"
"484fe392",2022-05-22,927,13,NA,NA,NA,NA,NA,NA,NA,NA,1,1,2,4,0,0,0,1,2,2,0,2,5,1,-42.6,-43.52,-45.12,-25,3,"Brazil","Pernambuco","Lagoa dos Gatos",-8.68610764,-35.8958853996463,16318,"BRA","BR",76,"BRL","2608701","ChIJzzwYT7-qAAcREUgcnCFWyYs",NA,"BRPE2608701",NA,"BRA.17.98_1"
"484fe392",2022-05-23,927,13,NA,NA,NA,NA,NA,NA,NA,NA,1,1,2,4,0,0,0,1,2,2,0,2,5,1,-42.6,-43.52,-45.12,-25,3,"Brazil","Pernambuco","Lagoa dos Gatos",-8.68610764,-35.8958853996463,16318,"BRA","BR",76,"BRL","2608701","ChIJzzwYT7-qAAcREUgcnCFWyYs",NA,"BRPE2608701",NA,"BRA.17.98_1"
"484fe392",2022-05-24,927,13,NA,NA,26374,11752,9529,NA,NA,NA,1,1,2,4,0,0,0,1,2,2,0,2,5,1,-42.6,-43.52,-45.12,-25,3,"Brazil","Pernambuco","Lagoa dos Gatos",-8.68610764,-35.8958853996463,16318,"BRA","BR",76,"BRL","2608701","ChIJzzwYT7-qAAcREUgcnCFWyYs",NA,"BRPE2608701",NA,"BRA.17.98_1"
"484fe392",2022-05-25,927,13,NA,NA,26394,11753,9532,NA,NA,NA,1,1,2,4,0,0,0,1,2,2,0,2,5,1,-42.6,-43.52,-45.12,-25,3,"Brazil","Pernambuco","Lagoa dos Gatos",-8.68610764,-35.8958853996463,16318,"BRA","BR",76,"BRL","2608701","ChIJzzwYT7-qAAcREUgcnCFWyYs",NA,"BRPE2608701",NA,"BRA.17.98_1"
"484fe392",2022-05-26,927,13,NA,NA,26401,11754,9533,NA,NA,NA,1,1,2,4,0,0,0,1,2,2,0,2,5,1,-42.6,-43.52,-45.12,-25,3,"Brazil","Pernambuco","Lagoa dos Gatos",-8.68610764,-35.8958853996463,16318,"BRA","BR",76,"BRL","2608701","ChIJzzwYT7-qAAcREUgcnCFWyYs",NA,"BRPE2608701",NA,"BRA.17.98_1"
"484fe392",2022-05-27,927,13,NA,NA,26446,11765,9548,NA,NA,NA,1,1,2,4,0,0,0,1,2,2,0,2,5,1,-42.6,-43.52,-45.12,-25,3,"Brazil","Pernambuco","Lagoa dos Gatos",-8.68610764,-35.8958853996463,16318,"BRA","BR",76,"BRL","2608701","ChIJzzwYT7-qAAcREUgcnCFWyYs",NA,"BRPE2608701",NA,"BRA.17.98_1"
"484fe392",2022-05-28,927,13,NA,NA,NA,NA,NA,NA,NA,NA,1,1,2,4,0,0,0,1,2,2,0,2,5,1,-42.6,-43.52,-45.12,-25,3,"Brazil","Pernambuco","Lagoa dos Gatos",-8.68610764,-35.8958853996463,16318,"BRA","BR",76,"BRL","2608701","ChIJzzwYT7-qAAcREUgcnCFWyYs",NA,"BRPE2608701",NA,"BRA.17.98_1"
"484fe392",2022-05-29,927,13,NA,NA,NA,NA,NA,NA,NA,NA,1,1,2,4,0,0,0,1,2,2,0,2,5,1,-42.6,-43.52,-45.12,-25,3,"Brazil","Pernambuco","Lagoa dos Gatos",-8.68610764,-35.8958853996463,16318,"BRA","BR",76,"BRL","2608701","ChIJzzwYT7-qAAcREUgcnCFWyYs",NA,"BRPE2608701",NA,"BRA.17.98_1"
"484fe392",2022-05-30,927,13,NA,NA,26466,11765,9551,NA,NA,NA,1,1,2,4,0,0,0,1,2,2,0,2,5,1,-42.6,-43.52,-45.12,-25,3,"Brazil","Pernambuco","Lagoa dos Gatos",-8.68610764,-35.8958853996463,16318,"BRA","BR",76,"BRL","2608701","ChIJzzwYT7-qAAcREUgcnCFWyYs",NA,"BRPE2608701",NA,"BRA.17.98_1"
"484fe392",2022-05-31,927,13,NA,NA,26483,11765,9552,NA,NA,NA,1,1,2,4,0,0,0,1,2,2,0,2,5,1,-42.6,-43.52,-45.12,-25,3,"Brazil","Pernambuco","Lagoa dos Gatos",-8.68610764,-35.8958853996463,16318,"BRA","BR",76,"BRL","2608701","ChIJzzwYT7-qAAcREUgcnCFWyYs",NA,"BRPE2608701",NA,"BRA.17.98_1"
"484fe392",2022-06-01,927,13,NA,NA,26518,11768,9567,NA,NA,NA,1,1,2,4,0,0,0,1,2,2,0,2,5,1,-42.6,-43.52,-45.12,-25,3,"Brazil","Pernambuco","Lagoa dos Gatos",-8.68610764,-35.8958853996463,16318,"BRA","BR",76,"BRL","2608701","ChIJzzwYT7-qAAcREUgcnCFWyYs",NA,"BRPE2608701",NA,"BRA.17.98_1"
"484fe392",2022-06-02,927,13,NA,NA,26559,11768,9601,NA,NA,NA,1,1,2,4,0,0,0,1,2,2,0,2,5,1,-42.6,-43.52,-45.12,-25,3,"Brazil","Pernambuco","Lagoa dos Gatos",-8.68610764,-35.8958853996463,16318,"BRA","BR",76,"BRL","2608701","ChIJzzwYT7-qAAcREUgcnCFWyYs",NA,"BRPE2608701",NA,"BRA.17.98_1"
"484fe392",2022-06-03,927,13,NA,NA,NA,NA,NA,NA,NA,NA,1,1,2,4,0,0,0,1,2,2,0,2,5,1,-42.6,-43.52,-45.12,-25,3,"Brazil","Pernambuco","Lagoa dos Gatos",-8.68610764,-35.8958853996463,16318,"BRA","BR",76,"BRL","2608701","ChIJzzwYT7-qAAcREUgcnCFWyYs",NA,"BRPE2608701",NA,"BRA.17.98_1"
"484fe392",2022-06-04,927,13,NA,NA,NA,NA,NA,NA,NA,NA,1,1,2,4,0,0,0,1,2,2,0,2,5,1,-42.6,-43.52,-45.12,-25,3,"Brazil","Pernambuco","Lagoa dos Gatos",-8.68610764,-35.8958853996463,16318,"BRA","BR",76,"BRL","2608701","ChIJzzwYT7-qAAcREUgcnCFWyYs",NA,"BRPE2608701",NA,"BRA.17.98_1"
"484fe392",2022-06-05,927,13,NA,NA,26564,11768,9601,NA,NA,NA,1,1,2,4,0,0,0,1,2,2,0,2,5,1,-42.6,-43.52,-45.12,-25,3,"Brazil","Pernambuco","Lagoa dos Gatos",-8.68610764,-35.8958853996463,16318,"BRA","BR",76,"BRL","2608701","ChIJzzwYT7-qAAcREUgcnCFWyYs",NA,"BRPE2608701",NA,"BRA.17.98_1"
"484fe392",2022-06-06,927,13,NA,NA,26610,11768,9637,NA,NA,NA,1,1,2,4,0,0,0,1,2,2,0,2,5,1,-42.6,-43.52,-45.12,-25,3,"Brazil","Pernambuco","Lagoa dos Gatos",-8.68610764,-35.8958853996463,16318,"BRA","BR",76,"BRL","2608701","ChIJzzwYT7-qAAcREUgcnCFWyYs",NA,"BRPE2608701",NA,"BRA.17.98_1"
"484fe392",2022-06-07,927,13,NA,NA,26654,11768,9659,NA,NA,NA,1,1,2,4,0,0,0,1,2,2,0,2,5,1,-42.6,-43.52,-45.12,-25,3,"Brazil","Pernambuco","Lagoa dos Gatos",-8.68610764,-35.8958853996463,16318,"BRA","BR",76,"BRL","2608701","ChIJzzwYT7-qAAcREUgcnCFWyYs",NA,"BRPE2608701",NA,"BRA.17.98_1"
"484fe392",2022-06-08,927,13,NA,NA,26721,11770,9661,NA,NA,NA,1,1,2,4,0,0,0,1,2,2,0,2,5,1,-42.6,-43.52,-45.12,-25,3,"Brazil","Pernambuco","Lagoa dos Gatos",-8.68610764,-35.8958853996463,16318,"BRA","BR",76,"BRL","2608701","ChIJzzwYT7-qAAcREUgcnCFWyYs",NA,"BRPE2608701",NA,"BRA.17.98_1"
"484fe392",2022-06-09,927,13,NA,NA,26762,11770,9685,NA,NA,NA,1,1,2,4,0,0,0,1,2,2,0,2,5,1,-42.6,-43.52,-45.12,-25,3,"Brazil","Pernambuco","Lagoa dos Gatos",-8.68610764,-35.8958853996463,16318,"BRA","BR",76,"BRL","2608701","ChIJzzwYT7-qAAcREUgcnCFWyYs",NA,"BRPE2608701",NA,"BRA.17.98_1"
"484fe392",2022-06-10,927,13,NA,NA,26831,11780,9711,NA,NA,NA,1,1,2,4,0,0,0,1,2,2,0,2,5,1,-42.6,-43.52,-45.12,-25,3,"Brazil","Pernambuco","Lagoa dos Gatos",-8.68610764,-35.8958853996463,16318,"BRA","BR",76,"BRL","2608701","ChIJzzwYT7-qAAcREUgcnCFWyYs",NA,"BRPE2608701",NA,"BRA.17.98_1"
"484fe392",2022-06-11,927,13,NA,NA,26847,11780,9713,NA,NA,NA,1,1,2,4,0,0,0,1,2,2,0,2,5,1,-42.6,-43.52,-45.12,-25,3,"Brazil","Pernambuco","Lagoa dos Gatos",-8.68610764,-35.8958853996463,16318,"BRA","BR",76,"BRL","2608701","ChIJzzwYT7-qAAcREUgcnCFWyYs",NA,"BRPE2608701",NA,"BRA.17.98_1"
"484fe392",2022-06-12,927,13,NA,NA,NA,NA,NA,NA,NA,NA,1,1,2,4,0,0,0,1,2,2,0,2,5,1,-42.6,-43.52,-45.12,-25,3,"Brazil","Pernambuco","Lagoa dos Gatos",-8.68610764,-35.8958853996463,16318,"BRA","BR",76,"BRL","2608701","ChIJzzwYT7-qAAcREUgcnCFWyYs",NA,"BRPE2608701",NA,"BRA.17.98_1"
"484fe392",2022-06-13,927,13,NA,NA,26848,11780,9713,NA,NA,NA,1,1,2,4,0,0,0,1,2,2,0,2,5,1,-42.6,-43.52,-45.12,-25,3,"Brazil","Pernambuco","Lagoa dos Gatos",-8.68610764,-35.8958853996463,16318,"BRA","BR",76,"BRL","2608701","ChIJzzwYT7-qAAcREUgcnCFWyYs",NA,"BRPE2608701",NA,"BRA.17.98_1"
"484fe392",2022-06-14,927,13,NA,NA,26869,11780,9729,NA,NA,NA,1,1,2,4,0,0,0,1,2,2,0,2,5,1,-42.6,-43.52,-45.12,-25,3,"Brazil","Pernambuco","Lagoa dos Gatos",-8.68610764,-35.8958853996463,16318,"BRA","BR",76,"BRL","2608701","ChIJzzwYT7-qAAcREUgcnCFWyYs",NA,"BRPE2608701",NA,"BRA.17.98_1"
"484fe392",2022-06-15,927,13,NA,NA,26915,11780,9742,NA,NA,NA,1,1,2,4,0,0,0,1,2,2,0,2,5,1,-42.6,-43.52,-45.12,-25,3,"Brazil","Pernambuco","Lagoa dos Gatos",-8.68610764,-35.8958853996463,16318,"BRA","BR",76,"BRL","2608701","ChIJzzwYT7-qAAcREUgcnCFWyYs",NA,"BRPE2608701",NA,"BRA.17.98_1"
"484fe392",2022-06-16,928,13,NA,NA,NA,NA,NA,NA,NA,NA,1,1,2,4,0,0,0,1,2,2,0,2,5,1,-42.6,-43.52,-45.12,-25,3,"Brazil","Pernambuco","Lagoa dos Gatos",-8.68610764,-35.8958853996463,16318,"BRA","BR",76,"BRL","2608701","ChIJzzwYT7-qAAcREUgcnCFWyYs",NA,"BRPE2608701",NA,"BRA.17.98_1"
"484fe392",2022-06-17,928,13,NA,NA,26919,11780,9743,NA,NA,NA,1,1,2,4,0,0,0,1,2,2,0,2,5,1,-42.6,-43.52,-45.12,-25,3,"Brazil","Pernambuco","Lagoa dos Gatos",-8.68610764,-35.8958853996463,16318,"BRA","BR",76,"BRL","2608701","ChIJzzwYT7-qAAcREUgcnCFWyYs",NA,"BRPE2608701",NA,"BRA.17.98_1"
"484fe392",2022-06-18,928,13,NA,NA,NA,NA,NA,NA,NA,NA,1,1,2,4,0,0,0,1,2,2,0,2,5,1,-42.6,-43.52,-45.12,-25,3,"Brazil","Pernambuco","Lagoa dos Gatos",-8.68610764,-35.8958853996463,16318,"BRA","BR",76,"BRL","2608701","ChIJzzwYT7-qAAcREUgcnCFWyYs",NA,"BRPE2608701",NA,"BRA.17.98_1"
"484fe392",2022-06-19,928,13,NA,NA,NA,NA,NA,NA,NA,NA,1,1,2,4,0,0,0,1,2,2,0,2,5,1,-42.6,-43.52,-45.12,-25,3,"Brazil","Pernambuco","Lagoa dos Gatos",-8.68610764,-35.8958853996463,16318,"BRA","BR",76,"BRL","2608701","ChIJzzwYT7-qAAcREUgcnCFWyYs",NA,"BRPE2608701",NA,"BRA.17.98_1"
"484fe392",2022-06-20,928,13,NA,NA,26942,11780,9746,NA,NA,NA,1,1,2,4,0,0,0,1,2,2,0,2,5,1,-42.6,-43.52,-45.12,-25,3,"Brazil","Pernambuco","Lagoa dos Gatos",-8.68610764,-35.8958853996463,16318,"BRA","BR",76,"BRL","2608701","ChIJzzwYT7-qAAcREUgcnCFWyYs",NA,"BRPE2608701",NA,"BRA.17.98_1"
"484fe392",2022-06-21,928,13,NA,NA,NA,NA,NA,NA,NA,NA,1,1,2,4,0,0,0,1,2,2,0,2,5,1,-42.6,-43.52,-45.12,-25,3,"Brazil","Pernambuco","Lagoa dos Gatos",-8.68610764,-35.8958853996463,16318,"BRA","BR",76,"BRL","2608701","ChIJzzwYT7-qAAcREUgcnCFWyYs",NA,"BRPE2608701",NA,"BRA.17.98_1"
"484fe392",2022-06-22,928,13,NA,NA,NA,NA,NA,NA,NA,NA,1,1,2,4,0,0,0,1,2,2,0,2,5,1,-42.6,-43.52,-45.12,-25,3,"Brazil","Pernambuco","Lagoa dos Gatos",-8.68610764,-35.8958853996463,16318,"BRA","BR",76,"BRL","2608701","ChIJzzwYT7-qAAcREUgcnCFWyYs",NA,"BRPE2608701",NA,"BRA.17.98_1"
"484fe392",2022-06-23,929,13,NA,NA,NA,NA,NA,NA,NA,NA,1,1,2,4,0,0,0,1,2,2,0,2,5,1,-42.6,-43.52,-45.12,-25,3,"Brazil","Pernambuco","Lagoa dos Gatos",-8.68610764,-35.8958853996463,16318,"BRA","BR",76,"BRL","2608701","ChIJzzwYT7-qAAcREUgcnCFWyYs",NA,"BRPE2608701",NA,"BRA.17.98_1"
"484fe392",2022-06-24,929,13,NA,NA,26948,11781,9751,NA,NA,NA,1,1,2,4,0,0,0,1,2,2,0,2,5,1,-42.6,-43.52,-45.12,-25,3,"Brazil","Pernambuco","Lagoa dos Gatos",-8.68610764,-35.8958853996463,16318,"BRA","BR",76,"BRL","2608701","ChIJzzwYT7-qAAcREUgcnCFWyYs",NA,"BRPE2608701",NA,"BRA.17.98_1"
"484fe392",2022-06-25,929,13,NA,NA,NA,NA,NA,NA,NA,NA,1,1,2,4,0,0,0,1,2,2,0,2,5,1,-42.6,-43.52,-45.12,-25,3,"Brazil","Pernambuco","Lagoa dos Gatos",-8.68610764,-35.8958853996463,16318,"BRA","BR",76,"BRL","2608701","ChIJzzwYT7-qAAcREUgcnCFWyYs",NA,"BRPE2608701",NA,"BRA.17.98_1"
"484fe392",2022-06-26,929,13,NA,NA,NA,NA,NA,NA,NA,NA,1,1,2,4,0,0,0,1,2,2,0,2,5,1,-42.6,-43.52,-45.12,-25,3,"Brazil","Pernambuco","Lagoa dos Gatos",-8.68610764,-35.8958853996463,16318,"BRA","BR",76,"BRL","2608701","ChIJzzwYT7-qAAcREUgcnCFWyYs",NA,"BRPE2608701",NA,"BRA.17.98_1"
"484fe392",2022-06-27,929,13,NA,NA,26977,11781,9752,NA,NA,NA,1,1,2,4,0,0,0,1,2,2,0,2,5,1,-42.6,-43.52,-45.12,-25,3,"Brazil","Pernambuco","Lagoa dos Gatos",-8.68610764,-35.8958853996463,16318,"BRA","BR",76,"BRL","2608701","ChIJzzwYT7-qAAcREUgcnCFWyYs",NA,"BRPE2608701",NA,"BRA.17.98_1"
"484fe392",2022-06-28,930,13,NA,NA,27004,11781,9755,NA,NA,NA,1,1,2,4,0,0,0,1,2,2,0,2,5,1,-42.6,-43.52,-45.12,-25,3,"Brazil","Pernambuco","Lagoa dos Gatos",-8.68610764,-35.8958853996463,16318,"BRA","BR",76,"BRL","2608701","ChIJzzwYT7-qAAcREUgcnCFWyYs",NA,"BRPE2608701",NA,"BRA.17.98_1"
"484fe392",2022-06-29,931,13,NA,NA,NA,NA,NA,NA,NA,NA,1,1,2,4,0,0,0,1,2,2,0,2,5,1,-42.6,-43.52,-45.12,-25,3,"Brazil","Pernambuco","Lagoa dos Gatos",-8.68610764,-35.8958853996463,16318,"BRA","BR",76,"BRL","2608701","ChIJzzwYT7-qAAcREUgcnCFWyYs",NA,"BRPE2608701",NA,"BRA.17.98_1"
"484fe392",2022-06-30,931,13,NA,NA,27030,11781,9766,NA,NA,NA,1,1,2,4,0,0,0,1,2,2,0,2,5,1,-42.6,-43.52,-45.12,-25,3,"Brazil","Pernambuco","Lagoa dos Gatos",-8.68610764,-35.8958853996463,16318,"BRA","BR",76,"BRL","2608701","ChIJzzwYT7-qAAcREUgcnCFWyYs",NA,"BRPE2608701",NA,"BRA.17.98_1"
"484fe392",2022-07-01,941,13,NA,NA,27032,11782,9767,NA,NA,NA,1,-1,2,4,0,0,0,1,2,2,0,2,5,1,-41.56,-41.67,-43.93,-25,3,"Brazil","Pernambuco","Lagoa dos Gatos",-8.68610764,-35.8958853996463,16318,"BRA","BR",76,"BRL","2608701","ChIJzzwYT7-qAAcREUgcnCFWyYs",NA,"BRPE2608701",NA,"BRA.17.98_1"
"484fe392",2022-07-02,942,13,NA,NA,NA,NA,NA,NA,NA,NA,1,-1,2,4,0,0,0,1,2,2,0,2,5,1,-41.56,-41.67,-43.93,-25,3,"Brazil","Pernambuco","Lagoa dos Gatos",-8.68610764,-35.8958853996463,16318,"BRA","BR",76,"BRL","2608701","ChIJzzwYT7-qAAcREUgcnCFWyYs",NA,"BRPE2608701",NA,"BRA.17.98_1"
"484fe392",2022-07-03,942,13,NA,NA,NA,NA,NA,NA,NA,NA,1,-1,2,4,0,0,0,1,2,2,0,2,5,1,-41.56,-41.67,-43.93,-25,3,"Brazil","Pernambuco","Lagoa dos Gatos",-8.68610764,-35.8958853996463,16318,"BRA","BR",76,"BRL","2608701","ChIJzzwYT7-qAAcREUgcnCFWyYs",NA,"BRPE2608701",NA,"BRA.17.98_1"
"484fe392",2022-07-04,942,13,NA,NA,27098,11783,9787,NA,NA,NA,1,-1,2,4,0,0,0,1,2,2,0,2,5,1,-41.56,-41.67,-43.93,-25,3,"Brazil","Pernambuco","Lagoa dos Gatos",-8.68610764,-35.8958853996463,16318,"BRA","BR",76,"BRL","2608701","ChIJzzwYT7-qAAcREUgcnCFWyYs",NA,"BRPE2608701",NA,"BRA.17.98_1"
"484fe392",2022-07-05,942,13,NA,NA,27136,11783,9789,NA,NA,NA,1,-1,2,4,0,0,0,1,2,2,0,2,5,1,-41.56,-41.67,-43.93,-25,3,"Brazil","Pernambuco","Lagoa dos Gatos",-8.68610764,-35.8958853996463,16318,"BRA","BR",76,"BRL","2608701","ChIJzzwYT7-qAAcREUgcnCFWyYs",NA,"BRPE2608701",NA,"BRA.17.98_1"
"484fe392",2022-07-06,942,13,NA,NA,27206,11784,9798,NA,NA,NA,1,-1,2,4,0,0,0,1,2,2,0,2,5,1,-41.56,-41.67,-43.93,-25,3,"Brazil","Pernambuco","Lagoa dos Gatos",-8.68610764,-35.8958853996463,16318,"BRA","BR",76,"BRL","2608701","ChIJzzwYT7-qAAcREUgcnCFWyYs",NA,"BRPE2608701",NA,"BRA.17.98_1"
"484fe392",2022-07-07,943,13,NA,NA,27267,11784,9852,NA,NA,NA,1,-1,2,4,0,0,0,1,2,2,0,2,5,1,-41.56,-41.67,-43.93,-25,3,"Brazil","Pernambuco","Lagoa dos Gatos",-8.68610764,-35.8958853996463,16318,"BRA","BR",76,"BRL","2608701","ChIJzzwYT7-qAAcREUgcnCFWyYs",NA,"BRPE2608701",NA,"BRA.17.98_1"
"484fe392",2022-07-08,944,13,NA,NA,27330,11791,9880,NA,NA,NA,1,-1,2,4,0,0,0,1,2,2,0,2,5,1,-41.56,-41.67,-43.93,-25,3,"Brazil","Pernambuco","Lagoa dos Gatos",-8.68610764,-35.8958853996463,16318,"BRA","BR",76,"BRL","2608701","ChIJzzwYT7-qAAcREUgcnCFWyYs",NA,"BRPE2608701",NA,"BRA.17.98_1"
"484fe392",2022-07-09,945,13,NA,NA,NA,NA,NA,NA,NA,NA,1,-1,2,4,0,0,0,1,2,2,0,2,5,1,-41.56,-41.67,-43.93,-25,3,"Brazil","Pernambuco","Lagoa dos Gatos",-8.68610764,-35.8958853996463,16318,"BRA","BR",76,"BRL","2608701","ChIJzzwYT7-qAAcREUgcnCFWyYs",NA,"BRPE2608701",NA,"BRA.17.98_1"
"484fe392",2022-07-10,945,13,NA,NA,NA,NA,NA,NA,NA,NA,1,-1,2,4,0,0,0,1,2,2,0,2,5,1,-41.56,-41.67,-43.93,-25,3,"Brazil","Pernambuco","Lagoa dos Gatos",-8.68610764,-35.8958853996463,16318,"BRA","BR",76,"BRL","2608701","ChIJzzwYT7-qAAcREUgcnCFWyYs",NA,"BRPE2608701",NA,"BRA.17.98_1"
"484fe392",2022-07-11,945,13,NA,NA,27386,11792,9905,NA,NA,NA,1,-1,2,4,0,0,0,1,2,2,0,2,5,1,-41.56,-41.67,-43.93,-25,3,"Brazil","Pernambuco","Lagoa dos Gatos",-8.68610764,-35.8958853996463,16318,"BRA","BR",76,"BRL","2608701","ChIJzzwYT7-qAAcREUgcnCFWyYs",NA,"BRPE2608701",NA,"BRA.17.98_1"
"484fe392",2022-07-12,946,13,NA,NA,27457,11793,9921,NA,NA,NA,1,-1,2,4,0,0,0,1,2,2,0,2,5,1,-41.56,-41.67,-43.93,-25,3,"Brazil","Pernambuco","Lagoa dos Gatos",-8.68610764,-35.8958853996463,16318,"BRA","BR",76,"BRL","2608701","ChIJzzwYT7-qAAcREUgcnCFWyYs",NA,"BRPE2608701",NA,"BRA.17.98_1"
"484fe392",2022-07-13,951,13,NA,NA,27504,11793,9935,NA,NA,NA,1,-1,2,4,0,0,0,1,2,2,0,2,5,1,-41.56,-41.67,-43.93,-25,3,"Brazil","Pernambuco","Lagoa dos Gatos",-8.68610764,-35.8958853996463,16318,"BRA","BR",76,"BRL","2608701","ChIJzzwYT7-qAAcREUgcnCFWyYs",NA,"BRPE2608701",NA,"BRA.17.98_1"
"484fe392",2022-07-14,951,13,NA,NA,27512,11794,9936,NA,NA,NA,1,-1,2,4,0,0,0,1,2,2,0,2,5,1,-41.56,-41.67,-43.93,-25,3,"Brazil","Pernambuco","Lagoa dos Gatos",-8.68610764,-35.8958853996463,16318,"BRA","BR",76,"BRL","2608701","ChIJzzwYT7-qAAcREUgcnCFWyYs",NA,"BRPE2608701",NA,"BRA.17.98_1"
"484fe392",2022-07-15,955,13,NA,NA,27565,11798,9957,NA,NA,NA,1,-1,2,4,0,0,0,1,2,2,0,2,5,1,-41.56,-41.67,-43.93,-25,3,"Brazil","Pernambuco","Lagoa dos Gatos",-8.68610764,-35.8958853996463,16318,"BRA","BR",76,"BRL","2608701","ChIJzzwYT7-qAAcREUgcnCFWyYs",NA,"BRPE2608701",NA,"BRA.17.98_1"
"484fe392",2022-07-16,955,13,NA,NA,NA,NA,NA,NA,NA,NA,1,-1,2,4,0,0,0,1,2,2,0,2,5,1,-41.56,-41.67,-43.93,-25,3,"Brazil","Pernambuco","Lagoa dos Gatos",-8.68610764,-35.8958853996463,16318,"BRA","BR",76,"BRL","2608701","ChIJzzwYT7-qAAcREUgcnCFWyYs",NA,"BRPE2608701",NA,"BRA.17.98_1"
"484fe392",2022-07-17,955,13,NA,NA,NA,NA,NA,NA,NA,NA,1,-1,2,4,0,0,0,1,2,2,0,2,5,1,-41.56,-41.67,-43.93,-25,3,"Brazil","Pernambuco","Lagoa dos Gatos",-8.68610764,-35.8958853996463,16318,"BRA","BR",76,"BRL","2608701","ChIJzzwYT7-qAAcREUgcnCFWyYs",NA,"BRPE2608701",NA,"BRA.17.98_1"
"484fe392",2022-07-18,955,13,NA,NA,27612,11799,9965,NA,NA,NA,1,-1,2,4,0,0,0,1,2,2,0,2,5,1,-41.56,-41.67,-43.93,-25,3,"Brazil","Pernambuco","Lagoa dos Gatos",-8.68610764,-35.8958853996463,16318,"BRA","BR",76,"BRL","2608701","ChIJzzwYT7-qAAcREUgcnCFWyYs",NA,"BRPE2608701",NA,"BRA.17.98_1"
"484fe392",2022-07-19,956,13,NA,NA,27679,11799,9993,NA,NA,NA,1,-1,2,4,0,0,0,1,2,2,0,2,5,1,-41.56,-41.67,-43.93,-25,3,"Brazil","Pernambuco","Lagoa dos Gatos",-8.68610764,-35.8958853996463,16318,"BRA","BR",76,"BRL","2608701","ChIJzzwYT7-qAAcREUgcnCFWyYs",NA,"BRPE2608701",NA,"BRA.17.98_1"
"484fe392",2022-07-20,956,13,NA,NA,27744,11799,10017,NA,NA,NA,1,-1,2,4,0,0,0,1,2,2,0,2,5,1,-41.56,-41.67,-43.93,-25,3,"Brazil","Pernambuco","Lagoa dos Gatos",-8.68610764,-35.8958853996463,16318,"BRA","BR",76,"BRL","2608701","ChIJzzwYT7-qAAcREUgcnCFWyYs",NA,"BRPE2608701",NA,"BRA.17.98_1"
"484fe392",2022-07-21,956,13,NA,NA,27784,11799,10018,NA,NA,NA,1,-1,2,4,0,0,0,1,2,2,0,2,5,1,-41.56,-41.67,-43.93,-25,3,"Brazil","Pernambuco","Lagoa dos Gatos",-8.68610764,-35.8958853996463,16318,"BRA","BR",76,"BRL","2608701","ChIJzzwYT7-qAAcREUgcnCFWyYs",NA,"BRPE2608701",NA,"BRA.17.98_1"
"484fe392",2022-07-22,956,13,NA,NA,27838,11827,10040,NA,NA,NA,1,-1,2,4,0,0,0,1,2,2,0,2,5,1,-41.56,-41.67,-43.93,-25,3,"Brazil","Pernambuco","Lagoa dos Gatos",-8.68610764,-35.8958853996463,16318,"BRA","BR",76,"BRL","2608701","ChIJzzwYT7-qAAcREUgcnCFWyYs",NA,"BRPE2608701",NA,"BRA.17.98_1"
"484fe392",2022-07-23,961,13,NA,NA,27839,11827,10040,NA,NA,NA,1,-1,2,4,0,0,0,1,2,2,0,2,5,1,-41.56,-41.67,-43.93,-25,3,"Brazil","Pernambuco","Lagoa dos Gatos",-8.68610764,-35.8958853996463,16318,"BRA","BR",76,"BRL","2608701","ChIJzzwYT7-qAAcREUgcnCFWyYs",NA,"BRPE2608701",NA,"BRA.17.98_1"
"484fe392",2022-07-24,961,13,NA,NA,NA,NA,NA,NA,NA,NA,1,-1,2,4,0,0,0,1,2,2,0,2,5,1,-41.56,-41.67,-43.93,-25,3,"Brazil","Pernambuco","Lagoa dos Gatos",-8.68610764,-35.8958853996463,16318,"BRA","BR",76,"BRL","2608701","ChIJzzwYT7-qAAcREUgcnCFWyYs",NA,"BRPE2608701",NA,"BRA.17.98_1"
"484fe392",2022-07-25,961,13,NA,NA,27972,11829,10040,NA,NA,NA,1,-1,2,4,0,0,0,1,2,2,0,2,5,1,-41.56,-41.67,-43.93,-25,3,"Brazil","Pernambuco","Lagoa dos Gatos",-8.68610764,-35.8958853996463,16318,"BRA","BR",76,"BRL","2608701","ChIJzzwYT7-qAAcREUgcnCFWyYs",NA,"BRPE2608701",NA,"BRA.17.98_1"
"484fe392",2022-07-26,961,13,NA,NA,28043,11830,10069,NA,NA,NA,1,-1,2,4,0,0,0,1,2,2,0,2,5,1,-41.56,-41.67,-43.93,-25,3,"Brazil","Pernambuco","Lagoa dos Gatos",-8.68610764,-35.8958853996463,16318,"BRA","BR",76,"BRL","2608701","ChIJzzwYT7-qAAcREUgcnCFWyYs",NA,"BRPE2608701",NA,"BRA.17.98_1"
"484fe392",2022-07-27,963,13,NA,NA,28059,11830,10069,NA,NA,NA,1,0,2,4,0,0,0,1,2,2,0,2,5,1,-40.52,-39.81,-42.74,-25,3,"Brazil","Pernambuco","Lagoa dos Gatos",-8.68610764,-35.8958853996463,16318,"BRA","BR",76,"BRL","2608701","ChIJzzwYT7-qAAcREUgcnCFWyYs",NA,"BRPE2608701",NA,"BRA.17.98_1"
"484fe392",2022-07-28,963,13,NA,NA,28069,11830,10069,NA,NA,NA,1,0,2,4,0,0,0,1,2,2,0,2,5,1,-40.52,-39.81,-42.74,-25,3,"Brazil","Pernambuco","Lagoa dos Gatos",-8.68610764,-35.8958853996463,16318,"BRA","BR",76,"BRL","2608701","ChIJzzwYT7-qAAcREUgcnCFWyYs",NA,"BRPE2608701",NA,"BRA.17.98_1"
"484fe392",2022-07-29,963,13,NA,NA,28110,11841,10096,NA,NA,NA,1,0,2,4,0,0,0,1,2,2,0,2,5,1,-40.52,-39.81,-42.74,-25,3,"Brazil","Pernambuco","Lagoa dos Gatos",-8.68610764,-35.8958853996463,16318,"BRA","BR",76,"BRL","2608701","ChIJzzwYT7-qAAcREUgcnCFWyYs",NA,"BRPE2608701",NA,"BRA.17.98_1"
"484fe392",2022-07-30,963,13,NA,NA,NA,NA,NA,NA,NA,NA,1,0,2,4,0,0,0,1,2,2,0,2,5,1,-40.52,-39.81,-42.74,-25,3,"Brazil","Pernambuco","Lagoa dos Gatos",-8.68610764,-35.8958853996463,16318,"BRA","BR",76,"BRL","2608701","ChIJzzwYT7-qAAcREUgcnCFWyYs",NA,"BRPE2608701",NA,"BRA.17.98_1"
"484fe392",2022-07-31,963,13,NA,NA,NA,NA,NA,NA,NA,NA,1,0,2,4,0,0,0,1,2,2,0,2,5,1,-40.52,-39.81,-42.74,-25,3,"Brazil","Pernambuco","Lagoa dos Gatos",-8.68610764,-35.8958853996463,16318,"BRA","BR",76,"BRL","2608701","ChIJzzwYT7-qAAcREUgcnCFWyYs",NA,"BRPE2608701",NA,"BRA.17.98_1"
"484fe392",2022-08-01,963,13,NA,NA,28148,11841,10106,NA,NA,NA,1,0,2,4,0,0,0,1,2,2,0,2,5,1,-40.52,-39.81,-42.74,-25,3,"Brazil","Pernambuco","Lagoa dos Gatos",-8.68610764,-35.8958853996463,16318,"BRA","BR",76,"BRL","2608701","ChIJzzwYT7-qAAcREUgcnCFWyYs",NA,"BRPE2608701",NA,"BRA.17.98_1"
"484fe392",2022-08-02,963,13,NA,NA,28191,11841,10120,NA,NA,NA,1,0,2,4,0,0,0,1,2,2,0,2,5,1,-40.52,-39.81,-42.74,-25,3,"Brazil","Pernambuco","Lagoa dos Gatos",-8.68610764,-35.8958853996463,16318,"BRA","BR",76,"BRL","2608701","ChIJzzwYT7-qAAcREUgcnCFWyYs",NA,"BRPE2608701",NA,"BRA.17.98_1"
"484fe392",2022-08-03,965,13,NA,NA,28217,11841,10132,NA,NA,NA,1,0,2,4,0,0,0,1,2,2,0,2,5,1,-40.52,-39.81,-42.74,-25,3,"Brazil","Pernambuco","Lagoa dos Gatos",-8.68610764,-35.8958853996463,16318,"BRA","BR",76,"BRL","2608701","ChIJzzwYT7-qAAcREUgcnCFWyYs",NA,"BRPE2608701",NA,"BRA.17.98_1"
"484fe392",2022-08-04,965,13,NA,NA,NA,NA,NA,NA,NA,NA,1,0,2,4,0,0,0,1,2,2,0,2,5,1,-40.52,-39.81,-42.74,-25,3,"Brazil","Pernambuco","Lagoa dos Gatos",-8.68610764,-35.8958853996463,16318,"BRA","BR",76,"BRL","2608701","ChIJzzwYT7-qAAcREUgcnCFWyYs",NA,"BRPE2608701",NA,"BRA.17.98_1"
"484fe392",2022-08-05,965,13,NA,NA,28247,11854,10145,NA,NA,NA,1,0,2,4,0,0,0,1,2,2,0,2,5,1,-40.52,-39.81,-42.74,-25,3,"Brazil","Pernambuco","Lagoa dos Gatos",-8.68610764,-35.8958853996463,16318,"BRA","BR",76,"BRL","2608701","ChIJzzwYT7-qAAcREUgcnCFWyYs",NA,"BRPE2608701",NA,"BRA.17.98_1"
"484fe392",2022-08-06,965,13,NA,NA,NA,NA,NA,NA,NA,NA,1,0,2,4,0,0,0,1,2,2,0,2,5,1,-40.52,-39.81,-42.74,-25,3,"Brazil","Pernambuco","Lagoa dos Gatos",-8.68610764,-35.8958853996463,16318,"BRA","BR",76,"BRL","2608701","ChIJzzwYT7-qAAcREUgcnCFWyYs",NA,"BRPE2608701",NA,"BRA.17.98_1"
"484fe392",2022-08-07,965,13,NA,NA,NA,NA,NA,NA,NA,NA,1,0,2,4,0,0,0,1,2,2,0,2,5,1,-40.52,-39.81,-42.74,-25,3,"Brazil","Pernambuco","Lagoa dos Gatos",-8.68610764,-35.8958853996463,16318,"BRA","BR",76,"BRL","2608701","ChIJzzwYT7-qAAcREUgcnCFWyYs",NA,"BRPE2608701",NA,"BRA.17.98_1"
"484fe392",2022-08-08,965,13,NA,NA,28299,11854,10159,NA,NA,NA,1,0,2,4,0,0,0,1,2,2,0,2,5,1,-40.52,-39.81,-42.74,-25,3,"Brazil","Pernambuco","Lagoa dos Gatos",-8.68610764,-35.8958853996463,16318,"BRA","BR",76,"BRL","2608701","ChIJzzwYT7-qAAcREUgcnCFWyYs",NA,"BRPE2608701",NA,"BRA.17.98_1"
"484fe392",2022-08-09,965,13,NA,NA,28343,11855,10172,NA,NA,NA,1,0,2,4,0,0,0,1,2,2,0,2,5,1,-40.52,-39.81,-42.74,-25,3,"Brazil","Pernambuco","Lagoa dos Gatos",-8.68610764,-35.8958853996463,16318,"BRA","BR",76,"BRL","2608701","ChIJzzwYT7-qAAcREUgcnCFWyYs",NA,"BRPE2608701",NA,"BRA.17.98_1"
"484fe392",2022-08-10,965,13,NA,NA,28411,11860,10196,NA,NA,NA,1,0,2,4,0,0,0,1,2,2,0,2,5,1,-40.52,-39.81,-42.74,-25,3,"Brazil","Pernambuco","Lagoa dos Gatos",-8.68610764,-35.8958853996463,16318,"BRA","BR",76,"BRL","2608701","ChIJzzwYT7-qAAcREUgcnCFWyYs",NA,"BRPE2608701",NA,"BRA.17.98_1"
"484fe392",2022-08-11,965,13,NA,NA,28473,11861,10204,NA,NA,NA,1,0,2,4,0,0,0,1,2,2,0,2,5,1,-40.52,-39.81,-42.74,-25,3,"Brazil","Pernambuco","Lagoa dos Gatos",-8.68610764,-35.8958853996463,16318,"BRA","BR",76,"BRL","2608701","ChIJzzwYT7-qAAcREUgcnCFWyYs",NA,"BRPE2608701",NA,"BRA.17.98_1"
"484fe392",2022-08-12,965,13,NA,NA,28507,11873,10219,NA,NA,NA,1,0,2,4,0,0,0,1,2,2,0,2,5,1,-40.52,-39.81,-42.74,-25,3,"Brazil","Pernambuco","Lagoa dos Gatos",-8.68610764,-35.8958853996463,16318,"BRA","BR",76,"BRL","2608701","ChIJzzwYT7-qAAcREUgcnCFWyYs",NA,"BRPE2608701",NA,"BRA.17.98_1"
"484fe392",2022-08-13,965,13,NA,NA,NA,NA,NA,NA,NA,NA,1,0,2,4,0,0,0,1,2,2,0,2,5,1,-40.52,-39.81,-42.74,-25,3,"Brazil","Pernambuco","Lagoa dos Gatos",-8.68610764,-35.8958853996463,16318,"BRA","BR",76,"BRL","2608701","ChIJzzwYT7-qAAcREUgcnCFWyYs",NA,"BRPE2608701",NA,"BRA.17.98_1"
"484fe392",2022-08-14,965,13,NA,NA,NA,NA,NA,NA,NA,NA,1,0,2,4,0,0,0,1,2,2,0,2,5,1,-40.52,-39.81,-42.74,-25,3,"Brazil","Pernambuco","Lagoa dos Gatos",-8.68610764,-35.8958853996463,16318,"BRA","BR",76,"BRL","2608701","ChIJzzwYT7-qAAcREUgcnCFWyYs",NA,"BRPE2608701",NA,"BRA.17.98_1"
"484fe392",2022-08-15,965,13,NA,NA,28509,11874,10220,NA,NA,NA,1,0,2,4,0,0,0,1,2,2,0,2,5,1,-40.52,-39.81,-42.74,-25,3,"Brazil","Pernambuco","Lagoa dos Gatos",-8.68610764,-35.8958853996463,16318,"BRA","BR",76,"BRL","2608701","ChIJzzwYT7-qAAcREUgcnCFWyYs",NA,"BRPE2608701",NA,"BRA.17.98_1"
"484fe392",2022-08-16,965,13,NA,NA,28556,11874,10245,NA,NA,NA,1,0,2,4,0,0,0,1,2,2,0,2,5,1,-40.52,-39.81,-42.74,-25,3,"Brazil","Pernambuco","Lagoa dos Gatos",-8.68610764,-35.8958853996463,16318,"BRA","BR",76,"BRL","2608701","ChIJzzwYT7-qAAcREUgcnCFWyYs",NA,"BRPE2608701",NA,"BRA.17.98_1"
"484fe392",2022-08-17,965,13,NA,NA,28569,11874,10250,NA,NA,NA,1,0,2,4,0,0,0,1,2,2,0,2,5,1,-40.52,-39.81,-42.74,-25,3,"Brazil","Pernambuco","Lagoa dos Gatos",-8.68610764,-35.8958853996463,16318,"BRA","BR",76,"BRL","2608701","ChIJzzwYT7-qAAcREUgcnCFWyYs",NA,"BRPE2608701",NA,"BRA.17.98_1"
"484fe392",2022-08-18,965,13,NA,NA,NA,NA,NA,NA,NA,NA,1,0,2,4,0,0,0,1,2,2,0,2,5,1,-40.52,-39.81,-42.74,-25,3,"Brazil","Pernambuco","Lagoa dos Gatos",-8.68610764,-35.8958853996463,16318,"BRA","BR",76,"BRL","2608701","ChIJzzwYT7-qAAcREUgcnCFWyYs",NA,"BRPE2608701",NA,"BRA.17.98_1"
"484fe392",2022-08-19,965,13,NA,NA,28585,11876,10259,NA,NA,NA,1,0,2,4,0,0,0,1,2,2,0,2,5,1,-40.52,-39.81,-42.74,-25,3,"Brazil","Pernambuco","Lagoa dos Gatos",-8.68610764,-35.8958853996463,16318,"BRA","BR",76,"BRL","2608701","ChIJzzwYT7-qAAcREUgcnCFWyYs",NA,"BRPE2608701",NA,"BRA.17.98_1"
"484fe392",2022-08-20,965,13,NA,NA,NA,NA,NA,NA,NA,NA,1,0,2,4,0,0,0,1,2,2,0,2,5,1,-40.52,-39.81,-42.74,-25,3,"Brazil","Pernambuco","Lagoa dos Gatos",-8.68610764,-35.8958853996463,16318,"BRA","BR",76,"BRL","2608701","ChIJzzwYT7-qAAcREUgcnCFWyYs",NA,"BRPE2608701",NA,"BRA.17.98_1"
"484fe392",2022-08-21,965,13,NA,NA,NA,NA,NA,NA,NA,NA,1,0,2,4,0,0,0,1,2,2,0,2,5,1,-40.52,-39.81,-42.74,-25,3,"Brazil","Pernambuco","Lagoa dos Gatos",-8.68610764,-35.8958853996463,16318,"BRA","BR",76,"BRL","2608701","ChIJzzwYT7-qAAcREUgcnCFWyYs",NA,"BRPE2608701",NA,"BRA.17.98_1"
"484fe392",2022-08-22,965,13,NA,NA,28613,11877,10263,NA,NA,NA,1,0,2,4,0,0,0,1,2,2,0,2,5,1,-40.52,-39.81,-42.74,-25,3,"Brazil","Pernambuco","Lagoa dos Gatos",-8.68610764,-35.8958853996463,16318,"BRA","BR",76,"BRL","2608701","ChIJzzwYT7-qAAcREUgcnCFWyYs",NA,"BRPE2608701",NA,"BRA.17.98_1"
"484fe392",2022-08-23,965,13,NA,NA,28636,11877,10276,NA,NA,NA,1,0,2,4,0,0,0,1,2,2,0,2,5,1,-40.52,-39.81,-42.74,-25,3,"Brazil","Pernambuco","Lagoa dos Gatos",-8.68610764,-35.8958853996463,16318,"BRA","BR",76,"BRL","2608701","ChIJzzwYT7-qAAcREUgcnCFWyYs",NA,"BRPE2608701",NA,"BRA.17.98_1"
"484fe392",2022-08-24,965,13,NA,NA,28656,11877,10284,NA,NA,NA,1,0,2,4,0,0,0,1,2,2,0,2,5,1,-40.52,-39.81,-42.74,-25,3,"Brazil","Pernambuco","Lagoa dos Gatos",-8.68610764,-35.8958853996463,16318,"BRA","BR",76,"BRL","2608701","ChIJzzwYT7-qAAcREUgcnCFWyYs",NA,"BRPE2608701",NA,"BRA.17.98_1"
"484fe392",2022-08-25,965,13,NA,NA,28657,11877,10284,NA,NA,NA,1,0,2,4,0,0,0,1,2,2,0,2,5,1,-40.52,-39.81,-42.74,-25,3,"Brazil","Pernambuco","Lagoa dos Gatos",-8.68610764,-35.8958853996463,16318,"BRA","BR",76,"BRL","2608701","ChIJzzwYT7-qAAcREUgcnCFWyYs",NA,"BRPE2608701",NA,"BRA.17.98_1"
"484fe392",2022-08-26,965,13,NA,NA,28675,11882,10293,NA,NA,NA,1,0,2,4,0,0,0,1,2,2,0,2,5,1,-40.52,-39.81,-42.74,-25,3,"Brazil","Pernambuco","Lagoa dos Gatos",-8.68610764,-35.8958853996463,16318,"BRA","BR",76,"BRL","2608701","ChIJzzwYT7-qAAcREUgcnCFWyYs",NA,"BRPE2608701",NA,"BRA.17.98_1"
"484fe392",2022-08-27,965,13,NA,NA,NA,NA,NA,NA,NA,NA,1,0,2,4,0,0,0,1,2,2,0,2,5,1,-40.52,-39.81,-42.74,-25,3,"Brazil","Pernambuco","Lagoa dos Gatos",-8.68610764,-35.8958853996463,16318,"BRA","BR",76,"BRL","2608701","ChIJzzwYT7-qAAcREUgcnCFWyYs",NA,"BRPE2608701",NA,"BRA.17.98_1"
"484fe392",2022-08-28,965,13,NA,NA,NA,NA,NA,NA,NA,NA,1,0,2,4,0,0,0,1,2,2,0,2,5,1,-40.52,-39.81,-42.74,-25,3,"Brazil","Pernambuco","Lagoa dos Gatos",-8.68610764,-35.8958853996463,16318,"BRA","BR",76,"BRL","2608701","ChIJzzwYT7-qAAcREUgcnCFWyYs",NA,"BRPE2608701",NA,"BRA.17.98_1"
"484fe392",2022-08-29,965,13,NA,NA,28694,11882,10301,NA,NA,NA,1,0,2,4,0,0,0,1,2,2,0,2,5,1,-40.52,-39.81,-42.74,-25,3,"Brazil","Pernambuco","Lagoa dos Gatos",-8.68610764,-35.8958853996463,16318,"BRA","BR",76,"BRL","2608701","ChIJzzwYT7-qAAcREUgcnCFWyYs",NA,"BRPE2608701",NA,"BRA.17.98_1"
"484fe392",2022-08-30,965,13,NA,NA,28713,11882,10311,NA,NA,NA,1,0,2,4,0,0,0,1,2,2,0,2,5,1,-40.52,-39.81,-42.74,-25,3,"Brazil","Pernambuco","Lagoa dos Gatos",-8.68610764,-35.8958853996463,16318,"BRA","BR",76,"BRL","2608701","ChIJzzwYT7-qAAcREUgcnCFWyYs",NA,"BRPE2608701",NA,"BRA.17.98_1"
"484fe392",2022-08-31,965,13,NA,NA,28731,11882,10316,NA,NA,NA,1,0,2,4,0,0,0,1,2,2,0,2,5,1,-40.52,-39.81,-42.74,-25,3,"Brazil","Pernambuco","Lagoa dos Gatos",-8.68610764,-35.8958853996463,16318,"BRA","BR",76,"BRL","2608701","ChIJzzwYT7-qAAcREUgcnCFWyYs",NA,"BRPE2608701",NA,"BRA.17.98_1"
"484fe392",2022-09-01,965,13,NA,NA,28736,11885,10318,NA,NA,NA,1,0,2,4,0,0,0,1,2,2,0,2,5,1,-40.52,-39.81,-42.74,-25,3,"Brazil","Pernambuco","Lagoa dos Gatos",-8.68610764,-35.8958853996463,16318,"BRA","BR",76,"BRL","2608701","ChIJzzwYT7-qAAcREUgcnCFWyYs",NA,"BRPE2608701",NA,"BRA.17.98_1"
"484fe392",2022-09-02,965,13,NA,NA,28767,11905,10329,NA,NA,NA,1,0,2,4,0,0,0,1,2,2,0,2,5,1,-40.52,-39.81,-42.74,-25,3,"Brazil","Pernambuco","Lagoa dos Gatos",-8.68610764,-35.8958853996463,16318,"BRA","BR",76,"BRL","2608701","ChIJzzwYT7-qAAcREUgcnCFWyYs",NA,"BRPE2608701",NA,"BRA.17.98_1"
"484fe392",2022-09-03,965,13,NA,NA,28802,11909,10330,NA,NA,NA,1,0,2,4,0,0,0,1,2,2,0,2,5,1,-40.52,-39.81,-42.74,-25,3,"Brazil","Pernambuco","Lagoa dos Gatos",-8.68610764,-35.8958853996463,16318,"BRA","BR",76,"BRL","2608701","ChIJzzwYT7-qAAcREUgcnCFWyYs",NA,"BRPE2608701",NA,"BRA.17.98_1"
"484fe392",2022-09-04,965,13,NA,NA,NA,NA,NA,NA,NA,NA,1,0,2,4,0,0,0,1,2,2,0,2,5,1,-40.52,-39.81,-42.74,-25,3,"Brazil","Pernambuco","Lagoa dos Gatos",-8.68610764,-35.8958853996463,16318,"BRA","BR",76,"BRL","2608701","ChIJzzwYT7-qAAcREUgcnCFWyYs",NA,"BRPE2608701",NA,"BRA.17.98_1"
"484fe392",2022-09-05,965,13,NA,NA,28816,11910,10331,NA,NA,NA,1,0,2,4,0,0,0,1,2,2,0,2,5,1,-40.52,-39.81,-42.74,-25,3,"Brazil","Pernambuco","Lagoa dos Gatos",-8.68610764,-35.8958853996463,16318,"BRA","BR",76,"BRL","2608701","ChIJzzwYT7-qAAcREUgcnCFWyYs",NA,"BRPE2608701",NA,"BRA.17.98_1"
"484fe392",2022-09-06,965,13,NA,NA,28828,11910,10331,NA,NA,NA,1,0,2,4,0,0,0,1,2,2,0,2,5,1,-40.52,-39.81,-42.74,-25,3,"Brazil","Pernambuco","Lagoa dos Gatos",-8.68610764,-35.8958853996463,16318,"BRA","BR",76,"BRL","2608701","ChIJzzwYT7-qAAcREUgcnCFWyYs",NA,"BRPE2608701",NA,"BRA.17.98_1"
"484fe392",2022-09-07,965,13,NA,NA,NA,NA,NA,NA,NA,NA,1,0,2,4,0,0,0,1,2,2,0,2,5,1,-40.52,-39.81,-42.74,-25,3,"Brazil","Pernambuco","Lagoa dos Gatos",-8.68610764,-35.8958853996463,16318,"BRA","BR",76,"BRL","2608701","ChIJzzwYT7-qAAcREUgcnCFWyYs",NA,"BRPE2608701",NA,"BRA.17.98_1"
"484fe392",2022-09-08,965,13,NA,NA,28843,11914,10332,NA,NA,NA,1,0,2,4,0,0,0,1,2,2,0,2,5,1,-40.52,-39.81,-42.74,-25,3,"Brazil","Pernambuco","Lagoa dos Gatos",-8.68610764,-35.8958853996463,16318,"BRA","BR",76,"BRL","2608701","ChIJzzwYT7-qAAcREUgcnCFWyYs",NA,"BRPE2608701",NA,"BRA.17.98_1"
"484fe392",2022-09-09,965,13,NA,NA,28848,11916,10335,NA,NA,NA,1,0,2,4,0,0,0,1,2,2,0,2,5,1,-40.52,-39.81,-42.74,-25,3,"Brazil","Pernambuco","Lagoa dos Gatos",-8.68610764,-35.8958853996463,16318,"BRA","BR",76,"BRL","2608701","ChIJzzwYT7-qAAcREUgcnCFWyYs",NA,"BRPE2608701",NA,"BRA.17.98_1"
"484fe392",2022-09-10,965,13,NA,NA,NA,NA,NA,NA,NA,NA,1,0,2,4,0,0,0,1,2,2,0,2,5,1,-40.52,-39.81,-42.74,-25,3,"Brazil","Pernambuco","Lagoa dos Gatos",-8.68610764,-35.8958853996463,16318,"BRA","BR",76,"BRL","2608701","ChIJzzwYT7-qAAcREUgcnCFWyYs",NA,"BRPE2608701",NA,"BRA.17.98_1"
"484fe392",2022-09-11,965,13,NA,NA,NA,NA,NA,NA,NA,NA,1,0,2,4,0,0,0,1,2,2,0,2,5,1,-40.52,-39.81,-42.74,-25,3,"Brazil","Pernambuco","Lagoa dos Gatos",-8.68610764,-35.8958853996463,16318,"BRA","BR",76,"BRL","2608701","ChIJzzwYT7-qAAcREUgcnCFWyYs",NA,"BRPE2608701",NA,"BRA.17.98_1"
"484fe392",2022-09-12,965,13,NA,NA,28861,11917,10336,NA,NA,NA,1,0,2,4,0,0,0,1,2,2,0,2,5,1,-40.52,-39.81,-42.74,-25,3,"Brazil","Pernambuco","Lagoa dos Gatos",-8.68610764,-35.8958853996463,16318,"BRA","BR",76,"BRL","2608701","ChIJzzwYT7-qAAcREUgcnCFWyYs",NA,"BRPE2608701",NA,"BRA.17.98_1"
"484fe392",2022-09-13,965,13,NA,NA,NA,NA,NA,NA,NA,NA,1,0,2,4,0,0,0,1,2,2,0,2,5,1,-40.52,-39.81,-42.74,-25,3,"Brazil","Pernambuco","Lagoa dos Gatos",-8.68610764,-35.8958853996463,16318,"BRA","BR",76,"BRL","2608701","ChIJzzwYT7-qAAcREUgcnCFWyYs",NA,"BRPE2608701",NA,"BRA.17.98_1"
"484fe392",2022-09-14,965,13,NA,NA,28890,11917,10336,NA,NA,NA,0,0,0,0,0,0,0,1,2,2,0,2,5,1,-25.94,-13.89,-26.07,-25,3,"Brazil","Pernambuco","Lagoa dos Gatos",-8.68610764,-35.8958853996463,16318,"BRA","BR",76,"BRL","2608701","ChIJzzwYT7-qAAcREUgcnCFWyYs",NA,"BRPE2608701",NA,"BRA.17.98_1"
"484fe392",2022-09-15,965,13,NA,NA,28905,11928,10340,NA,NA,NA,0,0,0,0,0,0,0,1,2,2,0,2,5,1,-25.94,-13.89,-26.07,-25,3,"Brazil","Pernambuco","Lagoa dos Gatos",-8.68610764,-35.8958853996463,16318,"BRA","BR",76,"BRL","2608701","ChIJzzwYT7-qAAcREUgcnCFWyYs",NA,"BRPE2608701",NA,"BRA.17.98_1"
"484fe392",2022-09-16,965,13,NA,NA,28915,11928,10340,NA,NA,NA,0,0,0,0,0,0,0,1,2,2,0,2,5,1,-25.94,-13.89,-26.07,-25,3,"Brazil","Pernambuco","Lagoa dos Gatos",-8.68610764,-35.8958853996463,16318,"BRA","BR",76,"BRL","2608701","ChIJzzwYT7-qAAcREUgcnCFWyYs",NA,"BRPE2608701",NA,"BRA.17.98_1"
"484fe392",2022-09-17,965,13,NA,NA,NA,NA,NA,NA,NA,NA,0,0,0,0,0,0,0,1,2,2,0,2,5,1,-25.94,-13.89,-26.07,-25,3,"Brazil","Pernambuco","Lagoa dos Gatos",-8.68610764,-35.8958853996463,16318,"BRA","BR",76,"BRL","2608701","ChIJzzwYT7-qAAcREUgcnCFWyYs",NA,"BRPE2608701",NA,"BRA.17.98_1"
"484fe392",2022-09-18,965,13,NA,NA,NA,NA,NA,NA,NA,NA,0,0,0,0,0,0,0,1,2,2,0,2,5,1,-25.94,-13.89,-26.07,-25,3,"Brazil","Pernambuco","Lagoa dos Gatos",-8.68610764,-35.8958853996463,16318,"BRA","BR",76,"BRL","2608701","ChIJzzwYT7-qAAcREUgcnCFWyYs",NA,"BRPE2608701",NA,"BRA.17.98_1"
"484fe392",2022-09-19,965,13,NA,NA,28922,11928,10340,NA,NA,NA,0,0,0,0,0,0,0,1,2,2,0,2,5,1,-25.94,-13.89,-26.07,-25,3,"Brazil","Pernambuco","Lagoa dos Gatos",-8.68610764,-35.8958853996463,16318,"BRA","BR",76,"BRL","2608701","ChIJzzwYT7-qAAcREUgcnCFWyYs",NA,"BRPE2608701",NA,"BRA.17.98_1"
"484fe392",2022-09-20,965,13,NA,NA,28943,11928,10340,NA,NA,NA,0,0,0,0,0,0,0,1,2,2,0,2,5,1,-25.94,-13.89,-26.07,-25,3,"Brazil","Pernambuco","Lagoa dos Gatos",-8.68610764,-35.8958853996463,16318,"BRA","BR",76,"BRL","2608701","ChIJzzwYT7-qAAcREUgcnCFWyYs",NA,"BRPE2608701",NA,"BRA.17.98_1"
"484fe392",2022-09-21,965,13,NA,NA,28947,11928,10340,NA,NA,NA,0,0,0,0,0,0,0,1,2,2,0,2,5,1,-25.94,-13.89,-26.07,-25,3,"Brazil","Pernambuco","Lagoa dos Gatos",-8.68610764,-35.8958853996463,16318,"BRA","BR",76,"BRL","2608701","ChIJzzwYT7-qAAcREUgcnCFWyYs",NA,"BRPE2608701",NA,"BRA.17.98_1"
"484fe392",2022-09-22,965,13,NA,NA,28971,11938,10350,NA,NA,NA,0,0,0,0,0,0,0,1,2,2,0,2,5,1,-25.94,-13.89,-26.07,-25,3,"Brazil","Pernambuco","Lagoa dos Gatos",-8.68610764,-35.8958853996463,16318,"BRA","BR",76,"BRL","2608701","ChIJzzwYT7-qAAcREUgcnCFWyYs",NA,"BRPE2608701",NA,"BRA.17.98_1"
"484fe392",2022-09-23,965,13,NA,NA,28987,11938,10351,NA,NA,NA,0,0,0,0,0,0,0,1,2,2,0,2,5,1,-25.94,-13.89,-26.07,-25,3,"Brazil","Pernambuco","Lagoa dos Gatos",-8.68610764,-35.8958853996463,16318,"BRA","BR",76,"BRL","2608701","ChIJzzwYT7-qAAcREUgcnCFWyYs",NA,"BRPE2608701",NA,"BRA.17.98_1"
"484fe392",2022-09-24,965,13,NA,NA,NA,NA,NA,NA,NA,NA,0,0,0,0,0,0,0,1,2,2,0,2,5,1,-25.94,-13.89,-26.07,-25,3,"Brazil","Pernambuco","Lagoa dos Gatos",-8.68610764,-35.8958853996463,16318,"BRA","BR",76,"BRL","2608701","ChIJzzwYT7-qAAcREUgcnCFWyYs",NA,"BRPE2608701",NA,"BRA.17.98_1"
"484fe392",2022-09-25,965,13,NA,NA,NA,NA,NA,NA,NA,NA,0,0,0,0,0,0,0,1,2,2,0,2,5,1,-25.94,-13.89,-26.07,-25,3,"Brazil","Pernambuco","Lagoa dos Gatos",-8.68610764,-35.8958853996463,16318,"BRA","BR",76,"BRL","2608701","ChIJzzwYT7-qAAcREUgcnCFWyYs",NA,"BRPE2608701",NA,"BRA.17.98_1"
"484fe392",2022-09-26,965,13,NA,NA,NA,NA,NA,NA,NA,NA,0,0,0,0,0,0,0,1,2,2,0,2,5,1,-25.94,-13.89,-26.07,-25,3,"Brazil","Pernambuco","Lagoa dos Gatos",-8.68610764,-35.8958853996463,16318,"BRA","BR",76,"BRL","2608701","ChIJzzwYT7-qAAcREUgcnCFWyYs",NA,"BRPE2608701",NA,"BRA.17.98_1"
"484fe392",2022-09-27,965,13,NA,NA,29018,11939,10352,NA,NA,NA,0,0,0,0,0,0,0,1,2,2,0,2,5,1,-25.94,-13.89,-26.07,-25,3,"Brazil","Pernambuco","Lagoa dos Gatos",-8.68610764,-35.8958853996463,16318,"BRA","BR",76,"BRL","2608701","ChIJzzwYT7-qAAcREUgcnCFWyYs",NA,"BRPE2608701",NA,"BRA.17.98_1"
"484fe392",2022-09-28,965,13,NA,NA,29022,11939,10352,NA,NA,NA,0,0,0,0,0,0,0,1,2,2,0,2,5,1,-25.94,-13.89,-26.07,-25,3,"Brazil","Pernambuco","Lagoa dos Gatos",-8.68610764,-35.8958853996463,16318,"BRA","BR",76,"BRL","2608701","ChIJzzwYT7-qAAcREUgcnCFWyYs",NA,"BRPE2608701",NA,"BRA.17.98_1"
"484fe392",2022-09-29,965,13,NA,NA,29035,11947,10357,NA,NA,NA,0,0,0,0,0,0,0,1,2,2,0,2,5,1,-25.94,-13.89,-26.07,-25,3,"Brazil","Pernambuco","Lagoa dos Gatos",-8.68610764,-35.8958853996463,16318,"BRA","BR",76,"BRL","2608701","ChIJzzwYT7-qAAcREUgcnCFWyYs",NA,"BRPE2608701",NA,"BRA.17.98_1"
"484fe392",2022-09-30,965,13,NA,NA,NA,NA,NA,NA,NA,NA,0,0,0,0,0,0,0,1,2,2,0,2,5,1,-25.94,-13.89,-26.07,-25,3,"Brazil","Pernambuco","Lagoa dos Gatos",-8.68610764,-35.8958853996463,16318,"BRA","BR",76,"BRL","2608701","ChIJzzwYT7-qAAcREUgcnCFWyYs",NA,"BRPE2608701",NA,"BRA.17.98_1"
"484fe392",2022-10-01,965,13,NA,NA,NA,NA,NA,NA,NA,NA,0,0,0,0,0,0,0,1,2,2,0,2,5,1,-25.94,-13.89,-26.07,-25,3,"Brazil","Pernambuco","Lagoa dos Gatos",-8.68610764,-35.8958853996463,16318,"BRA","BR",76,"BRL","2608701","ChIJzzwYT7-qAAcREUgcnCFWyYs",NA,"BRPE2608701",NA,"BRA.17.98_1"
"484fe392",2022-10-02,965,13,NA,NA,NA,NA,NA,NA,NA,NA,0,0,0,0,0,0,0,1,2,2,0,2,5,1,-25.94,-13.89,-26.07,-25,3,"Brazil","Pernambuco","Lagoa dos Gatos",-8.68610764,-35.8958853996463,16318,"BRA","BR",76,"BRL","2608701","ChIJzzwYT7-qAAcREUgcnCFWyYs",NA,"BRPE2608701",NA,"BRA.17.98_1"
"484fe392",2022-10-03,965,13,NA,NA,29042,11947,10357,NA,NA,NA,0,0,0,0,0,0,0,1,2,2,0,2,5,1,-25.94,-13.89,-26.07,-25,3,"Brazil","Pernambuco","Lagoa dos Gatos",-8.68610764,-35.8958853996463,16318,"BRA","BR",76,"BRL","2608701","ChIJzzwYT7-qAAcREUgcnCFWyYs",NA,"BRPE2608701",NA,"BRA.17.98_1"
"484fe392",2022-10-04,965,13,NA,NA,29049,11947,10357,NA,NA,NA,0,0,0,0,0,0,0,1,2,2,0,2,5,1,-25.94,-13.89,-26.07,-25,3,"Brazil","Pernambuco","Lagoa dos Gatos",-8.68610764,-35.8958853996463,16318,"BRA","BR",76,"BRL","2608701","ChIJzzwYT7-qAAcREUgcnCFWyYs",NA,"BRPE2608701",NA,"BRA.17.98_1"
"484fe392",2022-10-05,965,13,NA,NA,29056,11949,10357,NA,NA,NA,0,0,0,0,0,0,0,1,2,2,0,2,5,1,-25.94,-13.89,-26.07,-25,3,"Brazil","Pernambuco","Lagoa dos Gatos",-8.68610764,-35.8958853996463,16318,"BRA","BR",76,"BRL","2608701","ChIJzzwYT7-qAAcREUgcnCFWyYs",NA,"BRPE2608701",NA,"BRA.17.98_1"
"484fe392",2022-10-06,965,13,NA,NA,29072,11950,10371,NA,NA,NA,0,0,0,0,0,0,0,1,2,2,0,2,5,1,-25.94,-13.89,-26.07,-25,3,"Brazil","Pernambuco","Lagoa dos Gatos",-8.68610764,-35.8958853996463,16318,"BRA","BR",76,"BRL","2608701","ChIJzzwYT7-qAAcREUgcnCFWyYs",NA,"BRPE2608701",NA,"BRA.17.98_1"
"484fe392",2022-10-07,965,13,NA,NA,NA,NA,NA,NA,NA,NA,0,0,0,0,0,0,0,1,2,2,0,2,5,1,-25.94,-13.89,-26.07,-25,3,"Brazil","Pernambuco","Lagoa dos Gatos",-8.68610764,-35.8958853996463,16318,"BRA","BR",76,"BRL","2608701","ChIJzzwYT7-qAAcREUgcnCFWyYs",NA,"BRPE2608701",NA,"BRA.17.98_1"
"484fe392",2022-10-08,965,13,NA,NA,NA,NA,NA,NA,NA,NA,0,0,0,0,0,0,0,1,2,2,0,2,5,1,-25.94,-13.89,-26.07,-25,3,"Brazil","Pernambuco","Lagoa dos Gatos",-8.68610764,-35.8958853996463,16318,"BRA","BR",76,"BRL","2608701","ChIJzzwYT7-qAAcREUgcnCFWyYs",NA,"BRPE2608701",NA,"BRA.17.98_1"
"484fe392",2022-10-09,965,13,NA,NA,NA,NA,NA,NA,NA,NA,0,0,0,0,0,0,0,1,2,2,0,2,5,1,-25.94,-13.89,-26.07,-25,3,"Brazil","Pernambuco","Lagoa dos Gatos",-8.68610764,-35.8958853996463,16318,"BRA","BR",76,"BRL","2608701","ChIJzzwYT7-qAAcREUgcnCFWyYs",NA,"BRPE2608701",NA,"BRA.17.98_1"
"484fe392",2022-10-10,965,13,NA,NA,29077,11950,10373,NA,NA,NA,0,0,0,0,0,0,0,1,2,2,0,2,5,1,-25.94,-13.89,-26.07,-25,3,"Brazil","Pernambuco","Lagoa dos Gatos",-8.68610764,-35.8958853996463,16318,"BRA","BR",76,"BRL","2608701","ChIJzzwYT7-qAAcREUgcnCFWyYs",NA,"BRPE2608701",NA,"BRA.17.98_1"
"484fe392",2022-10-11,965,13,NA,NA,29084,11950,10374,NA,NA,NA,0,0,0,0,0,0,0,1,2,2,0,2,5,1,-25.94,-13.89,-26.07,-25,3,"Brazil","Pernambuco","Lagoa dos Gatos",-8.68610764,-35.8958853996463,16318,"BRA","BR",76,"BRL","2608701","ChIJzzwYT7-qAAcREUgcnCFWyYs",NA,"BRPE2608701",NA,"BRA.17.98_1"
"484fe392",2022-10-12,965,13,NA,NA,NA,NA,NA,NA,NA,NA,0,0,0,0,0,0,0,1,2,2,0,2,5,1,-25.94,-13.89,-26.07,-25,3,"Brazil","Pernambuco","Lagoa dos Gatos",-8.68610764,-35.8958853996463,16318,"BRA","BR",76,"BRL","2608701","ChIJzzwYT7-qAAcREUgcnCFWyYs",NA,"BRPE2608701",NA,"BRA.17.98_1"
"484fe392",2022-10-13,965,13,NA,NA,29154,11956,10393,NA,NA,NA,0,0,0,0,0,0,0,1,2,2,0,2,5,1,-25.94,-13.89,-26.07,-25,3,"Brazil","Pernambuco","Lagoa dos Gatos",-8.68610764,-35.8958853996463,16318,"BRA","BR",76,"BRL","2608701","ChIJzzwYT7-qAAcREUgcnCFWyYs",NA,"BRPE2608701",NA,"BRA.17.98_1"
"484fe392",2022-10-14,965,13,NA,NA,NA,NA,NA,NA,NA,NA,0,0,0,0,0,0,0,1,2,2,0,2,5,1,-25.94,-13.89,-26.07,-25,3,"Brazil","Pernambuco","Lagoa dos Gatos",-8.68610764,-35.8958853996463,16318,"BRA","BR",76,"BRL","2608701","ChIJzzwYT7-qAAcREUgcnCFWyYs",NA,"BRPE2608701",NA,"BRA.17.98_1"
"484fe392",2022-10-15,965,13,NA,NA,NA,NA,NA,NA,NA,NA,0,0,0,0,0,0,0,1,2,2,0,2,5,1,-25.94,-13.89,-26.07,-25,3,"Brazil","Pernambuco","Lagoa dos Gatos",-8.68610764,-35.8958853996463,16318,"BRA","BR",76,"BRL","2608701","ChIJzzwYT7-qAAcREUgcnCFWyYs",NA,"BRPE2608701",NA,"BRA.17.98_1"
"484fe392",2022-10-16,965,13,NA,NA,29155,11956,10393,NA,NA,NA,0,0,0,0,0,0,0,1,2,2,0,2,5,1,-25.94,-13.89,-26.07,-25,3,"Brazil","Pernambuco","Lagoa dos Gatos",-8.68610764,-35.8958853996463,16318,"BRA","BR",76,"BRL","2608701","ChIJzzwYT7-qAAcREUgcnCFWyYs",NA,"BRPE2608701",NA,"BRA.17.98_1"
"484fe392",2022-10-17,965,13,NA,NA,29161,11957,10393,NA,NA,NA,0,0,0,0,0,0,0,1,2,2,0,2,5,1,-25.94,-13.89,-26.07,-25,3,"Brazil","Pernambuco","Lagoa dos Gatos",-8.68610764,-35.8958853996463,16318,"BRA","BR",76,"BRL","2608701","ChIJzzwYT7-qAAcREUgcnCFWyYs",NA,"BRPE2608701",NA,"BRA.17.98_1"
"484fe392",2022-10-18,965,13,NA,NA,29170,11957,10394,NA,NA,NA,0,0,0,0,0,0,0,1,2,2,0,2,5,1,-25.94,-13.89,-26.07,-25,3,"Brazil","Pernambuco","Lagoa dos Gatos",-8.68610764,-35.8958853996463,16318,"BRA","BR",76,"BRL","2608701","ChIJzzwYT7-qAAcREUgcnCFWyYs",NA,"BRPE2608701",NA,"BRA.17.98_1"
"484fe392",2022-10-19,965,13,NA,NA,29199,11958,10395,NA,NA,NA,0,0,0,0,0,0,0,1,2,2,0,2,5,1,-25.94,-13.89,-26.07,-25,3,"Brazil","Pernambuco","Lagoa dos Gatos",-8.68610764,-35.8958853996463,16318,"BRA","BR",76,"BRL","2608701","ChIJzzwYT7-qAAcREUgcnCFWyYs",NA,"BRPE2608701",NA,"BRA.17.98_1"
"484fe392",2022-10-20,965,13,NA,NA,29216,11960,10408,NA,NA,NA,0,0,0,0,0,0,0,1,2,2,0,2,5,1,-25.94,-13.89,-26.07,-25,3,"Brazil","Pernambuco","Lagoa dos Gatos",-8.68610764,-35.8958853996463,16318,"BRA","BR",76,"BRL","2608701","ChIJzzwYT7-qAAcREUgcnCFWyYs",NA,"BRPE2608701",NA,"BRA.17.98_1"
"484fe392",2022-10-21,965,13,NA,NA,NA,NA,NA,NA,NA,NA,0,0,0,0,0,0,0,1,2,2,0,2,5,1,-25.94,-13.89,-26.07,-25,3,"Brazil","Pernambuco","Lagoa dos Gatos",-8.68610764,-35.8958853996463,16318,"BRA","BR",76,"BRL","2608701","ChIJzzwYT7-qAAcREUgcnCFWyYs",NA,"BRPE2608701",NA,"BRA.17.98_1"
"484fe392",2022-10-22,965,13,NA,NA,NA,NA,NA,NA,NA,NA,0,0,0,0,0,0,0,1,2,2,0,2,5,1,-25.94,-13.89,-26.07,-25,3,"Brazil","Pernambuco","Lagoa dos Gatos",-8.68610764,-35.8958853996463,16318,"BRA","BR",76,"BRL","2608701","ChIJzzwYT7-qAAcREUgcnCFWyYs",NA,"BRPE2608701",NA,"BRA.17.98_1"
"484fe392",2022-10-23,965,13,NA,NA,NA,NA,NA,NA,NA,NA,0,0,0,0,0,0,0,1,2,2,0,2,5,1,-25.94,-13.89,-26.07,-25,3,"Brazil","Pernambuco","Lagoa dos Gatos",-8.68610764,-35.8958853996463,16318,"BRA","BR",76,"BRL","2608701","ChIJzzwYT7-qAAcREUgcnCFWyYs",NA,"BRPE2608701",NA,"BRA.17.98_1"
"484fe392",2022-10-24,965,13,NA,NA,29218,11960,10408,NA,NA,NA,0,0,0,0,0,0,0,1,2,2,0,2,5,1,-25.94,-13.89,-26.07,-25,3,"Brazil","Pernambuco","Lagoa dos Gatos",-8.68610764,-35.8958853996463,16318,"BRA","BR",76,"BRL","2608701","ChIJzzwYT7-qAAcREUgcnCFWyYs",NA,"BRPE2608701",NA,"BRA.17.98_1"
"484fe392",2022-10-25,965,13,NA,NA,29222,11960,10409,NA,NA,NA,0,0,0,0,0,0,0,1,2,2,0,2,5,1,-25.94,-13.89,-26.07,-25,3,"Brazil","Pernambuco","Lagoa dos Gatos",-8.68610764,-35.8958853996463,16318,"BRA","BR",76,"BRL","2608701","ChIJzzwYT7-qAAcREUgcnCFWyYs",NA,"BRPE2608701",NA,"BRA.17.98_1"
"484fe392",2022-10-26,965,13,NA,NA,29227,11960,10409,NA,NA,NA,0,0,0,0,0,0,0,1,2,2,0,2,5,1,-25.94,-13.89,-26.07,-25,3,"Brazil","Pernambuco","Lagoa dos Gatos",-8.68610764,-35.8958853996463,16318,"BRA","BR",76,"BRL","2608701","ChIJzzwYT7-qAAcREUgcnCFWyYs",NA,"BRPE2608701",NA,"BRA.17.98_1"
"484fe392",2022-10-27,965,13,NA,NA,29239,11964,10414,NA,NA,NA,0,0,0,0,0,0,0,1,2,2,0,2,5,1,-25.94,-13.89,-26.07,-25,3,"Brazil","Pernambuco","Lagoa dos Gatos",-8.68610764,-35.8958853996463,16318,"BRA","BR",76,"BRL","2608701","ChIJzzwYT7-qAAcREUgcnCFWyYs",NA,"BRPE2608701",NA,"BRA.17.98_1"
"484fe392",2022-10-28,965,13,NA,NA,NA,NA,NA,NA,NA,NA,0,0,0,0,0,0,0,1,2,2,0,2,5,1,-25.94,-13.89,-26.07,-25,3,"Brazil","Pernambuco","Lagoa dos Gatos",-8.68610764,-35.8958853996463,16318,"BRA","BR",76,"BRL","2608701","ChIJzzwYT7-qAAcREUgcnCFWyYs",NA,"BRPE2608701",NA,"BRA.17.98_1"
"484fe392",2022-10-29,965,13,NA,NA,NA,NA,NA,NA,NA,NA,0,0,0,0,0,0,0,1,2,2,0,2,5,1,-25.94,-13.89,-26.07,-25,3,"Brazil","Pernambuco","Lagoa dos Gatos",-8.68610764,-35.8958853996463,16318,"BRA","BR",76,"BRL","2608701","ChIJzzwYT7-qAAcREUgcnCFWyYs",NA,"BRPE2608701",NA,"BRA.17.98_1"
"484fe392",2022-10-30,965,13,NA,NA,NA,NA,NA,NA,NA,NA,0,0,0,0,0,0,0,1,2,2,0,2,5,1,-25.94,-13.89,-26.07,-25,3,"Brazil","Pernambuco","Lagoa dos Gatos",-8.68610764,-35.8958853996463,16318,"BRA","BR",76,"BRL","2608701","ChIJzzwYT7-qAAcREUgcnCFWyYs",NA,"BRPE2608701",NA,"BRA.17.98_1"
"484fe392",2022-10-31,965,13,NA,NA,29245,11964,10414,NA,NA,NA,0,0,0,0,0,0,0,1,2,2,0,2,5,1,-25.94,-13.89,-26.07,-25,3,"Brazil","Pernambuco","Lagoa dos Gatos",-8.68610764,-35.8958853996463,16318,"BRA","BR",76,"BRL","2608701","ChIJzzwYT7-qAAcREUgcnCFWyYs",NA,"BRPE2608701",NA,"BRA.17.98_1"
"484fe392",2022-11-01,965,13,NA,NA,29249,11966,10414,NA,NA,NA,0,0,0,0,0,0,0,1,2,2,0,2,5,1,-25.94,-13.89,-26.07,-25,3,"Brazil","Pernambuco","Lagoa dos Gatos",-8.68610764,-35.8958853996463,16318,"BRA","BR",76,"BRL","2608701","ChIJzzwYT7-qAAcREUgcnCFWyYs",NA,"BRPE2608701",NA,"BRA.17.98_1"
"484fe392",2022-11-02,965,13,NA,NA,NA,NA,NA,NA,NA,NA,0,0,0,0,0,0,0,1,2,2,0,2,5,1,-25.94,-13.89,-26.07,-25,3,"Brazil","Pernambuco","Lagoa dos Gatos",-8.68610764,-35.8958853996463,16318,"BRA","BR",76,"BRL","2608701","ChIJzzwYT7-qAAcREUgcnCFWyYs",NA,"BRPE2608701",NA,"BRA.17.98_1"
"484fe392",2022-11-03,965,13,NA,NA,29272,11966,10417,NA,NA,NA,0,0,0,0,0,0,0,1,2,2,0,2,5,1,-25.94,-13.89,-26.07,-25,3,"Brazil","Pernambuco","Lagoa dos Gatos",-8.68610764,-35.8958853996463,16318,"BRA","BR",76,"BRL","2608701","ChIJzzwYT7-qAAcREUgcnCFWyYs",NA,"BRPE2608701",NA,"BRA.17.98_1"
"484fe392",2022-11-04,965,13,NA,NA,NA,NA,NA,NA,NA,NA,0,0,0,0,0,0,0,1,2,2,0,2,5,1,-25.94,-13.89,-26.07,-25,3,"Brazil","Pernambuco","Lagoa dos Gatos",-8.68610764,-35.8958853996463,16318,"BRA","BR",76,"BRL","2608701","ChIJzzwYT7-qAAcREUgcnCFWyYs",NA,"BRPE2608701",NA,"BRA.17.98_1"
"484fe392",2022-11-05,965,13,NA,NA,NA,NA,NA,NA,NA,NA,0,0,0,0,0,0,0,1,2,2,0,2,5,1,-25.94,-13.89,-26.07,-25,3,"Brazil","Pernambuco","Lagoa dos Gatos",-8.68610764,-35.8958853996463,16318,"BRA","BR",76,"BRL","2608701","ChIJzzwYT7-qAAcREUgcnCFWyYs",NA,"BRPE2608701",NA,"BRA.17.98_1"
"484fe392",2022-11-06,965,13,NA,NA,NA,NA,NA,NA,NA,NA,0,0,0,0,0,0,0,1,2,2,0,2,5,1,-25.94,-13.89,-26.07,-25,3,"Brazil","Pernambuco","Lagoa dos Gatos",-8.68610764,-35.8958853996463,16318,"BRA","BR",76,"BRL","2608701","ChIJzzwYT7-qAAcREUgcnCFWyYs",NA,"BRPE2608701",NA,"BRA.17.98_1"
"484fe392",2022-11-07,965,13,NA,NA,29277,11966,10417,NA,NA,NA,0,0,0,0,0,0,0,1,2,2,0,2,5,1,-25.94,-13.89,-26.07,-25,3,"Brazil","Pernambuco","Lagoa dos Gatos",-8.68610764,-35.8958853996463,16318,"BRA","BR",76,"BRL","2608701","ChIJzzwYT7-qAAcREUgcnCFWyYs",NA,"BRPE2608701",NA,"BRA.17.98_1"
"484fe392",2022-11-08,965,13,NA,NA,29286,11966,10418,NA,NA,NA,0,0,0,0,0,0,0,1,2,2,0,2,5,1,-25.94,-13.89,-26.07,-25,3,"Brazil","Pernambuco","Lagoa dos Gatos",-8.68610764,-35.8958853996463,16318,"BRA","BR",76,"BRL","2608701","ChIJzzwYT7-qAAcREUgcnCFWyYs",NA,"BRPE2608701",NA,"BRA.17.98_1"
"484fe392",2022-11-09,965,13,NA,NA,29329,11967,10418,NA,NA,NA,0,0,0,0,0,0,0,1,2,2,0,2,5,1,-25.94,-13.89,-26.07,-25,3,"Brazil","Pernambuco","Lagoa dos Gatos",-8.68610764,-35.8958853996463,16318,"BRA","BR",76,"BRL","2608701","ChIJzzwYT7-qAAcREUgcnCFWyYs",NA,"BRPE2608701",NA,"BRA.17.98_1"
"484fe392",2022-11-10,965,13,NA,NA,29342,11974,10424,NA,NA,NA,0,0,0,0,0,0,0,1,2,2,0,2,5,1,-25.94,-13.89,-26.07,-25,3,"Brazil","Pernambuco","Lagoa dos Gatos",-8.68610764,-35.8958853996463,16318,"BRA","BR",76,"BRL","2608701","ChIJzzwYT7-qAAcREUgcnCFWyYs",NA,"BRPE2608701",NA,"BRA.17.98_1"
"484fe392",2022-11-11,965,13,NA,NA,NA,NA,NA,NA,NA,NA,0,0,0,0,0,0,0,1,2,2,0,2,5,1,-25.94,-13.89,-26.07,-25,3,"Brazil","Pernambuco","Lagoa dos Gatos",-8.68610764,-35.8958853996463,16318,"BRA","BR",76,"BRL","2608701","ChIJzzwYT7-qAAcREUgcnCFWyYs",NA,"BRPE2608701",NA,"BRA.17.98_1"
"484fe392",2022-11-12,965,13,NA,NA,NA,NA,NA,NA,NA,NA,0,0,0,0,0,0,0,1,2,2,0,2,5,1,-25.94,-13.89,-26.07,-25,3,"Brazil","Pernambuco","Lagoa dos Gatos",-8.68610764,-35.8958853996463,16318,"BRA","BR",76,"BRL","2608701","ChIJzzwYT7-qAAcREUgcnCFWyYs",NA,"BRPE2608701",NA,"BRA.17.98_1"
"484fe392",2022-11-13,965,13,NA,NA,NA,NA,NA,NA,NA,NA,0,0,0,0,0,0,0,1,2,2,0,2,5,1,-25.94,-13.89,-26.07,-25,3,"Brazil","Pernambuco","Lagoa dos Gatos",-8.68610764,-35.8958853996463,16318,"BRA","BR",76,"BRL","2608701","ChIJzzwYT7-qAAcREUgcnCFWyYs",NA,"BRPE2608701",NA,"BRA.17.98_1"
"484fe392",2022-11-14,965,13,NA,NA,NA,NA,NA,NA,NA,NA,0,0,0,0,0,0,0,1,2,2,0,2,5,1,-25.94,-13.89,-26.07,-25,3,"Brazil","Pernambuco","Lagoa dos Gatos",-8.68610764,-35.8958853996463,16318,"BRA","BR",76,"BRL","2608701","ChIJzzwYT7-qAAcREUgcnCFWyYs",NA,"BRPE2608701",NA,"BRA.17.98_1"
"484fe392",2022-11-15,965,13,NA,NA,NA,NA,NA,NA,NA,NA,0,0,0,0,0,0,0,1,2,2,0,2,5,1,-25.94,-13.89,-26.07,-25,3,"Brazil","Pernambuco","Lagoa dos Gatos",-8.68610764,-35.8958853996463,16318,"BRA","BR",76,"BRL","2608701","ChIJzzwYT7-qAAcREUgcnCFWyYs",NA,"BRPE2608701",NA,"BRA.17.98_1"
"484fe392",2022-11-16,965,13,NA,NA,29376,11975,10426,NA,NA,NA,0,0,0,0,0,0,0,1,2,2,0,2,5,1,-25.94,-13.89,-26.07,-25,3,"Brazil","Pernambuco","Lagoa dos Gatos",-8.68610764,-35.8958853996463,16318,"BRA","BR",76,"BRL","2608701","ChIJzzwYT7-qAAcREUgcnCFWyYs",NA,"BRPE2608701",NA,"BRA.17.98_1"
"484fe392",2022-11-17,966,13,NA,NA,29390,11983,10432,NA,NA,NA,0,0,0,0,0,0,0,1,2,2,0,2,5,1,-25.94,-13.89,-26.07,-25,3,"Brazil","Pernambuco","Lagoa dos Gatos",-8.68610764,-35.8958853996463,16318,"BRA","BR",76,"BRL","2608701","ChIJzzwYT7-qAAcREUgcnCFWyYs",NA,"BRPE2608701",NA,"BRA.17.98_1"
"484fe392",2022-11-18,966,13,NA,NA,29391,11983,10432,NA,NA,NA,0,0,0,0,0,0,0,1,2,2,0,2,5,1,-25.94,-13.89,-26.07,-25,3,"Brazil","Pernambuco","Lagoa dos Gatos",-8.68610764,-35.8958853996463,16318,"BRA","BR",76,"BRL","2608701","ChIJzzwYT7-qAAcREUgcnCFWyYs",NA,"BRPE2608701",NA,"BRA.17.98_1"
"484fe392",2022-11-19,966,13,NA,NA,29392,11983,10432,NA,NA,NA,0,0,0,0,0,0,0,1,2,2,0,2,5,1,-25.94,-13.89,-26.07,-25,3,"Brazil","Pernambuco","Lagoa dos Gatos",-8.68610764,-35.8958853996463,16318,"BRA","BR",76,"BRL","2608701","ChIJzzwYT7-qAAcREUgcnCFWyYs",NA,"BRPE2608701",NA,"BRA.17.98_1"
"484fe392",2022-11-20,966,13,NA,NA,NA,NA,NA,NA,NA,NA,0,0,0,0,0,0,0,1,2,2,0,2,5,1,-25.94,-13.89,-26.07,-25,3,"Brazil","Pernambuco","Lagoa dos Gatos",-8.68610764,-35.8958853996463,16318,"BRA","BR",76,"BRL","2608701","ChIJzzwYT7-qAAcREUgcnCFWyYs",NA,"BRPE2608701",NA,"BRA.17.98_1"
"484fe392",2022-11-21,966,13,NA,NA,29433,11985,10433,NA,NA,NA,0,0,0,0,0,0,0,1,2,2,0,2,5,1,-25.94,-13.89,-26.07,-25,3,"Brazil","Pernambuco","Lagoa dos Gatos",-8.68610764,-35.8958853996463,16318,"BRA","BR",76,"BRL","2608701","ChIJzzwYT7-qAAcREUgcnCFWyYs",NA,"BRPE2608701",NA,"BRA.17.98_1"
"484fe392",2022-11-22,966,13,NA,NA,29473,11986,10433,NA,NA,NA,0,0,0,0,0,0,0,1,2,2,0,2,5,1,-25.94,-13.89,-26.07,-25,3,"Brazil","Pernambuco","Lagoa dos Gatos",-8.68610764,-35.8958853996463,16318,"BRA","BR",76,"BRL","2608701","ChIJzzwYT7-qAAcREUgcnCFWyYs",NA,"BRPE2608701",NA,"BRA.17.98_1"
"484fe392",2022-11-23,966,13,NA,NA,29499,11986,10433,NA,NA,NA,0,0,0,0,0,0,0,1,2,2,0,2,5,1,-25.94,-13.89,-26.07,-25,3,"Brazil","Pernambuco","Lagoa dos Gatos",-8.68610764,-35.8958853996463,16318,"BRA","BR",76,"BRL","2608701","ChIJzzwYT7-qAAcREUgcnCFWyYs",NA,"BRPE2608701",NA,"BRA.17.98_1"
"484fe392",2022-11-24,966,13,NA,NA,29590,12035,10463,NA,NA,NA,0,0,0,0,0,0,0,1,2,2,0,2,5,1,-25.94,-13.89,-26.07,-25,3,"Brazil","Pernambuco","Lagoa dos Gatos",-8.68610764,-35.8958853996463,16318,"BRA","BR",76,"BRL","2608701","ChIJzzwYT7-qAAcREUgcnCFWyYs",NA,"BRPE2608701",NA,"BRA.17.98_1"
"484fe392",2022-11-25,967,13,NA,NA,29599,12035,10463,NA,NA,NA,0,0,0,0,0,0,0,1,2,2,0,2,5,1,-25.94,-13.89,-26.07,-25,3,"Brazil","Pernambuco","Lagoa dos Gatos",-8.68610764,-35.8958853996463,16318,"BRA","BR",76,"BRL","2608701","ChIJzzwYT7-qAAcREUgcnCFWyYs",NA,"BRPE2608701",NA,"BRA.17.98_1"
"484fe392",2022-11-26,967,13,NA,NA,NA,NA,NA,NA,NA,NA,0,0,0,0,0,0,0,1,2,2,0,2,5,1,-25.94,-13.89,-26.07,-25,3,"Brazil","Pernambuco","Lagoa dos Gatos",-8.68610764,-35.8958853996463,16318,"BRA","BR",76,"BRL","2608701","ChIJzzwYT7-qAAcREUgcnCFWyYs",NA,"BRPE2608701",NA,"BRA.17.98_1"
"484fe392",2022-11-27,967,13,NA,NA,NA,NA,NA,NA,NA,NA,0,0,0,0,0,0,0,1,2,2,0,2,5,1,-25.94,-13.89,-26.07,-25,3,"Brazil","Pernambuco","Lagoa dos Gatos",-8.68610764,-35.8958853996463,16318,"BRA","BR",76,"BRL","2608701","ChIJzzwYT7-qAAcREUgcnCFWyYs",NA,"BRPE2608701",NA,"BRA.17.98_1"
"484fe392",2022-11-28,967,13,NA,NA,29622,12036,10464,NA,NA,NA,0,0,0,0,0,0,0,1,2,2,0,2,5,1,-25.94,-13.89,-26.07,-25,3,"Brazil","Pernambuco","Lagoa dos Gatos",-8.68610764,-35.8958853996463,16318,"BRA","BR",76,"BRL","2608701","ChIJzzwYT7-qAAcREUgcnCFWyYs",NA,"BRPE2608701",NA,"BRA.17.98_1"
"484fe392",2022-11-29,967,13,NA,NA,29652,12036,10466,NA,NA,NA,0,0,0,0,0,0,0,1,2,2,0,2,5,1,-25.94,-13.89,-26.07,-25,3,"Brazil","Pernambuco","Lagoa dos Gatos",-8.68610764,-35.8958853996463,16318,"BRA","BR",76,"BRL","2608701","ChIJzzwYT7-qAAcREUgcnCFWyYs",NA,"BRPE2608701",NA,"BRA.17.98_1"
"484fe392",2022-11-30,967,13,NA,NA,29676,12037,10467,NA,NA,NA,0,0,0,0,0,0,0,1,2,2,0,2,5,1,-25.94,-13.89,-26.07,-25,3,"Brazil","Pernambuco","Lagoa dos Gatos",-8.68610764,-35.8958853996463,16318,"BRA","BR",76,"BRL","2608701","ChIJzzwYT7-qAAcREUgcnCFWyYs",NA,"BRPE2608701",NA,"BRA.17.98_1"
"484fe392",2022-12-01,967,13,NA,NA,29720,12059,10487,NA,NA,NA,0,0,0,0,0,0,0,1,2,2,0,2,5,1,-25.94,-13.89,-26.07,-25,3,"Brazil","Pernambuco","Lagoa dos Gatos",-8.68610764,-35.8958853996463,16318,"BRA","BR",76,"BRL","2608701","ChIJzzwYT7-qAAcREUgcnCFWyYs",NA,"BRPE2608701",NA,"BRA.17.98_1"
"484fe392",2022-12-02,967,13,NA,NA,NA,NA,NA,NA,NA,NA,0,0,0,0,0,0,0,1,2,2,0,2,5,1,-25.94,-13.89,-26.07,-25,3,"Brazil","Pernambuco","Lagoa dos Gatos",-8.68610764,-35.8958853996463,16318,"BRA","BR",76,"BRL","2608701","ChIJzzwYT7-qAAcREUgcnCFWyYs",NA,"BRPE2608701",NA,"BRA.17.98_1"
"484fe392",2022-12-03,967,13,NA,NA,NA,NA,NA,NA,NA,NA,0,0,0,0,0,0,0,1,2,2,0,2,5,1,-25.94,-13.89,-26.07,-25,3,"Brazil","Pernambuco","Lagoa dos Gatos",-8.68610764,-35.8958853996463,16318,"BRA","BR",76,"BRL","2608701","ChIJzzwYT7-qAAcREUgcnCFWyYs",NA,"BRPE2608701",NA,"BRA.17.98_1"
"484fe392",2022-12-04,967,13,NA,NA,NA,NA,NA,NA,NA,NA,0,0,0,0,0,0,0,1,2,2,0,2,5,1,-25.94,-13.89,-26.07,-25,3,"Brazil","Pernambuco","Lagoa dos Gatos",-8.68610764,-35.8958853996463,16318,"BRA","BR",76,"BRL","2608701","ChIJzzwYT7-qAAcREUgcnCFWyYs",NA,"BRPE2608701",NA,"BRA.17.98_1"
"484fe392",2022-12-05,967,13,NA,NA,29730,12060,10487,NA,NA,NA,0,0,0,0,0,0,0,1,2,2,0,2,5,1,-25.94,-13.89,-26.07,-25,3,"Brazil","Pernambuco","Lagoa dos Gatos",-8.68610764,-35.8958853996463,16318,"BRA","BR",76,"BRL","2608701","ChIJzzwYT7-qAAcREUgcnCFWyYs",NA,"BRPE2608701",NA,"BRA.17.98_1"
"484fe392",2022-12-06,968,13,NA,NA,29746,12060,10489,NA,NA,NA,0,0,0,0,0,0,0,1,2,2,0,2,5,1,-25.94,-13.89,-26.07,-25,3,"Brazil","Pernambuco","Lagoa dos Gatos",-8.68610764,-35.8958853996463,16318,"BRA","BR",76,"BRL","2608701","ChIJzzwYT7-qAAcREUgcnCFWyYs",NA,"BRPE2608701",NA,"BRA.17.98_1"
"484fe392",2022-12-07,968,13,NA,NA,29758,12061,10490,NA,NA,NA,0,0,0,0,0,0,0,1,2,2,0,2,5,1,-25.94,-13.89,-26.07,-25,3,"Brazil","Pernambuco","Lagoa dos Gatos",-8.68610764,-35.8958853996463,16318,"BRA","BR",76,"BRL","2608701","ChIJzzwYT7-qAAcREUgcnCFWyYs",NA,"BRPE2608701",NA,"BRA.17.98_1"
"484fe392",2022-12-08,968,13,NA,NA,NA,NA,NA,NA,NA,NA,0,0,0,0,0,0,0,1,2,2,0,2,5,1,-25.94,-13.89,-26.07,-25,3,"Brazil","Pernambuco","Lagoa dos Gatos",-8.68610764,-35.8958853996463,16318,"BRA","BR",76,"BRL","2608701","ChIJzzwYT7-qAAcREUgcnCFWyYs",NA,"BRPE2608701",NA,"BRA.17.98_1"
"484fe392",2022-12-09,968,13,NA,NA,29777,12075,10494,NA,NA,NA,0,0,0,0,0,0,0,1,2,2,0,2,5,1,-25.94,-13.89,-26.07,-25,3,"Brazil","Pernambuco","Lagoa dos Gatos",-8.68610764,-35.8958853996463,16318,"BRA","BR",76,"BRL","2608701","ChIJzzwYT7-qAAcREUgcnCFWyYs",NA,"BRPE2608701",NA,"BRA.17.98_1"
"484fe392",2022-12-10,968,13,NA,NA,NA,NA,NA,NA,NA,NA,0,0,0,0,0,0,0,1,2,2,0,2,5,1,-25.94,-13.89,-26.07,-25,3,"Brazil","Pernambuco","Lagoa dos Gatos",-8.68610764,-35.8958853996463,16318,"BRA","BR",76,"BRL","2608701","ChIJzzwYT7-qAAcREUgcnCFWyYs",NA,"BRPE2608701",NA,"BRA.17.98_1"
"484fe392",2022-12-11,968,13,NA,NA,NA,NA,NA,NA,NA,NA,0,0,0,0,0,0,0,1,2,2,0,2,5,1,-25.94,-13.89,-26.07,-25,3,"Brazil","Pernambuco","Lagoa dos Gatos",-8.68610764,-35.8958853996463,16318,"BRA","BR",76,"BRL","2608701","ChIJzzwYT7-qAAcREUgcnCFWyYs",NA,"BRPE2608701",NA,"BRA.17.98_1"
"484fe392",2022-12-12,969,13,NA,NA,29782,12075,10494,NA,NA,NA,0,0,0,0,0,0,0,1,2,2,0,2,5,1,-25.94,-13.89,-26.07,-25,3,"Brazil","Pernambuco","Lagoa dos Gatos",-8.68610764,-35.8958853996463,16318,"BRA","BR",76,"BRL","2608701","ChIJzzwYT7-qAAcREUgcnCFWyYs",NA,"BRPE2608701",NA,"BRA.17.98_1"
"484fe392",2022-12-13,970,13,NA,NA,29800,12077,10494,NA,NA,NA,0,0,0,0,0,0,0,1,2,2,0,2,5,1,-25.94,-13.89,-26.07,-25,3,"Brazil","Pernambuco","Lagoa dos Gatos",-8.68610764,-35.8958853996463,16318,"BRA","BR",76,"BRL","2608701","ChIJzzwYT7-qAAcREUgcnCFWyYs",NA,"BRPE2608701",NA,"BRA.17.98_1"
"484fe392",2022-12-14,970,173,NA,NA,29818,12077,10496,NA,NA,NA,0,0,0,0,0,0,0,1,2,2,0,2,5,1,-25.94,-13.89,-26.07,-25,3,"Brazil","Pernambuco","Lagoa dos Gatos",-8.68610764,-35.8958853996463,16318,"BRA","BR",76,"BRL","2608701","ChIJzzwYT7-qAAcREUgcnCFWyYs",NA,"BRPE2608701",NA,"BRA.17.98_1"
"484fe392",2022-12-15,970,13,NA,NA,29851,12098,10508,NA,NA,NA,0,0,0,0,0,0,0,1,2,2,0,2,5,1,-25.94,-13.89,-26.07,-25,3,"Brazil","Pernambuco","Lagoa dos Gatos",-8.68610764,-35.8958853996463,16318,"BRA","BR",76,"BRL","2608701","ChIJzzwYT7-qAAcREUgcnCFWyYs",NA,"BRPE2608701",NA,"BRA.17.98_1"
"484fe392",2022-12-16,970,13,NA,NA,NA,NA,NA,NA,NA,NA,0,0,0,0,0,0,0,1,2,2,0,2,5,1,-25.94,-13.89,-26.07,-25,3,"Brazil","Pernambuco","Lagoa dos Gatos",-8.68610764,-35.8958853996463,16318,"BRA","BR",76,"BRL","2608701","ChIJzzwYT7-qAAcREUgcnCFWyYs",NA,"BRPE2608701",NA,"BRA.17.98_1"
"484fe392",2022-12-17,970,13,NA,NA,NA,NA,NA,NA,NA,NA,0,0,0,0,0,0,0,1,2,2,0,2,5,1,-25.94,-13.89,-26.07,-25,3,"Brazil","Pernambuco","Lagoa dos Gatos",-8.68610764,-35.8958853996463,16318,"BRA","BR",76,"BRL","2608701","ChIJzzwYT7-qAAcREUgcnCFWyYs",NA,"BRPE2608701",NA,"BRA.17.98_1"
"484fe392",2022-12-18,970,13,NA,NA,NA,NA,NA,NA,NA,NA,0,0,0,0,0,0,0,1,2,2,0,2,5,1,-25.94,-13.89,-26.07,-25,3,"Brazil","Pernambuco","Lagoa dos Gatos",-8.68610764,-35.8958853996463,16318,"BRA","BR",76,"BRL","2608701","ChIJzzwYT7-qAAcREUgcnCFWyYs",NA,"BRPE2608701",NA,"BRA.17.98_1"
"484fe392",2022-12-19,970,13,NA,NA,29856,12098,10509,NA,NA,NA,0,0,0,0,0,0,0,1,2,2,0,2,5,1,-25.94,-13.89,-26.07,-25,3,"Brazil","Pernambuco","Lagoa dos Gatos",-8.68610764,-35.8958853996463,16318,"BRA","BR",76,"BRL","2608701","ChIJzzwYT7-qAAcREUgcnCFWyYs",NA,"BRPE2608701",NA,"BRA.17.98_1"
"484fe392",2022-12-20,970,13,NA,NA,29876,12101,10511,NA,NA,NA,0,0,0,0,0,0,0,1,2,2,0,2,5,1,-25.94,-13.89,-26.07,-25,3,"Brazil","Pernambuco","Lagoa dos Gatos",-8.68610764,-35.8958853996463,16318,"BRA","BR",76,"BRL","2608701","ChIJzzwYT7-qAAcREUgcnCFWyYs",NA,"BRPE2608701",NA,"BRA.17.98_1"
"484fe392",2022-12-21,970,13,NA,NA,29890,12101,10512,NA,NA,NA,0,0,0,0,0,0,0,1,2,2,0,2,5,1,-25.94,-13.89,-26.07,-25,3,"Brazil","Pernambuco","Lagoa dos Gatos",-8.68610764,-35.8958853996463,16318,"BRA","BR",76,"BRL","2608701","ChIJzzwYT7-qAAcREUgcnCFWyYs",NA,"BRPE2608701",NA,"BRA.17.98_1"
"484fe392",2022-12-22,970,13,NA,NA,29913,12107,10525,NA,NA,NA,0,0,0,0,0,0,0,1,2,2,0,2,5,1,-25.94,-13.89,-26.07,-25,3,"Brazil","Pernambuco","Lagoa dos Gatos",-8.68610764,-35.8958853996463,16318,"BRA","BR",76,"BRL","2608701","ChIJzzwYT7-qAAcREUgcnCFWyYs",NA,"BRPE2608701",NA,"BRA.17.98_1"
"484fe392",2022-12-23,970,13,NA,NA,NA,NA,NA,NA,NA,NA,0,0,0,0,0,0,0,1,2,2,0,2,5,1,-25.94,-13.89,-26.07,-25,3,"Brazil","Pernambuco","Lagoa dos Gatos",-8.68610764,-35.8958853996463,16318,"BRA","BR",76,"BRL","2608701","ChIJzzwYT7-qAAcREUgcnCFWyYs",NA,"BRPE2608701",NA,"BRA.17.98_1"
"484fe392",2022-12-24,970,13,NA,NA,NA,NA,NA,NA,NA,NA,0,0,0,0,0,0,0,1,2,2,0,2,5,1,-25.94,-13.89,-26.07,-25,3,"Brazil","Pernambuco","Lagoa dos Gatos",-8.68610764,-35.8958853996463,16318,"BRA","BR",76,"BRL","2608701","ChIJzzwYT7-qAAcREUgcnCFWyYs",NA,"BRPE2608701",NA,"BRA.17.98_1"
"484fe392",2022-12-25,970,13,NA,NA,NA,NA,NA,NA,NA,NA,0,0,0,0,0,0,0,1,2,2,0,2,5,1,-25.94,-13.89,-26.07,-25,3,"Brazil","Pernambuco","Lagoa dos Gatos",-8.68610764,-35.8958853996463,16318,"BRA","BR",76,"BRL","2608701","ChIJzzwYT7-qAAcREUgcnCFWyYs",NA,"BRPE2608701",NA,"BRA.17.98_1"
"484fe392",2022-12-26,970,13,NA,NA,29919,12107,10525,NA,NA,NA,0,0,0,0,0,0,0,1,2,2,0,2,5,1,-25.94,-13.89,-26.07,-25,3,"Brazil","Pernambuco","Lagoa dos Gatos",-8.68610764,-35.8958853996463,16318,"BRA","BR",76,"BRL","2608701","ChIJzzwYT7-qAAcREUgcnCFWyYs",NA,"BRPE2608701",NA,"BRA.17.98_1"
"484fe392",2022-12-27,970,13,NA,NA,NA,NA,NA,NA,NA,NA,0,0,0,0,0,0,0,1,2,2,0,2,5,1,-25.94,-13.89,-26.07,-25,3,"Brazil","Pernambuco","Lagoa dos Gatos",-8.68610764,-35.8958853996463,16318,"BRA","BR",76,"BRL","2608701","ChIJzzwYT7-qAAcREUgcnCFWyYs",NA,"BRPE2608701",NA,"BRA.17.98_1"
"484fe392",2022-12-28,970,13,NA,NA,NA,NA,NA,NA,NA,NA,0,0,0,0,0,0,0,1,2,2,0,2,5,1,-25.94,-13.89,-26.07,-25,3,"Brazil","Pernambuco","Lagoa dos Gatos",-8.68610764,-35.8958853996463,16318,"BRA","BR",76,"BRL","2608701","ChIJzzwYT7-qAAcREUgcnCFWyYs",NA,"BRPE2608701",NA,"BRA.17.98_1"
"484fe392",2022-12-29,970,13,NA,NA,NA,NA,NA,NA,NA,NA,0,0,0,0,0,0,0,1,2,2,0,2,5,1,-25.94,-13.89,-26.07,-25,3,"Brazil","Pernambuco","Lagoa dos Gatos",-8.68610764,-35.8958853996463,16318,"BRA","BR",76,"BRL","2608701","ChIJzzwYT7-qAAcREUgcnCFWyYs",NA,"BRPE2608701",NA,"BRA.17.98_1"
"484fe392",2022-12-30,970,13,NA,NA,NA,NA,NA,NA,NA,NA,0,0,0,0,0,0,0,1,2,2,0,2,5,1,-25.94,-13.89,-26.07,-25,3,"Brazil","Pernambuco","Lagoa dos Gatos",-8.68610764,-35.8958853996463,16318,"BRA","BR",76,"BRL","2608701","ChIJzzwYT7-qAAcREUgcnCFWyYs",NA,"BRPE2608701",NA,"BRA.17.98_1"
"484fe392",2022-12-31,970,13,NA,NA,NA,NA,NA,NA,NA,NA,0,0,0,0,0,0,0,1,2,2,0,2,5,1,-25.94,-13.89,-26.07,-25,3,"Brazil","Pernambuco","Lagoa dos Gatos",-8.68610764,-35.8958853996463,16318,"BRA","BR",76,"BRL","2608701","ChIJzzwYT7-qAAcREUgcnCFWyYs",NA,"BRPE2608701",NA,"BRA.17.98_1"
"484fe392",2023-01-01,970,13,NA,NA,NA,NA,NA,NA,NA,NA,NA,NA,NA,NA,NA,NA,NA,NA,NA,NA,NA,NA,NA,NA,NA,NA,NA,NA,3,"Brazil","Pernambuco","Lagoa dos Gatos",-8.68610764,-35.8958853996463,16318,"BRA","BR",76,"BRL","2608701","ChIJzzwYT7-qAAcREUgcnCFWyYs",NA,"BRPE2608701",NA,"BRA.17.98_1"
"484fe392",2023-01-02,970,13,NA,NA,29929,12109,10527,NA,NA,NA,NA,NA,NA,NA,NA,NA,NA,NA,NA,NA,NA,NA,NA,NA,NA,NA,NA,NA,3,"Brazil","Pernambuco","Lagoa dos Gatos",-8.68610764,-35.8958853996463,16318,"BRA","BR",76,"BRL","2608701","ChIJzzwYT7-qAAcREUgcnCFWyYs",NA,"BRPE2608701",NA,"BRA.17.98_1"
"484fe392",2023-01-03,970,13,NA,NA,29935,12110,10528,NA,NA,NA,NA,NA,NA,NA,NA,NA,NA,NA,NA,NA,NA,NA,NA,NA,NA,NA,NA,NA,3,"Brazil","Pernambuco","Lagoa dos Gatos",-8.68610764,-35.8958853996463,16318,"BRA","BR",76,"BRL","2608701","ChIJzzwYT7-qAAcREUgcnCFWyYs",NA,"BRPE2608701",NA,"BRA.17.98_1"
"484fe392",2023-01-04,970,13,NA,NA,29947,12112,10528,NA,NA,NA,NA,NA,NA,NA,NA,NA,NA,NA,NA,NA,NA,NA,NA,NA,NA,NA,NA,NA,3,"Brazil","Pernambuco","Lagoa dos Gatos",-8.68610764,-35.8958853996463,16318,"BRA","BR",76,"BRL","2608701","ChIJzzwYT7-qAAcREUgcnCFWyYs",NA,"BRPE2608701",NA,"BRA.17.98_1"
"484fe392",2023-01-05,970,13,NA,NA,29980,12135,10533,NA,NA,NA,NA,NA,NA,NA,NA,NA,NA,NA,NA,NA,NA,NA,NA,NA,NA,NA,NA,NA,3,"Brazil","Pernambuco","Lagoa dos Gatos",-8.68610764,-35.8958853996463,16318,"BRA","BR",76,"BRL","2608701","ChIJzzwYT7-qAAcREUgcnCFWyYs",NA,"BRPE2608701",NA,"BRA.17.98_1"
"484fe392",2023-01-06,971,13,NA,NA,29986,12135,10533,NA,NA,NA,NA,NA,NA,NA,NA,NA,NA,NA,NA,NA,NA,NA,NA,NA,NA,NA,NA,NA,3,"Brazil","Pernambuco","Lagoa dos Gatos",-8.68610764,-35.8958853996463,16318,"BRA","BR",76,"BRL","2608701","ChIJzzwYT7-qAAcREUgcnCFWyYs",NA,"BRPE2608701",NA,"BRA.17.98_1"
"484fe392",2023-01-07,971,13,NA,NA,NA,NA,NA,NA,NA,NA,NA,NA,NA,NA,NA,NA,NA,NA,NA,NA,NA,NA,NA,NA,NA,NA,NA,NA,3,"Brazil","Pernambuco","Lagoa dos Gatos",-8.68610764,-35.8958853996463,16318,"BRA","BR",76,"BRL","2608701","ChIJzzwYT7-qAAcREUgcnCFWyYs",NA,"BRPE2608701",NA,"BRA.17.98_1"
"484fe392",2023-01-08,971,13,NA,NA,NA,NA,NA,NA,NA,NA,NA,NA,NA,NA,NA,NA,NA,NA,NA,NA,NA,NA,NA,NA,NA,NA,NA,NA,3,"Brazil","Pernambuco","Lagoa dos Gatos",-8.68610764,-35.8958853996463,16318,"BRA","BR",76,"BRL","2608701","ChIJzzwYT7-qAAcREUgcnCFWyYs",NA,"BRPE2608701",NA,"BRA.17.98_1"
"484fe392",2023-01-09,971,13,NA,NA,29989,12135,10534,NA,NA,NA,NA,NA,NA,NA,NA,NA,NA,NA,NA,NA,NA,NA,NA,NA,NA,NA,NA,NA,3,"Brazil","Pernambuco","Lagoa dos Gatos",-8.68610764,-35.8958853996463,16318,"BRA","BR",76,"BRL","2608701","ChIJzzwYT7-qAAcREUgcnCFWyYs",NA,"BRPE2608701",NA,"BRA.17.98_1"
"484fe392",2023-01-10,971,13,NA,NA,30003,12137,10534,NA,NA,NA,NA,NA,NA,NA,NA,NA,NA,NA,NA,NA,NA,NA,NA,NA,NA,NA,NA,NA,3,"Brazil","Pernambuco","Lagoa dos Gatos",-8.68610764,-35.8958853996463,16318,"BRA","BR",76,"BRL","2608701","ChIJzzwYT7-qAAcREUgcnCFWyYs",NA,"BRPE2608701",NA,"BRA.17.98_1"
"484fe392",2023-01-11,971,13,NA,NA,30016,12137,10535,NA,NA,NA,NA,NA,NA,NA,NA,NA,NA,NA,NA,NA,NA,NA,NA,NA,NA,NA,NA,NA,3,"Brazil","Pernambuco","Lagoa dos Gatos",-8.68610764,-35.8958853996463,16318,"BRA","BR",76,"BRL","2608701","ChIJzzwYT7-qAAcREUgcnCFWyYs",NA,"BRPE2608701",NA,"BRA.17.98_1"
"484fe392",2023-01-12,971,13,NA,NA,30116,12174,10558,NA,NA,NA,NA,NA,NA,NA,NA,NA,NA,NA,NA,NA,NA,NA,NA,NA,NA,NA,NA,NA,3,"Brazil","Pernambuco","Lagoa dos Gatos",-8.68610764,-35.8958853996463,16318,"BRA","BR",76,"BRL","2608701","ChIJzzwYT7-qAAcREUgcnCFWyYs",NA,"BRPE2608701",NA,"BRA.17.98_1"
"484fe392",2023-01-13,972,13,NA,NA,30142,12174,10561,NA,NA,NA,NA,NA,NA,NA,NA,NA,NA,NA,NA,NA,NA,NA,NA,NA,NA,NA,NA,NA,3,"Brazil","Pernambuco","Lagoa dos Gatos",-8.68610764,-35.8958853996463,16318,"BRA","BR",76,"BRL","2608701","ChIJzzwYT7-qAAcREUgcnCFWyYs",NA,"BRPE2608701",NA,"BRA.17.98_1"
"484fe392",2023-01-14,972,13,NA,NA,NA,NA,NA,NA,NA,NA,NA,NA,NA,NA,NA,NA,NA,NA,NA,NA,NA,NA,NA,NA,NA,NA,NA,NA,3,"Brazil","Pernambuco","Lagoa dos Gatos",-8.68610764,-35.8958853996463,16318,"BRA","BR",76,"BRL","2608701","ChIJzzwYT7-qAAcREUgcnCFWyYs",NA,"BRPE2608701",NA,"BRA.17.98_1"
"484fe392",2023-01-15,972,13,NA,NA,NA,NA,NA,NA,NA,NA,NA,NA,NA,NA,NA,NA,NA,NA,NA,NA,NA,NA,NA,NA,NA,NA,NA,NA,3,"Brazil","Pernambuco","Lagoa dos Gatos",-8.68610764,-35.8958853996463,16318,"BRA","BR",76,"BRL","2608701","ChIJzzwYT7-qAAcREUgcnCFWyYs",NA,"BRPE2608701",NA,"BRA.17.98_1"
"484fe392",2023-01-16,972,13,NA,NA,30146,12175,10562,NA,NA,NA,NA,NA,NA,NA,NA,NA,NA,NA,NA,NA,NA,NA,NA,NA,NA,NA,NA,NA,3,"Brazil","Pernambuco","Lagoa dos Gatos",-8.68610764,-35.8958853996463,16318,"BRA","BR",76,"BRL","2608701","ChIJzzwYT7-qAAcREUgcnCFWyYs",NA,"BRPE2608701",NA,"BRA.17.98_1"
"484fe392",2023-01-17,973,13,NA,NA,30156,12175,10562,NA,NA,NA,NA,NA,NA,NA,NA,NA,NA,NA,NA,NA,NA,NA,NA,NA,NA,NA,NA,NA,3,"Brazil","Pernambuco","Lagoa dos Gatos",-8.68610764,-35.8958853996463,16318,"BRA","BR",76,"BRL","2608701","ChIJzzwYT7-qAAcREUgcnCFWyYs",NA,"BRPE2608701",NA,"BRA.17.98_1"
"484fe392",2023-01-18,973,13,NA,NA,30166,12175,10562,NA,NA,NA,NA,NA,NA,NA,NA,NA,NA,NA,NA,NA,NA,NA,NA,NA,NA,NA,NA,NA,3,"Brazil","Pernambuco","Lagoa dos Gatos",-8.68610764,-35.8958853996463,16318,"BRA","BR",76,"BRL","2608701","ChIJzzwYT7-qAAcREUgcnCFWyYs",NA,"BRPE2608701",NA,"BRA.17.98_1"
"484fe392",2023-01-19,973,13,NA,NA,30206,12177,10565,NA,NA,NA,NA,NA,NA,NA,NA,NA,NA,NA,NA,NA,NA,NA,NA,NA,NA,NA,NA,NA,3,"Brazil","Pernambuco","Lagoa dos Gatos",-8.68610764,-35.8958853996463,16318,"BRA","BR",76,"BRL","2608701","ChIJzzwYT7-qAAcREUgcnCFWyYs",NA,"BRPE2608701",NA,"BRA.17.98_1"
"484fe392",2023-01-20,973,13,NA,NA,NA,NA,NA,NA,NA,NA,NA,NA,NA,NA,NA,NA,NA,NA,NA,NA,NA,NA,NA,NA,NA,NA,NA,NA,3,"Brazil","Pernambuco","Lagoa dos Gatos",-8.68610764,-35.8958853996463,16318,"BRA","BR",76,"BRL","2608701","ChIJzzwYT7-qAAcREUgcnCFWyYs",NA,"BRPE2608701",NA,"BRA.17.98_1"
"484fe392",2023-01-21,973,13,NA,NA,NA,NA,NA,NA,NA,NA,NA,NA,NA,NA,NA,NA,NA,NA,NA,NA,NA,NA,NA,NA,NA,NA,NA,NA,3,"Brazil","Pernambuco","Lagoa dos Gatos",-8.68610764,-35.8958853996463,16318,"BRA","BR",76,"BRL","2608701","ChIJzzwYT7-qAAcREUgcnCFWyYs",NA,"BRPE2608701",NA,"BRA.17.98_1"
"484fe392",2023-01-22,973,13,NA,NA,NA,NA,NA,NA,NA,NA,NA,NA,NA,NA,NA,NA,NA,NA,NA,NA,NA,NA,NA,NA,NA,NA,NA,NA,3,"Brazil","Pernambuco","Lagoa dos Gatos",-8.68610764,-35.8958853996463,16318,"BRA","BR",76,"BRL","2608701","ChIJzzwYT7-qAAcREUgcnCFWyYs",NA,"BRPE2608701",NA,"BRA.17.98_1"
"484fe392",2023-01-23,973,13,NA,NA,30213,12177,10566,NA,NA,NA,NA,NA,NA,NA,NA,NA,NA,NA,NA,NA,NA,NA,NA,NA,NA,NA,NA,NA,3,"Brazil","Pernambuco","Lagoa dos Gatos",-8.68610764,-35.8958853996463,16318,"BRA","BR",76,"BRL","2608701","ChIJzzwYT7-qAAcREUgcnCFWyYs",NA,"BRPE2608701",NA,"BRA.17.98_1"
"484fe392",2023-01-24,973,13,NA,NA,30219,12178,10566,NA,NA,NA,NA,NA,NA,NA,NA,NA,NA,NA,NA,NA,NA,NA,NA,NA,NA,NA,NA,NA,3,"Brazil","Pernambuco","Lagoa dos Gatos",-8.68610764,-35.8958853996463,16318,"BRA","BR",76,"BRL","2608701","ChIJzzwYT7-qAAcREUgcnCFWyYs",NA,"BRPE2608701",NA,"BRA.17.98_1"
"484fe392",2023-01-25,973,13,NA,NA,30231,12179,10569,NA,NA,NA,NA,NA,NA,NA,NA,NA,NA,NA,NA,NA,NA,NA,NA,NA,NA,NA,NA,NA,3,"Brazil","Pernambuco","Lagoa dos Gatos",-8.68610764,-35.8958853996463,16318,"BRA","BR",76,"BRL","2608701","ChIJzzwYT7-qAAcREUgcnCFWyYs",NA,"BRPE2608701",NA,"BRA.17.98_1"
"484fe392",2023-01-26,973,13,NA,NA,30286,12200,10588,NA,NA,NA,NA,NA,NA,NA,NA,NA,NA,NA,NA,NA,NA,NA,NA,NA,NA,NA,NA,NA,3,"Brazil","Pernambuco","Lagoa dos Gatos",-8.68610764,-35.8958853996463,16318,"BRA","BR",76,"BRL","2608701","ChIJzzwYT7-qAAcREUgcnCFWyYs",NA,"BRPE2608701",NA,"BRA.17.98_1"
"484fe392",2023-01-27,973,13,NA,NA,NA,NA,NA,NA,NA,NA,NA,NA,NA,NA,NA,NA,NA,NA,NA,NA,NA,NA,NA,NA,NA,NA,NA,NA,3,"Brazil","Pernambuco","Lagoa dos Gatos",-8.68610764,-35.8958853996463,16318,"BRA","BR",76,"BRL","2608701","ChIJzzwYT7-qAAcREUgcnCFWyYs",NA,"BRPE2608701",NA,"BRA.17.98_1"
"484fe392",2023-01-28,973,13,NA,NA,NA,NA,NA,NA,NA,NA,NA,NA,NA,NA,NA,NA,NA,NA,NA,NA,NA,NA,NA,NA,NA,NA,NA,NA,3,"Brazil","Pernambuco","Lagoa dos Gatos",-8.68610764,-35.8958853996463,16318,"BRA","BR",76,"BRL","2608701","ChIJzzwYT7-qAAcREUgcnCFWyYs",NA,"BRPE2608701",NA,"BRA.17.98_1"
"484fe392",2023-01-29,973,13,NA,NA,NA,NA,NA,NA,NA,NA,NA,NA,NA,NA,NA,NA,NA,NA,NA,NA,NA,NA,NA,NA,NA,NA,NA,NA,3,"Brazil","Pernambuco","Lagoa dos Gatos",-8.68610764,-35.8958853996463,16318,"BRA","BR",76,"BRL","2608701","ChIJzzwYT7-qAAcREUgcnCFWyYs",NA,"BRPE2608701",NA,"BRA.17.98_1"
"484fe392",2023-01-30,973,13,NA,NA,30292,12200,10589,NA,NA,NA,NA,NA,NA,NA,NA,NA,NA,NA,NA,NA,NA,NA,NA,NA,NA,NA,NA,NA,3,"Brazil","Pernambuco","Lagoa dos Gatos",-8.68610764,-35.8958853996463,16318,"BRA","BR",76,"BRL","2608701","ChIJzzwYT7-qAAcREUgcnCFWyYs",NA,"BRPE2608701",NA,"BRA.17.98_1"
"484fe392",2023-01-31,973,13,NA,NA,30305,12200,10590,NA,NA,NA,NA,NA,NA,NA,NA,NA,NA,NA,NA,NA,NA,NA,NA,NA,NA,NA,NA,NA,3,"Brazil","Pernambuco","Lagoa dos Gatos",-8.68610764,-35.8958853996463,16318,"BRA","BR",76,"BRL","2608701","ChIJzzwYT7-qAAcREUgcnCFWyYs",NA,"BRPE2608701",NA,"BRA.17.98_1"
"484fe392",2023-02-01,973,13,NA,NA,30322,12200,10591,NA,NA,NA,NA,NA,NA,NA,NA,NA,NA,NA,NA,NA,NA,NA,NA,NA,NA,NA,NA,NA,3,"Brazil","Pernambuco","Lagoa dos Gatos",-8.68610764,-35.8958853996463,16318,"BRA","BR",76,"BRL","2608701","ChIJzzwYT7-qAAcREUgcnCFWyYs",NA,"BRPE2608701",NA,"BRA.17.98_1"
"484fe392",2023-02-02,1065,9,NA,NA,30355,12217,10606,NA,NA,NA,NA,NA,NA,NA,NA,NA,NA,NA,NA,NA,NA,NA,NA,NA,NA,NA,NA,NA,3,"Brazil","Pernambuco","Lagoa dos Gatos",-8.68610764,-35.8958853996463,16318,"BRA","BR",76,"BRL","2608701","ChIJzzwYT7-qAAcREUgcnCFWyYs",NA,"BRPE2608701",NA,"BRA.17.98_1"
"484fe392",2023-02-03,973,13,NA,NA,NA,NA,NA,NA,NA,NA,NA,NA,NA,NA,NA,NA,NA,NA,NA,NA,NA,NA,NA,NA,NA,NA,NA,NA,3,"Brazil","Pernambuco","Lagoa dos Gatos",-8.68610764,-35.8958853996463,16318,"BRA","BR",76,"BRL","2608701","ChIJzzwYT7-qAAcREUgcnCFWyYs",NA,"BRPE2608701",NA,"BRA.17.98_1"
"484fe392",2023-02-04,973,13,NA,NA,NA,NA,NA,NA,NA,NA,NA,NA,NA,NA,NA,NA,NA,NA,NA,NA,NA,NA,NA,NA,NA,NA,NA,NA,3,"Brazil","Pernambuco","Lagoa dos Gatos",-8.68610764,-35.8958853996463,16318,"BRA","BR",76,"BRL","2608701","ChIJzzwYT7-qAAcREUgcnCFWyYs",NA,"BRPE2608701",NA,"BRA.17.98_1"
"484fe392",2023-02-05,973,13,NA,NA,NA,NA,NA,NA,NA,NA,NA,NA,NA,NA,NA,NA,NA,NA,NA,NA,NA,NA,NA,NA,NA,NA,NA,NA,3,"Brazil","Pernambuco","Lagoa dos Gatos",-8.68610764,-35.8958853996463,16318,"BRA","BR",76,"BRL","2608701","ChIJzzwYT7-qAAcREUgcnCFWyYs",NA,"BRPE2608701",NA,"BRA.17.98_1"
"484fe392",2023-02-06,973,13,NA,NA,30358,12217,10606,NA,NA,NA,NA,NA,NA,NA,NA,NA,NA,NA,NA,NA,NA,NA,NA,NA,NA,NA,NA,NA,3,"Brazil","Pernambuco","Lagoa dos Gatos",-8.68610764,-35.8958853996463,16318,"BRA","BR",76,"BRL","2608701","ChIJzzwYT7-qAAcREUgcnCFWyYs",NA,"BRPE2608701",NA,"BRA.17.98_1"
"484fe392",2023-02-07,973,13,NA,NA,30367,12218,10608,NA,NA,NA,NA,NA,NA,NA,NA,NA,NA,NA,NA,NA,NA,NA,NA,NA,NA,NA,NA,NA,3,"Brazil","Pernambuco","Lagoa dos Gatos",-8.68610764,-35.8958853996463,16318,"BRA","BR",76,"BRL","2608701","ChIJzzwYT7-qAAcREUgcnCFWyYs",NA,"BRPE2608701",NA,"BRA.17.98_1"
"484fe392",2023-02-08,973,13,NA,NA,30369,12218,10609,NA,NA,NA,NA,NA,NA,NA,NA,NA,NA,NA,NA,NA,NA,NA,NA,NA,NA,NA,NA,NA,3,"Brazil","Pernambuco","Lagoa dos Gatos",-8.68610764,-35.8958853996463,16318,"BRA","BR",76,"BRL","2608701","ChIJzzwYT7-qAAcREUgcnCFWyYs",NA,"BRPE2608701",NA,"BRA.17.98_1"
"484fe392",2023-02-09,973,13,NA,NA,30428,12235,10628,NA,NA,NA,NA,NA,NA,NA,NA,NA,NA,NA,NA,NA,NA,NA,NA,NA,NA,NA,NA,NA,3,"Brazil","Pernambuco","Lagoa dos Gatos",-8.68610764,-35.8958853996463,16318,"BRA","BR",76,"BRL","2608701","ChIJzzwYT7-qAAcREUgcnCFWyYs",NA,"BRPE2608701",NA,"BRA.17.98_1"
"484fe392",2023-02-10,973,13,NA,NA,NA,NA,NA,NA,NA,NA,NA,NA,NA,NA,NA,NA,NA,NA,NA,NA,NA,NA,NA,NA,NA,NA,NA,NA,3,"Brazil","Pernambuco","Lagoa dos Gatos",-8.68610764,-35.8958853996463,16318,"BRA","BR",76,"BRL","2608701","ChIJzzwYT7-qAAcREUgcnCFWyYs",NA,"BRPE2608701",NA,"BRA.17.98_1"
"484fe392",2023-02-11,973,13,NA,NA,30437,12235,10628,NA,NA,NA,NA,NA,NA,NA,NA,NA,NA,NA,NA,NA,NA,NA,NA,NA,NA,NA,NA,NA,3,"Brazil","Pernambuco","Lagoa dos Gatos",-8.68610764,-35.8958853996463,16318,"BRA","BR",76,"BRL","2608701","ChIJzzwYT7-qAAcREUgcnCFWyYs",NA,"BRPE2608701",NA,"BRA.17.98_1"
"484fe392",2023-02-12,973,13,NA,NA,NA,NA,NA,NA,NA,NA,NA,NA,NA,NA,NA,NA,NA,NA,NA,NA,NA,NA,NA,NA,NA,NA,NA,NA,3,"Brazil","Pernambuco","Lagoa dos Gatos",-8.68610764,-35.8958853996463,16318,"BRA","BR",76,"BRL","2608701","ChIJzzwYT7-qAAcREUgcnCFWyYs",NA,"BRPE2608701",NA,"BRA.17.98_1"
"484fe392",2023-02-13,973,13,NA,NA,30441,12235,10628,NA,NA,NA,NA,NA,NA,NA,NA,NA,NA,NA,NA,NA,NA,NA,NA,NA,NA,NA,NA,NA,3,"Brazil","Pernambuco","Lagoa dos Gatos",-8.68610764,-35.8958853996463,16318,"BRA","BR",76,"BRL","2608701","ChIJzzwYT7-qAAcREUgcnCFWyYs",NA,"BRPE2608701",NA,"BRA.17.98_1"
"484fe392",2023-02-14,973,13,NA,NA,30466,12235,10629,NA,NA,NA,NA,NA,NA,NA,NA,NA,NA,NA,NA,NA,NA,NA,NA,NA,NA,NA,NA,NA,3,"Brazil","Pernambuco","Lagoa dos Gatos",-8.68610764,-35.8958853996463,16318,"BRA","BR",76,"BRL","2608701","ChIJzzwYT7-qAAcREUgcnCFWyYs",NA,"BRPE2608701",NA,"BRA.17.98_1"
"484fe392",2023-02-15,973,13,NA,NA,30470,12235,10629,NA,NA,NA,NA,NA,NA,NA,NA,NA,NA,NA,NA,NA,NA,NA,NA,NA,NA,NA,NA,NA,3,"Brazil","Pernambuco","Lagoa dos Gatos",-8.68610764,-35.8958853996463,16318,"BRA","BR",76,"BRL","2608701","ChIJzzwYT7-qAAcREUgcnCFWyYs",NA,"BRPE2608701",NA,"BRA.17.98_1"
"484fe392",2023-02-16,973,13,NA,NA,30529,12246,10642,NA,NA,NA,NA,NA,NA,NA,NA,NA,NA,NA,NA,NA,NA,NA,NA,NA,NA,NA,NA,NA,3,"Brazil","Pernambuco","Lagoa dos Gatos",-8.68610764,-35.8958853996463,16318,"BRA","BR",76,"BRL","2608701","ChIJzzwYT7-qAAcREUgcnCFWyYs",NA,"BRPE2608701",NA,"BRA.17.98_1"
"484fe392",2023-02-17,973,13,NA,NA,30549,12246,10642,NA,NA,NA,NA,NA,NA,NA,NA,NA,NA,NA,NA,NA,NA,NA,NA,NA,NA,NA,NA,NA,3,"Brazil","Pernambuco","Lagoa dos Gatos",-8.68610764,-35.8958853996463,16318,"BRA","BR",76,"BRL","2608701","ChIJzzwYT7-qAAcREUgcnCFWyYs",NA,"BRPE2608701",NA,"BRA.17.98_1"
"484fe392",2023-02-18,973,13,NA,NA,NA,NA,NA,NA,NA,NA,NA,NA,NA,NA,NA,NA,NA,NA,NA,NA,NA,NA,NA,NA,NA,NA,NA,NA,3,"Brazil","Pernambuco","Lagoa dos Gatos",-8.68610764,-35.8958853996463,16318,"BRA","BR",76,"BRL","2608701","ChIJzzwYT7-qAAcREUgcnCFWyYs",NA,"BRPE2608701",NA,"BRA.17.98_1"
"484fe392",2023-02-19,973,13,NA,NA,NA,NA,NA,NA,NA,NA,NA,NA,NA,NA,NA,NA,NA,NA,NA,NA,NA,NA,NA,NA,NA,NA,NA,NA,3,"Brazil","Pernambuco","Lagoa dos Gatos",-8.68610764,-35.8958853996463,16318,"BRA","BR",76,"BRL","2608701","ChIJzzwYT7-qAAcREUgcnCFWyYs",NA,"BRPE2608701",NA,"BRA.17.98_1"
"484fe392",2023-02-20,973,13,NA,NA,NA,NA,NA,NA,NA,NA,NA,NA,NA,NA,NA,NA,NA,NA,NA,NA,NA,NA,NA,NA,NA,NA,NA,NA,3,"Brazil","Pernambuco","Lagoa dos Gatos",-8.68610764,-35.8958853996463,16318,"BRA","BR",76,"BRL","2608701","ChIJzzwYT7-qAAcREUgcnCFWyYs",NA,"BRPE2608701",NA,"BRA.17.98_1"
"484fe392",2023-02-21,973,13,NA,NA,NA,NA,NA,NA,NA,NA,NA,NA,NA,NA,NA,NA,NA,NA,NA,NA,NA,NA,NA,NA,NA,NA,NA,NA,3,"Brazil","Pernambuco","Lagoa dos Gatos",-8.68610764,-35.8958853996463,16318,"BRA","BR",76,"BRL","2608701","ChIJzzwYT7-qAAcREUgcnCFWyYs",NA,"BRPE2608701",NA,"BRA.17.98_1"
"484fe392",2023-02-22,973,13,NA,NA,NA,NA,NA,NA,NA,NA,NA,NA,NA,NA,NA,NA,NA,NA,NA,NA,NA,NA,NA,NA,NA,NA,NA,NA,3,"Brazil","Pernambuco","Lagoa dos Gatos",-8.68610764,-35.8958853996463,16318,"BRA","BR",76,"BRL","2608701","ChIJzzwYT7-qAAcREUgcnCFWyYs",NA,"BRPE2608701",NA,"BRA.17.98_1"
"484fe392",2023-02-23,973,13,NA,NA,30564,12250,10648,NA,NA,NA,NA,NA,NA,NA,NA,NA,NA,NA,NA,NA,NA,NA,NA,NA,NA,NA,NA,NA,3,"Brazil","Pernambuco","Lagoa dos Gatos",-8.68610764,-35.8958853996463,16318,"BRA","BR",76,"BRL","2608701","ChIJzzwYT7-qAAcREUgcnCFWyYs",NA,"BRPE2608701",NA,"BRA.17.98_1"
"484fe392",2023-02-24,973,13,NA,NA,NA,NA,NA,NA,NA,NA,NA,NA,NA,NA,NA,NA,NA,NA,NA,NA,NA,NA,NA,NA,NA,NA,NA,NA,3,"Brazil","Pernambuco","Lagoa dos Gatos",-8.68610764,-35.8958853996463,16318,"BRA","BR",76,"BRL","2608701","ChIJzzwYT7-qAAcREUgcnCFWyYs",NA,"BRPE2608701",NA,"BRA.17.98_1"
"484fe392",2023-02-25,973,13,NA,NA,NA,NA,NA,NA,NA,NA,NA,NA,NA,NA,NA,NA,NA,NA,NA,NA,NA,NA,NA,NA,NA,NA,NA,NA,3,"Brazil","Pernambuco","Lagoa dos Gatos",-8.68610764,-35.8958853996463,16318,"BRA","BR",76,"BRL","2608701","ChIJzzwYT7-qAAcREUgcnCFWyYs",NA,"BRPE2608701",NA,"BRA.17.98_1"
"484fe392",2023-02-26,973,13,NA,NA,NA,NA,NA,NA,NA,NA,NA,NA,NA,NA,NA,NA,NA,NA,NA,NA,NA,NA,NA,NA,NA,NA,NA,NA,3,"Brazil","Pernambuco","Lagoa dos Gatos",-8.68610764,-35.8958853996463,16318,"BRA","BR",76,"BRL","2608701","ChIJzzwYT7-qAAcREUgcnCFWyYs",NA,"BRPE2608701",NA,"BRA.17.98_1"
"484fe392",2023-02-27,973,13,NA,NA,30570,12250,10649,NA,NA,NA,NA,NA,NA,NA,NA,NA,NA,NA,NA,NA,NA,NA,NA,NA,NA,NA,NA,NA,3,"Brazil","Pernambuco","Lagoa dos Gatos",-8.68610764,-35.8958853996463,16318,"BRA","BR",76,"BRL","2608701","ChIJzzwYT7-qAAcREUgcnCFWyYs",NA,"BRPE2608701",NA,"BRA.17.98_1"
"484fe392",2023-02-28,973,13,NA,NA,30577,12250,10649,NA,NA,NA,NA,NA,NA,NA,NA,NA,NA,NA,NA,NA,NA,NA,NA,NA,NA,NA,NA,NA,3,"Brazil","Pernambuco","Lagoa dos Gatos",-8.68610764,-35.8958853996463,16318,"BRA","BR",76,"BRL","2608701","ChIJzzwYT7-qAAcREUgcnCFWyYs",NA,"BRPE2608701",NA,"BRA.17.98_1"
"484fe392",2023-03-01,973,13,NA,NA,30598,12250,10649,NA,NA,NA,NA,NA,NA,NA,NA,NA,NA,NA,NA,NA,NA,NA,NA,NA,NA,NA,NA,NA,3,"Brazil","Pernambuco","Lagoa dos Gatos",-8.68610764,-35.8958853996463,16318,"BRA","BR",76,"BRL","2608701","ChIJzzwYT7-qAAcREUgcnCFWyYs",NA,"BRPE2608701",NA,"BRA.17.98_1"
"484fe392",2023-03-02,973,13,NA,NA,30655,12274,10658,NA,NA,NA,NA,NA,NA,NA,NA,NA,NA,NA,NA,NA,NA,NA,NA,NA,NA,NA,NA,NA,3,"Brazil","Pernambuco","Lagoa dos Gatos",-8.68610764,-35.8958853996463,16318,"BRA","BR",76,"BRL","2608701","ChIJzzwYT7-qAAcREUgcnCFWyYs",NA,"BRPE2608701",NA,"BRA.17.98_1"
"484fe392",2023-03-03,974,13,NA,NA,NA,NA,NA,NA,NA,NA,NA,NA,NA,NA,NA,NA,NA,NA,NA,NA,NA,NA,NA,NA,NA,NA,NA,NA,3,"Brazil","Pernambuco","Lagoa dos Gatos",-8.68610764,-35.8958853996463,16318,"BRA","BR",76,"BRL","2608701","ChIJzzwYT7-qAAcREUgcnCFWyYs",NA,"BRPE2608701",NA,"BRA.17.98_1"
"484fe392",2023-03-04,974,13,NA,NA,NA,NA,NA,NA,NA,NA,NA,NA,NA,NA,NA,NA,NA,NA,NA,NA,NA,NA,NA,NA,NA,NA,NA,NA,3,"Brazil","Pernambuco","Lagoa dos Gatos",-8.68610764,-35.8958853996463,16318,"BRA","BR",76,"BRL","2608701","ChIJzzwYT7-qAAcREUgcnCFWyYs",NA,"BRPE2608701",NA,"BRA.17.98_1"
"484fe392",2023-03-05,974,13,NA,NA,NA,NA,NA,NA,NA,NA,NA,NA,NA,NA,NA,NA,NA,NA,NA,NA,NA,NA,NA,NA,NA,NA,NA,NA,3,"Brazil","Pernambuco","Lagoa dos Gatos",-8.68610764,-35.8958853996463,16318,"BRA","BR",76,"BRL","2608701","ChIJzzwYT7-qAAcREUgcnCFWyYs",NA,"BRPE2608701",NA,"BRA.17.98_1"
"484fe392",2023-03-06,974,13,NA,NA,NA,NA,NA,NA,NA,NA,NA,NA,NA,NA,NA,NA,NA,NA,NA,NA,NA,NA,NA,NA,NA,NA,NA,NA,3,"Brazil","Pernambuco","Lagoa dos Gatos",-8.68610764,-35.8958853996463,16318,"BRA","BR",76,"BRL","2608701","ChIJzzwYT7-qAAcREUgcnCFWyYs",NA,"BRPE2608701",NA,"BRA.17.98_1"
"484fe392",2023-03-07,974,13,NA,NA,30668,12274,10658,NA,NA,NA,NA,NA,NA,NA,NA,NA,NA,NA,NA,NA,NA,NA,NA,NA,NA,NA,NA,NA,3,"Brazil","Pernambuco","Lagoa dos Gatos",-8.68610764,-35.8958853996463,16318,"BRA","BR",76,"BRL","2608701","ChIJzzwYT7-qAAcREUgcnCFWyYs",NA,"BRPE2608701",NA,"BRA.17.98_1"
"484fe392",2023-03-08,974,13,NA,NA,30682,12274,10658,NA,NA,NA,NA,NA,NA,NA,NA,NA,NA,NA,NA,NA,NA,NA,NA,NA,NA,NA,NA,NA,3,"Brazil","Pernambuco","Lagoa dos Gatos",-8.68610764,-35.8958853996463,16318,"BRA","BR",76,"BRL","2608701","ChIJzzwYT7-qAAcREUgcnCFWyYs",NA,"BRPE2608701",NA,"BRA.17.98_1"
"484fe392",2023-03-09,974,13,NA,NA,30723,12284,10675,NA,NA,NA,NA,NA,NA,NA,NA,NA,NA,NA,NA,NA,NA,NA,NA,NA,NA,NA,NA,NA,3,"Brazil","Pernambuco","Lagoa dos Gatos",-8.68610764,-35.8958853996463,16318,"BRA","BR",76,"BRL","2608701","ChIJzzwYT7-qAAcREUgcnCFWyYs",NA,"BRPE2608701",NA,"BRA.17.98_1"
"484fe392",2023-03-10,974,13,NA,NA,30730,12284,10675,NA,NA,NA,NA,NA,NA,NA,NA,NA,NA,NA,NA,NA,NA,NA,NA,NA,NA,NA,NA,NA,3,"Brazil","Pernambuco","Lagoa dos Gatos",-8.68610764,-35.8958853996463,16318,"BRA","BR",76,"BRL","2608701","ChIJzzwYT7-qAAcREUgcnCFWyYs",NA,"BRPE2608701",NA,"BRA.17.98_1"
"484fe392",2023-03-11,974,13,NA,NA,NA,NA,NA,NA,NA,NA,NA,NA,NA,NA,NA,NA,NA,NA,NA,NA,NA,NA,NA,NA,NA,NA,NA,NA,3,"Brazil","Pernambuco","Lagoa dos Gatos",-8.68610764,-35.8958853996463,16318,"BRA","BR",76,"BRL","2608701","ChIJzzwYT7-qAAcREUgcnCFWyYs",NA,"BRPE2608701",NA,"BRA.17.98_1"
"484fe392",2023-03-12,974,13,NA,NA,NA,NA,NA,NA,NA,NA,NA,NA,NA,NA,NA,NA,NA,NA,NA,NA,NA,NA,NA,NA,NA,NA,NA,NA,3,"Brazil","Pernambuco","Lagoa dos Gatos",-8.68610764,-35.8958853996463,16318,"BRA","BR",76,"BRL","2608701","ChIJzzwYT7-qAAcREUgcnCFWyYs",NA,"BRPE2608701",NA,"BRA.17.98_1"
"484fe392",2023-03-13,974,13,NA,NA,30738,12284,10676,NA,NA,NA,NA,NA,NA,NA,NA,NA,NA,NA,NA,NA,NA,NA,NA,NA,NA,NA,NA,NA,3,"Brazil","Pernambuco","Lagoa dos Gatos",-8.68610764,-35.8958853996463,16318,"BRA","BR",76,"BRL","2608701","ChIJzzwYT7-qAAcREUgcnCFWyYs",NA,"BRPE2608701",NA,"BRA.17.98_1"
"484fe392",2023-03-14,974,13,NA,NA,30750,12284,10677,NA,NA,NA,NA,NA,NA,NA,NA,NA,NA,NA,NA,NA,NA,NA,NA,NA,NA,NA,NA,NA,3,"Brazil","Pernambuco","Lagoa dos Gatos",-8.68610764,-35.8958853996463,16318,"BRA","BR",76,"BRL","2608701","ChIJzzwYT7-qAAcREUgcnCFWyYs",NA,"BRPE2608701",NA,"BRA.17.98_1"
"484fe392",2023-03-15,974,13,NA,NA,30763,12284,10679,NA,NA,NA,NA,NA,NA,NA,NA,NA,NA,NA,NA,NA,NA,NA,NA,NA,NA,NA,NA,NA,3,"Brazil","Pernambuco","Lagoa dos Gatos",-8.68610764,-35.8958853996463,16318,"BRA","BR",76,"BRL","2608701","ChIJzzwYT7-qAAcREUgcnCFWyYs",NA,"BRPE2608701",NA,"BRA.17.98_1"
"484fe392",2023-03-16,974,13,NA,NA,30814,12302,10694,NA,NA,NA,NA,NA,NA,NA,NA,NA,NA,NA,NA,NA,NA,NA,NA,NA,NA,NA,NA,NA,3,"Brazil","Pernambuco","Lagoa dos Gatos",-8.68610764,-35.8958853996463,16318,"BRA","BR",76,"BRL","2608701","ChIJzzwYT7-qAAcREUgcnCFWyYs",NA,"BRPE2608701",NA,"BRA.17.98_1"
"484fe392",2023-03-17,974,13,NA,NA,NA,NA,NA,NA,NA,NA,NA,NA,NA,NA,NA,NA,NA,NA,NA,NA,NA,NA,NA,NA,NA,NA,NA,NA,3,"Brazil","Pernambuco","Lagoa dos Gatos",-8.68610764,-35.8958853996463,16318,"BRA","BR",76,"BRL","2608701","ChIJzzwYT7-qAAcREUgcnCFWyYs",NA,"BRPE2608701",NA,"BRA.17.98_1"
"484fe392",2023-03-18,974,13,NA,NA,NA,NA,NA,NA,NA,NA,NA,NA,NA,NA,NA,NA,NA,NA,NA,NA,NA,NA,NA,NA,NA,NA,NA,NA,3,"Brazil","Pernambuco","Lagoa dos Gatos",-8.68610764,-35.8958853996463,16318,"BRA","BR",76,"BRL","2608701","ChIJzzwYT7-qAAcREUgcnCFWyYs",NA,"BRPE2608701",NA,"BRA.17.98_1"
"484fe392",2023-03-20,NA,NA,NA,NA,30821,12303,10694,NA,NA,NA,NA,NA,NA,NA,NA,NA,NA,NA,NA,NA,NA,NA,NA,NA,NA,NA,NA,NA,3,"Brazil","Pernambuco","Lagoa dos Gatos",-8.68610764,-35.8958853996463,16318,"BRA","BR",76,"BRL","2608701","ChIJzzwYT7-qAAcREUgcnCFWyYs",NA,"BRPE2608701",NA,"BRA.17.98_1"
"484fe392",2023-03-21,NA,NA,NA,NA,30833,12304,10695,NA,NA,NA,NA,NA,NA,NA,NA,NA,NA,NA,NA,NA,NA,NA,NA,NA,NA,NA,NA,NA,3,"Brazil","Pernambuco","Lagoa dos Gatos",-8.68610764,-35.8958853996463,16318,"BRA","BR",76,"BRL","2608701","ChIJzzwYT7-qAAcREUgcnCFWyYs",NA,"BRPE2608701",NA,"BRA.17.98_1"
"484fe392",2023-03-22,NA,NA,NA,NA,30890,12304,10695,NA,NA,NA,NA,NA,NA,NA,NA,NA,NA,NA,NA,NA,NA,NA,NA,NA,NA,NA,NA,NA,3,"Brazil","Pernambuco","Lagoa dos Gatos",-8.68610764,-35.8958853996463,16318,"BRA","BR",76,"BRL","2608701","ChIJzzwYT7-qAAcREUgcnCFWyYs",NA,"BRPE2608701",NA,"BRA.17.98_1"
"484fe392",2023-03-23,NA,NA,NA,NA,30998,12314,10701,NA,NA,NA,NA,NA,NA,NA,NA,NA,NA,NA,NA,NA,NA,NA,NA,NA,NA,NA,NA,NA,3,"Brazil","Pernambuco","Lagoa dos Gatos",-8.68610764,-35.8958853996463,16318,"BRA","BR",76,"BRL","2608701","ChIJzzwYT7-qAAcREUgcnCFWyYs",NA,"BRPE2608701",NA,"BRA.17.98_1"
"484fe392",2023-03-24,NA,NA,NA,NA,31000,12314,10701,NA,NA,NA,NA,NA,NA,NA,NA,NA,NA,NA,NA,NA,NA,NA,NA,NA,NA,NA,NA,NA,3,"Brazil","Pernambuco","Lagoa dos Gatos",-8.68610764,-35.8958853996463,16318,"BRA","BR",76,"BRL","2608701","ChIJzzwYT7-qAAcREUgcnCFWyYs",NA,"BRPE2608701",NA,"BRA.17.98_1"
"484fe392",2023-03-27,NA,NA,NA,NA,31006,12314,10702,NA,NA,NA,NA,NA,NA,NA,NA,NA,NA,NA,NA,NA,NA,NA,NA,NA,NA,NA,NA,NA,3,"Brazil","Pernambuco","Lagoa dos Gatos",-8.68610764,-35.8958853996463,16318,"BRA","BR",76,"BRL","2608701","ChIJzzwYT7-qAAcREUgcnCFWyYs",NA,"BRPE2608701",NA,"BRA.17.98_1"
"484fe392",2023-03-28,NA,NA,NA,NA,31021,12314,10702,NA,NA,NA,NA,NA,NA,NA,NA,NA,NA,NA,NA,NA,NA,NA,NA,NA,NA,NA,NA,NA,3,"Brazil","Pernambuco","Lagoa dos Gatos",-8.68610764,-35.8958853996463,16318,"BRA","BR",76,"BRL","2608701","ChIJzzwYT7-qAAcREUgcnCFWyYs",NA,"BRPE2608701",NA,"BRA.17.98_1"
"484fe392",2023-03-29,NA,NA,NA,NA,31038,12314,10703,NA,NA,NA,NA,NA,NA,NA,NA,NA,NA,NA,NA,NA,NA,NA,NA,NA,NA,NA,NA,NA,3,"Brazil","Pernambuco","Lagoa dos Gatos",-8.68610764,-35.8958853996463,16318,"BRA","BR",76,"BRL","2608701","ChIJzzwYT7-qAAcREUgcnCFWyYs",NA,"BRPE2608701",NA,"BRA.17.98_1"
"484fe392",2023-03-30,NA,NA,NA,NA,31061,12321,10707,NA,NA,NA,NA,NA,NA,NA,NA,NA,NA,NA,NA,NA,NA,NA,NA,NA,NA,NA,NA,NA,3,"Brazil","Pernambuco","Lagoa dos Gatos",-8.68610764,-35.8958853996463,16318,"BRA","BR",76,"BRL","2608701","ChIJzzwYT7-qAAcREUgcnCFWyYs",NA,"BRPE2608701",NA,"BRA.17.98_1"
"484fe392",2023-04-03,NA,NA,NA,NA,31063,12322,10707,NA,NA,NA,NA,NA,NA,NA,NA,NA,NA,NA,NA,NA,NA,NA,NA,NA,NA,NA,NA,NA,3,"Brazil","Pernambuco","Lagoa dos Gatos",-8.68610764,-35.8958853996463,16318,"BRA","BR",76,"BRL","2608701","ChIJzzwYT7-qAAcREUgcnCFWyYs",NA,"BRPE2608701",NA,"BRA.17.98_1"
"484fe392",2023-04-04,NA,NA,NA,NA,31102,12328,10707,NA,NA,NA,NA,NA,NA,NA,NA,NA,NA,NA,NA,NA,NA,NA,NA,NA,NA,NA,NA,NA,3,"Brazil","Pernambuco","Lagoa dos Gatos",-8.68610764,-35.8958853996463,16318,"BRA","BR",76,"BRL","2608701","ChIJzzwYT7-qAAcREUgcnCFWyYs",NA,"BRPE2608701",NA,"BRA.17.98_1"
"484fe392",2023-04-05,NA,NA,NA,NA,31108,12328,10707,NA,NA,NA,NA,NA,NA,NA,NA,NA,NA,NA,NA,NA,NA,NA,NA,NA,NA,NA,NA,NA,3,"Brazil","Pernambuco","Lagoa dos Gatos",-8.68610764,-35.8958853996463,16318,"BRA","BR",76,"BRL","2608701","ChIJzzwYT7-qAAcREUgcnCFWyYs",NA,"BRPE2608701",NA,"BRA.17.98_1"
"484fe392",2023-04-06,NA,NA,NA,NA,31109,12328,10708,NA,NA,NA,NA,NA,NA,NA,NA,NA,NA,NA,NA,NA,NA,NA,NA,NA,NA,NA,NA,NA,3,"Brazil","Pernambuco","Lagoa dos Gatos",-8.68610764,-35.8958853996463,16318,"BRA","BR",76,"BRL","2608701","ChIJzzwYT7-qAAcREUgcnCFWyYs",NA,"BRPE2608701",NA,"BRA.17.98_1"
"484fe392",2023-04-10,NA,NA,NA,NA,31113,12328,10708,NA,NA,NA,NA,NA,NA,NA,NA,NA,NA,NA,NA,NA,NA,NA,NA,NA,NA,NA,NA,NA,3,"Brazil","Pernambuco","Lagoa dos Gatos",-8.68610764,-35.8958853996463,16318,"BRA","BR",76,"BRL","2608701","ChIJzzwYT7-qAAcREUgcnCFWyYs",NA,"BRPE2608701",NA,"BRA.17.98_1"
"484fe392",2023-04-11,NA,NA,NA,NA,31126,12328,10708,NA,NA,NA,NA,NA,NA,NA,NA,NA,NA,NA,NA,NA,NA,NA,NA,NA,NA,NA,NA,NA,3,"Brazil","Pernambuco","Lagoa dos Gatos",-8.68610764,-35.8958853996463,16318,"BRA","BR",76,"BRL","2608701","ChIJzzwYT7-qAAcREUgcnCFWyYs",NA,"BRPE2608701",NA,"BRA.17.98_1"
"484fe392",2023-04-12,NA,NA,NA,NA,31135,12328,10708,NA,NA,NA,NA,NA,NA,NA,NA,NA,NA,NA,NA,NA,NA,NA,NA,NA,NA,NA,NA,NA,3,"Brazil","Pernambuco","Lagoa dos Gatos",-8.68610764,-35.8958853996463,16318,"BRA","BR",76,"BRL","2608701","ChIJzzwYT7-qAAcREUgcnCFWyYs",NA,"BRPE2608701",NA,"BRA.17.98_1"
"484fe392",2023-04-13,NA,NA,NA,NA,31153,12333,10717,NA,NA,NA,NA,NA,NA,NA,NA,NA,NA,NA,NA,NA,NA,NA,NA,NA,NA,NA,NA,NA,3,"Brazil","Pernambuco","Lagoa dos Gatos",-8.68610764,-35.8958853996463,16318,"BRA","BR",76,"BRL","2608701","ChIJzzwYT7-qAAcREUgcnCFWyYs",NA,"BRPE2608701",NA,"BRA.17.98_1"
"484fe392",2023-04-14,NA,NA,NA,NA,31159,12333,10717,NA,NA,NA,NA,NA,NA,NA,NA,NA,NA,NA,NA,NA,NA,NA,NA,NA,NA,NA,NA,NA,3,"Brazil","Pernambuco","Lagoa dos Gatos",-8.68610764,-35.8958853996463,16318,"BRA","BR",76,"BRL","2608701","ChIJzzwYT7-qAAcREUgcnCFWyYs",NA,"BRPE2608701",NA,"BRA.17.98_1"
"484fe392",2023-04-17,NA,NA,NA,NA,31166,12333,10717,NA,NA,NA,NA,NA,NA,NA,NA,NA,NA,NA,NA,NA,NA,NA,NA,NA,NA,NA,NA,NA,3,"Brazil","Pernambuco","Lagoa dos Gatos",-8.68610764,-35.8958853996463,16318,"BRA","BR",76,"BRL","2608701","ChIJzzwYT7-qAAcREUgcnCFWyYs",NA,"BRPE2608701",NA,"BRA.17.98_1"
"484fe392",2023-04-18,NA,NA,NA,NA,31189,12333,10717,NA,NA,NA,NA,NA,NA,NA,NA,NA,NA,NA,NA,NA,NA,NA,NA,NA,NA,NA,NA,NA,3,"Brazil","Pernambuco","Lagoa dos Gatos",-8.68610764,-35.8958853996463,16318,"BRA","BR",76,"BRL","2608701","ChIJzzwYT7-qAAcREUgcnCFWyYs",NA,"BRPE2608701",NA,"BRA.17.98_1"
"484fe392",2023-04-19,NA,NA,NA,NA,31198,12333,10717,NA,NA,NA,NA,NA,NA,NA,NA,NA,NA,NA,NA,NA,NA,NA,NA,NA,NA,NA,NA,NA,3,"Brazil","Pernambuco","Lagoa dos Gatos",-8.68610764,-35.8958853996463,16318,"BRA","BR",76,"BRL","2608701","ChIJzzwYT7-qAAcREUgcnCFWyYs",NA,"BRPE2608701",NA,"BRA.17.98_1"
"484fe392",2023-04-20,NA,NA,NA,NA,31234,12341,10721,NA,NA,NA,NA,NA,NA,NA,NA,NA,NA,NA,NA,NA,NA,NA,NA,NA,NA,NA,NA,NA,3,"Brazil","Pernambuco","Lagoa dos Gatos",-8.68610764,-35.8958853996463,16318,"BRA","BR",76,"BRL","2608701","ChIJzzwYT7-qAAcREUgcnCFWyYs",NA,"BRPE2608701",NA,"BRA.17.98_1"
"484fe392",2023-04-24,NA,NA,NA,NA,31244,12342,10721,NA,NA,NA,NA,NA,NA,NA,NA,NA,NA,NA,NA,NA,NA,NA,NA,NA,NA,NA,NA,NA,3,"Brazil","Pernambuco","Lagoa dos Gatos",-8.68610764,-35.8958853996463,16318,"BRA","BR",76,"BRL","2608701","ChIJzzwYT7-qAAcREUgcnCFWyYs",NA,"BRPE2608701",NA,"BRA.17.98_1"
"484fe392",2023-04-25,NA,NA,NA,NA,31263,12343,10722,NA,NA,NA,NA,NA,NA,NA,NA,NA,NA,NA,NA,NA,NA,NA,NA,NA,NA,NA,NA,NA,3,"Brazil","Pernambuco","Lagoa dos Gatos",-8.68610764,-35.8958853996463,16318,"BRA","BR",76,"BRL","2608701","ChIJzzwYT7-qAAcREUgcnCFWyYs",NA,"BRPE2608701",NA,"BRA.17.98_1"
"484fe392",2023-04-26,NA,NA,NA,NA,31285,12343,10722,NA,NA,NA,NA,NA,NA,NA,NA,NA,NA,NA,NA,NA,NA,NA,NA,NA,NA,NA,NA,NA,3,"Brazil","Pernambuco","Lagoa dos Gatos",-8.68610764,-35.8958853996463,16318,"BRA","BR",76,"BRL","2608701","ChIJzzwYT7-qAAcREUgcnCFWyYs",NA,"BRPE2608701",NA,"BRA.17.98_1"
"484fe392",2023-04-27,NA,NA,NA,NA,31315,12346,10727,NA,NA,NA,NA,NA,NA,NA,NA,NA,NA,NA,NA,NA,NA,NA,NA,NA,NA,NA,NA,NA,3,"Brazil","Pernambuco","Lagoa dos Gatos",-8.68610764,-35.8958853996463,16318,"BRA","BR",76,"BRL","2608701","ChIJzzwYT7-qAAcREUgcnCFWyYs",NA,"BRPE2608701",NA,"BRA.17.98_1"
"484fe392",2023-04-28,NA,NA,NA,NA,31359,12348,10738,NA,NA,NA,NA,NA,NA,NA,NA,NA,NA,NA,NA,NA,NA,NA,NA,NA,NA,NA,NA,NA,3,"Brazil","Pernambuco","Lagoa dos Gatos",-8.68610764,-35.8958853996463,16318,"BRA","BR",76,"BRL","2608701","ChIJzzwYT7-qAAcREUgcnCFWyYs",NA,"BRPE2608701",NA,"BRA.17.98_1"
"484fe392",2023-05-02,NA,NA,NA,NA,31381,12348,10738,NA,NA,NA,NA,NA,NA,NA,NA,NA,NA,NA,NA,NA,NA,NA,NA,NA,NA,NA,NA,NA,3,"Brazil","Pernambuco","Lagoa dos Gatos",-8.68610764,-35.8958853996463,16318,"BRA","BR",76,"BRL","2608701","ChIJzzwYT7-qAAcREUgcnCFWyYs",NA,"BRPE2608701",NA,"BRA.17.98_1"
"484fe392",2023-05-03,NA,NA,NA,NA,31401,12348,10738,NA,NA,NA,NA,NA,NA,NA,NA,NA,NA,NA,NA,NA,NA,NA,NA,NA,NA,NA,NA,NA,3,"Brazil","Pernambuco","Lagoa dos Gatos",-8.68610764,-35.8958853996463,16318,"BRA","BR",76,"BRL","2608701","ChIJzzwYT7-qAAcREUgcnCFWyYs",NA,"BRPE2608701",NA,"BRA.17.98_1"
"484fe392",2023-05-04,NA,NA,NA,NA,31419,12349,10748,NA,NA,NA,NA,NA,NA,NA,NA,NA,NA,NA,NA,NA,NA,NA,NA,NA,NA,NA,NA,NA,3,"Brazil","Pernambuco","Lagoa dos Gatos",-8.68610764,-35.8958853996463,16318,"BRA","BR",76,"BRL","2608701","ChIJzzwYT7-qAAcREUgcnCFWyYs",NA,"BRPE2608701",NA,"BRA.17.98_1"
"484fe392",2023-05-05,NA,NA,NA,NA,31660,12349,10748,NA,NA,NA,NA,NA,NA,NA,NA,NA,NA,NA,NA,NA,NA,NA,NA,NA,NA,NA,NA,NA,3,"Brazil","Pernambuco","Lagoa dos Gatos",-8.68610764,-35.8958853996463,16318,"BRA","BR",76,"BRL","2608701","ChIJzzwYT7-qAAcREUgcnCFWyYs",NA,"BRPE2608701",NA,"BRA.17.98_1"
"484fe392",2023-05-06,NA,NA,NA,NA,31684,12349,10748,NA,NA,NA,NA,NA,NA,NA,NA,NA,NA,NA,NA,NA,NA,NA,NA,NA,NA,NA,NA,NA,3,"Brazil","Pernambuco","Lagoa dos Gatos",-8.68610764,-35.8958853996463,16318,"BRA","BR",76,"BRL","2608701","ChIJzzwYT7-qAAcREUgcnCFWyYs",NA,"BRPE2608701",NA,"BRA.17.98_1"
"484fe392",2023-05-08,NA,NA,NA,NA,31711,12349,10748,NA,NA,NA,NA,NA,NA,NA,NA,NA,NA,NA,NA,NA,NA,NA,NA,NA,NA,NA,NA,NA,3,"Brazil","Pernambuco","Lagoa dos Gatos",-8.68610764,-35.8958853996463,16318,"BRA","BR",76,"BRL","2608701","ChIJzzwYT7-qAAcREUgcnCFWyYs",NA,"BRPE2608701",NA,"BRA.17.98_1"
"484fe392",2023-05-09,NA,NA,NA,NA,31740,12350,10748,NA,NA,NA,NA,NA,NA,NA,NA,NA,NA,NA,NA,NA,NA,NA,NA,NA,NA,NA,NA,NA,3,"Brazil","Pernambuco","Lagoa dos Gatos",-8.68610764,-35.8958853996463,16318,"BRA","BR",76,"BRL","2608701","ChIJzzwYT7-qAAcREUgcnCFWyYs",NA,"BRPE2608701",NA,"BRA.17.98_1"
"484fe392",2023-05-10,NA,NA,NA,NA,31779,12350,10748,NA,NA,NA,NA,NA,NA,NA,NA,NA,NA,NA,NA,NA,NA,NA,NA,NA,NA,NA,NA,NA,3,"Brazil","Pernambuco","Lagoa dos Gatos",-8.68610764,-35.8958853996463,16318,"BRA","BR",76,"BRL","2608701","ChIJzzwYT7-qAAcREUgcnCFWyYs",NA,"BRPE2608701",NA,"BRA.17.98_1"
"484fe392",2023-05-11,NA,NA,NA,NA,31823,12353,10758,NA,NA,NA,NA,NA,NA,NA,NA,NA,NA,NA,NA,NA,NA,NA,NA,NA,NA,NA,NA,NA,3,"Brazil","Pernambuco","Lagoa dos Gatos",-8.68610764,-35.8958853996463,16318,"BRA","BR",76,"BRL","2608701","ChIJzzwYT7-qAAcREUgcnCFWyYs",NA,"BRPE2608701",NA,"BRA.17.98_1"
"484fe392",2023-05-15,NA,NA,NA,NA,31905,12353,10759,NA,NA,NA,NA,NA,NA,NA,NA,NA,NA,NA,NA,NA,NA,NA,NA,NA,NA,NA,NA,NA,3,"Brazil","Pernambuco","Lagoa dos Gatos",-8.68610764,-35.8958853996463,16318,"BRA","BR",76,"BRL","2608701","ChIJzzwYT7-qAAcREUgcnCFWyYs",NA,"BRPE2608701",NA,"BRA.17.98_1"
"484fe392",2023-05-16,NA,NA,NA,NA,31947,12353,10759,NA,NA,NA,NA,NA,NA,NA,NA,NA,NA,NA,NA,NA,NA,NA,NA,NA,NA,NA,NA,NA,3,"Brazil","Pernambuco","Lagoa dos Gatos",-8.68610764,-35.8958853996463,16318,"BRA","BR",76,"BRL","2608701","ChIJzzwYT7-qAAcREUgcnCFWyYs",NA,"BRPE2608701",NA,"BRA.17.98_1"
"484fe392",2023-05-17,NA,NA,NA,NA,31978,12353,10759,NA,NA,NA,NA,NA,NA,NA,NA,NA,NA,NA,NA,NA,NA,NA,NA,NA,NA,NA,NA,NA,3,"Brazil","Pernambuco","Lagoa dos Gatos",-8.68610764,-35.8958853996463,16318,"BRA","BR",76,"BRL","2608701","ChIJzzwYT7-qAAcREUgcnCFWyYs",NA,"BRPE2608701",NA,"BRA.17.98_1"
"484fe392",2023-05-18,NA,NA,NA,NA,31996,12355,10768,NA,NA,NA,NA,NA,NA,NA,NA,NA,NA,NA,NA,NA,NA,NA,NA,NA,NA,NA,NA,NA,3,"Brazil","Pernambuco","Lagoa dos Gatos",-8.68610764,-35.8958853996463,16318,"BRA","BR",76,"BRL","2608701","ChIJzzwYT7-qAAcREUgcnCFWyYs",NA,"BRPE2608701",NA,"BRA.17.98_1"
"484fe392",2023-05-19,NA,NA,NA,NA,32002,12355,10768,NA,NA,NA,NA,NA,NA,NA,NA,NA,NA,NA,NA,NA,NA,NA,NA,NA,NA,NA,NA,NA,3,"Brazil","Pernambuco","Lagoa dos Gatos",-8.68610764,-35.8958853996463,16318,"BRA","BR",76,"BRL","2608701","ChIJzzwYT7-qAAcREUgcnCFWyYs",NA,"BRPE2608701",NA,"BRA.17.98_1"
"484fe392",2023-05-22,NA,NA,NA,NA,32023,12355,10768,NA,NA,NA,NA,NA,NA,NA,NA,NA,NA,NA,NA,NA,NA,NA,NA,NA,NA,NA,NA,NA,3,"Brazil","Pernambuco","Lagoa dos Gatos",-8.68610764,-35.8958853996463,16318,"BRA","BR",76,"BRL","2608701","ChIJzzwYT7-qAAcREUgcnCFWyYs",NA,"BRPE2608701",NA,"BRA.17.98_1"
"484fe392",2023-05-23,NA,NA,NA,NA,32035,12355,10768,NA,NA,NA,NA,NA,NA,NA,NA,NA,NA,NA,NA,NA,NA,NA,NA,NA,NA,NA,NA,NA,3,"Brazil","Pernambuco","Lagoa dos Gatos",-8.68610764,-35.8958853996463,16318,"BRA","BR",76,"BRL","2608701","ChIJzzwYT7-qAAcREUgcnCFWyYs",NA,"BRPE2608701",NA,"BRA.17.98_1"
"484fe392",2023-05-24,NA,NA,NA,NA,32051,12355,10768,NA,NA,NA,NA,NA,NA,NA,NA,NA,NA,NA,NA,NA,NA,NA,NA,NA,NA,NA,NA,NA,3,"Brazil","Pernambuco","Lagoa dos Gatos",-8.68610764,-35.8958853996463,16318,"BRA","BR",76,"BRL","2608701","ChIJzzwYT7-qAAcREUgcnCFWyYs",NA,"BRPE2608701",NA,"BRA.17.98_1"
"484fe392",2023-05-25,NA,NA,NA,NA,32102,12358,10778,NA,NA,NA,NA,NA,NA,NA,NA,NA,NA,NA,NA,NA,NA,NA,NA,NA,NA,NA,NA,NA,3,"Brazil","Pernambuco","Lagoa dos Gatos",-8.68610764,-35.8958853996463,16318,"BRA","BR",76,"BRL","2608701","ChIJzzwYT7-qAAcREUgcnCFWyYs",NA,"BRPE2608701",NA,"BRA.17.98_1"
"484fe392",2023-05-26,NA,NA,NA,NA,32127,12358,10778,NA,NA,NA,NA,NA,NA,NA,NA,NA,NA,NA,NA,NA,NA,NA,NA,NA,NA,NA,NA,NA,3,"Brazil","Pernambuco","Lagoa dos Gatos",-8.68610764,-35.8958853996463,16318,"BRA","BR",76,"BRL","2608701","ChIJzzwYT7-qAAcREUgcnCFWyYs",NA,"BRPE2608701",NA,"BRA.17.98_1"
"484fe392",2023-05-29,NA,NA,NA,NA,32142,12358,10778,NA,NA,NA,NA,NA,NA,NA,NA,NA,NA,NA,NA,NA,NA,NA,NA,NA,NA,NA,NA,NA,3,"Brazil","Pernambuco","Lagoa dos Gatos",-8.68610764,-35.8958853996463,16318,"BRA","BR",76,"BRL","2608701","ChIJzzwYT7-qAAcREUgcnCFWyYs",NA,"BRPE2608701",NA,"BRA.17.98_1"
"484fe392",2023-05-30,NA,NA,NA,NA,32158,12358,10778,NA,NA,NA,NA,NA,NA,NA,NA,NA,NA,NA,NA,NA,NA,NA,NA,NA,NA,NA,NA,NA,3,"Brazil","Pernambuco","Lagoa dos Gatos",-8.68610764,-35.8958853996463,16318,"BRA","BR",76,"BRL","2608701","ChIJzzwYT7-qAAcREUgcnCFWyYs",NA,"BRPE2608701",NA,"BRA.17.98_1"
"484fe392",2023-05-31,NA,NA,NA,NA,32171,12358,10778,NA,NA,NA,NA,NA,NA,NA,NA,NA,NA,NA,NA,NA,NA,NA,NA,NA,NA,NA,NA,NA,3,"Brazil","Pernambuco","Lagoa dos Gatos",-8.68610764,-35.8958853996463,16318,"BRA","BR",76,"BRL","2608701","ChIJzzwYT7-qAAcREUgcnCFWyYs",NA,"BRPE2608701",NA,"BRA.17.98_1"
"484fe392",2023-06-01,NA,NA,NA,NA,32190,12361,10784,NA,NA,NA,NA,NA,NA,NA,NA,NA,NA,NA,NA,NA,NA,NA,NA,NA,NA,NA,NA,NA,3,"Brazil","Pernambuco","Lagoa dos Gatos",-8.68610764,-35.8958853996463,16318,"BRA","BR",76,"BRL","2608701","ChIJzzwYT7-qAAcREUgcnCFWyYs",NA,"BRPE2608701",NA,"BRA.17.98_1"
"484fe392",2023-06-05,NA,NA,NA,NA,32197,12361,10784,NA,NA,NA,NA,NA,NA,NA,NA,NA,NA,NA,NA,NA,NA,NA,NA,NA,NA,NA,NA,NA,3,"Brazil","Pernambuco","Lagoa dos Gatos",-8.68610764,-35.8958853996463,16318,"BRA","BR",76,"BRL","2608701","ChIJzzwYT7-qAAcREUgcnCFWyYs",NA,"BRPE2608701",NA,"BRA.17.98_1"
"484fe392",2023-06-06,NA,NA,NA,NA,32203,12361,10787,NA,NA,NA,NA,NA,NA,NA,NA,NA,NA,NA,NA,NA,NA,NA,NA,NA,NA,NA,NA,NA,3,"Brazil","Pernambuco","Lagoa dos Gatos",-8.68610764,-35.8958853996463,16318,"BRA","BR",76,"BRL","2608701","ChIJzzwYT7-qAAcREUgcnCFWyYs",NA,"BRPE2608701",NA,"BRA.17.98_1"
"484fe392",2023-06-07,NA,NA,NA,NA,32212,12361,10787,NA,NA,NA,NA,NA,NA,NA,NA,NA,NA,NA,NA,NA,NA,NA,NA,NA,NA,NA,NA,NA,3,"Brazil","Pernambuco","Lagoa dos Gatos",-8.68610764,-35.8958853996463,16318,"BRA","BR",76,"BRL","2608701","ChIJzzwYT7-qAAcREUgcnCFWyYs",NA,"BRPE2608701",NA,"BRA.17.98_1"
"484fe392",2023-06-12,NA,NA,NA,NA,32218,12361,10787,NA,NA,NA,NA,NA,NA,NA,NA,NA,NA,NA,NA,NA,NA,NA,NA,NA,NA,NA,NA,NA,3,"Brazil","Pernambuco","Lagoa dos Gatos",-8.68610764,-35.8958853996463,16318,"BRA","BR",76,"BRL","2608701","ChIJzzwYT7-qAAcREUgcnCFWyYs",NA,"BRPE2608701",NA,"BRA.17.98_1"
"484fe392",2023-06-13,NA,NA,NA,NA,32224,12361,10787,NA,NA,NA,NA,NA,NA,NA,NA,NA,NA,NA,NA,NA,NA,NA,NA,NA,NA,NA,NA,NA,3,"Brazil","Pernambuco","Lagoa dos Gatos",-8.68610764,-35.8958853996463,16318,"BRA","BR",76,"BRL","2608701","ChIJzzwYT7-qAAcREUgcnCFWyYs",NA,"BRPE2608701",NA,"BRA.17.98_1"
"484fe392",2023-06-14,NA,NA,NA,NA,32226,12361,10787,NA,NA,NA,NA,NA,NA,NA,NA,NA,NA,NA,NA,NA,NA,NA,NA,NA,NA,NA,NA,NA,3,"Brazil","Pernambuco","Lagoa dos Gatos",-8.68610764,-35.8958853996463,16318,"BRA","BR",76,"BRL","2608701","ChIJzzwYT7-qAAcREUgcnCFWyYs",NA,"BRPE2608701",NA,"BRA.17.98_1"
"484fe392",2023-06-15,NA,NA,NA,NA,32237,12361,10790,NA,NA,NA,NA,NA,NA,NA,NA,NA,NA,NA,NA,NA,NA,NA,NA,NA,NA,NA,NA,NA,3,"Brazil","Pernambuco","Lagoa dos Gatos",-8.68610764,-35.8958853996463,16318,"BRA","BR",76,"BRL","2608701","ChIJzzwYT7-qAAcREUgcnCFWyYs",NA,"BRPE2608701",NA,"BRA.17.98_1"
"484fe392",2023-06-19,NA,NA,NA,NA,32239,12361,10790,NA,NA,NA,NA,NA,NA,NA,NA,NA,NA,NA,NA,NA,NA,NA,NA,NA,NA,NA,NA,NA,3,"Brazil","Pernambuco","Lagoa dos Gatos",-8.68610764,-35.8958853996463,16318,"BRA","BR",76,"BRL","2608701","ChIJzzwYT7-qAAcREUgcnCFWyYs",NA,"BRPE2608701",NA,"BRA.17.98_1"
"484fe392",2023-06-21,NA,NA,NA,NA,32243,12361,10790,NA,NA,NA,NA,NA,NA,NA,NA,NA,NA,NA,NA,NA,NA,NA,NA,NA,NA,NA,NA,NA,3,"Brazil","Pernambuco","Lagoa dos Gatos",-8.68610764,-35.8958853996463,16318,"BRA","BR",76,"BRL","2608701","ChIJzzwYT7-qAAcREUgcnCFWyYs",NA,"BRPE2608701",NA,"BRA.17.98_1"
"484fe392",2023-06-22,NA,NA,NA,NA,32248,12364,10791,NA,NA,NA,NA,NA,NA,NA,NA,NA,NA,NA,NA,NA,NA,NA,NA,NA,NA,NA,NA,NA,3,"Brazil","Pernambuco","Lagoa dos Gatos",-8.68610764,-35.8958853996463,16318,"BRA","BR",76,"BRL","2608701","ChIJzzwYT7-qAAcREUgcnCFWyYs",NA,"BRPE2608701",NA,"BRA.17.98_1"
"484fe392",2023-06-26,NA,NA,NA,NA,32256,12364,10791,NA,NA,NA,NA,NA,NA,NA,NA,NA,NA,NA,NA,NA,NA,NA,NA,NA,NA,NA,NA,NA,3,"Brazil","Pernambuco","Lagoa dos Gatos",-8.68610764,-35.8958853996463,16318,"BRA","BR",76,"BRL","2608701","ChIJzzwYT7-qAAcREUgcnCFWyYs",NA,"BRPE2608701",NA,"BRA.17.98_1"
"484fe392",2023-06-27,NA,NA,NA,NA,32264,12364,10791,NA,NA,NA,NA,NA,NA,NA,NA,NA,NA,NA,NA,NA,NA,NA,NA,NA,NA,NA,NA,NA,3,"Brazil","Pernambuco","Lagoa dos Gatos",-8.68610764,-35.8958853996463,16318,"BRA","BR",76,"BRL","2608701","ChIJzzwYT7-qAAcREUgcnCFWyYs",NA,"BRPE2608701",NA,"BRA.17.98_1"
"484fe392",2023-06-28,NA,NA,NA,NA,32265,12364,10791,NA,NA,NA,NA,NA,NA,NA,NA,NA,NA,NA,NA,NA,NA,NA,NA,NA,NA,NA,NA,NA,3,"Brazil","Pernambuco","Lagoa dos Gatos",-8.68610764,-35.8958853996463,16318,"BRA","BR",76,"BRL","2608701","ChIJzzwYT7-qAAcREUgcnCFWyYs",NA,"BRPE2608701",NA,"BRA.17.98_1"
"484fe392",2023-07-01,NA,NA,NA,NA,32268,12364,10791,NA,NA,NA,NA,NA,NA,NA,NA,NA,NA,NA,NA,NA,NA,NA,NA,NA,NA,NA,NA,NA,3,"Brazil","Pernambuco","Lagoa dos Gatos",-8.68610764,-35.8958853996463,16318,"BRA","BR",76,"BRL","2608701","ChIJzzwYT7-qAAcREUgcnCFWyYs",NA,"BRPE2608701",NA,"BRA.17.98_1"
"484fe392",2023-07-03,NA,NA,NA,NA,32271,12364,10791,NA,NA,NA,NA,NA,NA,NA,NA,NA,NA,NA,NA,NA,NA,NA,NA,NA,NA,NA,NA,NA,3,"Brazil","Pernambuco","Lagoa dos Gatos",-8.68610764,-35.8958853996463,16318,"BRA","BR",76,"BRL","2608701","ChIJzzwYT7-qAAcREUgcnCFWyYs",NA,"BRPE2608701",NA,"BRA.17.98_1"
"484fe392",2023-07-04,NA,NA,NA,NA,32281,12364,10791,NA,NA,NA,NA,NA,NA,NA,NA,NA,NA,NA,NA,NA,NA,NA,NA,NA,NA,NA,NA,NA,3,"Brazil","Pernambuco","Lagoa dos Gatos",-8.68610764,-35.8958853996463,16318,"BRA","BR",76,"BRL","2608701","ChIJzzwYT7-qAAcREUgcnCFWyYs",NA,"BRPE2608701",NA,"BRA.17.98_1"
"484fe392",2023-07-05,NA,NA,NA,NA,32284,12364,10791,NA,NA,NA,NA,NA,NA,NA,NA,NA,NA,NA,NA,NA,NA,NA,NA,NA,NA,NA,NA,NA,3,"Brazil","Pernambuco","Lagoa dos Gatos",-8.68610764,-35.8958853996463,16318,"BRA","BR",76,"BRL","2608701","ChIJzzwYT7-qAAcREUgcnCFWyYs",NA,"BRPE2608701",NA,"BRA.17.98_1"
"484fe392",2023-07-06,NA,NA,NA,NA,32291,12365,10793,NA,NA,NA,NA,NA,NA,NA,NA,NA,NA,NA,NA,NA,NA,NA,NA,NA,NA,NA,NA,NA,3,"Brazil","Pernambuco","Lagoa dos Gatos",-8.68610764,-35.8958853996463,16318,"BRA","BR",76,"BRL","2608701","ChIJzzwYT7-qAAcREUgcnCFWyYs",NA,"BRPE2608701",NA,"BRA.17.98_1"
"484fe392",2023-07-10,NA,NA,NA,NA,32295,12365,10793,NA,NA,NA,NA,NA,NA,NA,NA,NA,NA,NA,NA,NA,NA,NA,NA,NA,NA,NA,NA,NA,3,"Brazil","Pernambuco","Lagoa dos Gatos",-8.68610764,-35.8958853996463,16318,"BRA","BR",76,"BRL","2608701","ChIJzzwYT7-qAAcREUgcnCFWyYs",NA,"BRPE2608701",NA,"BRA.17.98_1"
"484fe392",2023-07-11,NA,NA,NA,NA,32299,12365,10793,NA,NA,NA,NA,NA,NA,NA,NA,NA,NA,NA,NA,NA,NA,NA,NA,NA,NA,NA,NA,NA,3,"Brazil","Pernambuco","Lagoa dos Gatos",-8.68610764,-35.8958853996463,16318,"BRA","BR",76,"BRL","2608701","ChIJzzwYT7-qAAcREUgcnCFWyYs",NA,"BRPE2608701",NA,"BRA.17.98_1"
"484fe392",2023-07-12,NA,NA,NA,NA,32301,12365,10793,NA,NA,NA,NA,NA,NA,NA,NA,NA,NA,NA,NA,NA,NA,NA,NA,NA,NA,NA,NA,NA,3,"Brazil","Pernambuco","Lagoa dos Gatos",-8.68610764,-35.8958853996463,16318,"BRA","BR",76,"BRL","2608701","ChIJzzwYT7-qAAcREUgcnCFWyYs",NA,"BRPE2608701",NA,"BRA.17.98_1"
"484fe392",2023-07-13,NA,NA,NA,NA,32321,12366,10796,NA,NA,NA,NA,NA,NA,NA,NA,NA,NA,NA,NA,NA,NA,NA,NA,NA,NA,NA,NA,NA,3,"Brazil","Pernambuco","Lagoa dos Gatos",-8.68610764,-35.8958853996463,16318,"BRA","BR",76,"BRL","2608701","ChIJzzwYT7-qAAcREUgcnCFWyYs",NA,"BRPE2608701",NA,"BRA.17.98_1"
"484fe392",2023-07-17,NA,NA,NA,NA,32329,12366,10797,NA,NA,NA,NA,NA,NA,NA,NA,NA,NA,NA,NA,NA,NA,NA,NA,NA,NA,NA,NA,NA,3,"Brazil","Pernambuco","Lagoa dos Gatos",-8.68610764,-35.8958853996463,16318,"BRA","BR",76,"BRL","2608701","ChIJzzwYT7-qAAcREUgcnCFWyYs",NA,"BRPE2608701",NA,"BRA.17.98_1"
"484fe392",2023-07-18,NA,NA,NA,NA,32330,12366,10798,NA,NA,NA,NA,NA,NA,NA,NA,NA,NA,NA,NA,NA,NA,NA,NA,NA,NA,NA,NA,NA,3,"Brazil","Pernambuco","Lagoa dos Gatos",-8.68610764,-35.8958853996463,16318,"BRA","BR",76,"BRL","2608701","ChIJzzwYT7-qAAcREUgcnCFWyYs",NA,"BRPE2608701",NA,"BRA.17.98_1"
"484fe392",2023-07-19,NA,NA,NA,NA,32338,12366,10798,NA,NA,NA,NA,NA,NA,NA,NA,NA,NA,NA,NA,NA,NA,NA,NA,NA,NA,NA,NA,NA,3,"Brazil","Pernambuco","Lagoa dos Gatos",-8.68610764,-35.8958853996463,16318,"BRA","BR",76,"BRL","2608701","ChIJzzwYT7-qAAcREUgcnCFWyYs",NA,"BRPE2608701",NA,"BRA.17.98_1"
"484fe392",2023-07-20,NA,NA,NA,NA,32351,12367,10808,NA,NA,NA,NA,NA,NA,NA,NA,NA,NA,NA,NA,NA,NA,NA,NA,NA,NA,NA,NA,NA,3,"Brazil","Pernambuco","Lagoa dos Gatos",-8.68610764,-35.8958853996463,16318,"BRA","BR",76,"BRL","2608701","ChIJzzwYT7-qAAcREUgcnCFWyYs",NA,"BRPE2608701",NA,"BRA.17.98_1"
"484fe392",2023-07-24,NA,NA,NA,NA,32354,12367,10808,NA,NA,NA,NA,NA,NA,NA,NA,NA,NA,NA,NA,NA,NA,NA,NA,NA,NA,NA,NA,NA,3,"Brazil","Pernambuco","Lagoa dos Gatos",-8.68610764,-35.8958853996463,16318,"BRA","BR",76,"BRL","2608701","ChIJzzwYT7-qAAcREUgcnCFWyYs",NA,"BRPE2608701",NA,"BRA.17.98_1"
"484fe392",2023-07-25,NA,NA,NA,NA,32360,12367,10808,NA,NA,NA,NA,NA,NA,NA,NA,NA,NA,NA,NA,NA,NA,NA,NA,NA,NA,NA,NA,NA,3,"Brazil","Pernambuco","Lagoa dos Gatos",-8.68610764,-35.8958853996463,16318,"BRA","BR",76,"BRL","2608701","ChIJzzwYT7-qAAcREUgcnCFWyYs",NA,"BRPE2608701",NA,"BRA.17.98_1"
"484fe392",2023-07-26,NA,NA,NA,NA,32361,12368,10808,NA,NA,NA,NA,NA,NA,NA,NA,NA,NA,NA,NA,NA,NA,NA,NA,NA,NA,NA,NA,NA,3,"Brazil","Pernambuco","Lagoa dos Gatos",-8.68610764,-35.8958853996463,16318,"BRA","BR",76,"BRL","2608701","ChIJzzwYT7-qAAcREUgcnCFWyYs",NA,"BRPE2608701",NA,"BRA.17.98_1"
"484fe392",2023-07-27,NA,NA,NA,NA,32369,12370,10813,NA,NA,NA,NA,NA,NA,NA,NA,NA,NA,NA,NA,NA,NA,NA,NA,NA,NA,NA,NA,NA,3,"Brazil","Pernambuco","Lagoa dos Gatos",-8.68610764,-35.8958853996463,16318,"BRA","BR",76,"BRL","2608701","ChIJzzwYT7-qAAcREUgcnCFWyYs",NA,"BRPE2608701",NA,"BRA.17.98_1"
"484fe392",2023-07-31,NA,NA,NA,NA,32372,12370,10813,NA,NA,NA,NA,NA,NA,NA,NA,NA,NA,NA,NA,NA,NA,NA,NA,NA,NA,NA,NA,NA,3,"Brazil","Pernambuco","Lagoa dos Gatos",-8.68610764,-35.8958853996463,16318,"BRA","BR",76,"BRL","2608701","ChIJzzwYT7-qAAcREUgcnCFWyYs",NA,"BRPE2608701",NA,"BRA.17.98_1"
"484fe392",2023-08-03,NA,NA,NA,NA,32376,12370,10814,NA,NA,NA,NA,NA,NA,NA,NA,NA,NA,NA,NA,NA,NA,NA,NA,NA,NA,NA,NA,NA,3,"Brazil","Pernambuco","Lagoa dos Gatos",-8.68610764,-35.8958853996463,16318,"BRA","BR",76,"BRL","2608701","ChIJzzwYT7-qAAcREUgcnCFWyYs",NA,"BRPE2608701",NA,"BRA.17.98_1"
"484fe392",2023-08-04,NA,NA,NA,NA,32388,12370,10814,NA,NA,NA,NA,NA,NA,NA,NA,NA,NA,NA,NA,NA,NA,NA,NA,NA,NA,NA,NA,NA,3,"Brazil","Pernambuco","Lagoa dos Gatos",-8.68610764,-35.8958853996463,16318,"BRA","BR",76,"BRL","2608701","ChIJzzwYT7-qAAcREUgcnCFWyYs",NA,"BRPE2608701",NA,"BRA.17.98_1"
"484fe392",2023-08-07,NA,NA,NA,NA,32394,12370,10814,NA,NA,NA,NA,NA,NA,NA,NA,NA,NA,NA,NA,NA,NA,NA,NA,NA,NA,NA,NA,NA,3,"Brazil","Pernambuco","Lagoa dos Gatos",-8.68610764,-35.8958853996463,16318,"BRA","BR",76,"BRL","2608701","ChIJzzwYT7-qAAcREUgcnCFWyYs",NA,"BRPE2608701",NA,"BRA.17.98_1"
"484fe392",2023-08-08,NA,NA,NA,NA,32395,12370,10814,NA,NA,NA,NA,NA,NA,NA,NA,NA,NA,NA,NA,NA,NA,NA,NA,NA,NA,NA,NA,NA,3,"Brazil","Pernambuco","Lagoa dos Gatos",-8.68610764,-35.8958853996463,16318,"BRA","BR",76,"BRL","2608701","ChIJzzwYT7-qAAcREUgcnCFWyYs",NA,"BRPE2608701",NA,"BRA.17.98_1"
"484fe392",2023-08-09,NA,NA,NA,NA,32398,12370,10814,NA,NA,NA,NA,NA,NA,NA,NA,NA,NA,NA,NA,NA,NA,NA,NA,NA,NA,NA,NA,NA,3,"Brazil","Pernambuco","Lagoa dos Gatos",-8.68610764,-35.8958853996463,16318,"BRA","BR",76,"BRL","2608701","ChIJzzwYT7-qAAcREUgcnCFWyYs",NA,"BRPE2608701",NA,"BRA.17.98_1"
"484fe392",2023-08-10,NA,NA,NA,NA,32406,12370,10816,NA,NA,NA,NA,NA,NA,NA,NA,NA,NA,NA,NA,NA,NA,NA,NA,NA,NA,NA,NA,NA,3,"Brazil","Pernambuco","Lagoa dos Gatos",-8.68610764,-35.8958853996463,16318,"BRA","BR",76,"BRL","2608701","ChIJzzwYT7-qAAcREUgcnCFWyYs",NA,"BRPE2608701",NA,"BRA.17.98_1"
"484fe392",2023-08-14,NA,NA,NA,NA,32408,12370,10816,NA,NA,NA,NA,NA,NA,NA,NA,NA,NA,NA,NA,NA,NA,NA,NA,NA,NA,NA,NA,NA,3,"Brazil","Pernambuco","Lagoa dos Gatos",-8.68610764,-35.8958853996463,16318,"BRA","BR",76,"BRL","2608701","ChIJzzwYT7-qAAcREUgcnCFWyYs",NA,"BRPE2608701",NA,"BRA.17.98_1"
"484fe392",2023-08-16,NA,NA,NA,NA,32414,12370,10816,NA,NA,NA,NA,NA,NA,NA,NA,NA,NA,NA,NA,NA,NA,NA,NA,NA,NA,NA,NA,NA,3,"Brazil","Pernambuco","Lagoa dos Gatos",-8.68610764,-35.8958853996463,16318,"BRA","BR",76,"BRL","2608701","ChIJzzwYT7-qAAcREUgcnCFWyYs",NA,"BRPE2608701",NA,"BRA.17.98_1"
"484fe392",2023-08-17,NA,NA,NA,NA,32421,12370,10820,NA,NA,NA,NA,NA,NA,NA,NA,NA,NA,NA,NA,NA,NA,NA,NA,NA,NA,NA,NA,NA,3,"Brazil","Pernambuco","Lagoa dos Gatos",-8.68610764,-35.8958853996463,16318,"BRA","BR",76,"BRL","2608701","ChIJzzwYT7-qAAcREUgcnCFWyYs",NA,"BRPE2608701",NA,"BRA.17.98_1"
"484fe392",2023-08-21,NA,NA,NA,NA,32427,12370,10820,NA,NA,NA,NA,NA,NA,NA,NA,NA,NA,NA,NA,NA,NA,NA,NA,NA,NA,NA,NA,NA,3,"Brazil","Pernambuco","Lagoa dos Gatos",-8.68610764,-35.8958853996463,16318,"BRA","BR",76,"BRL","2608701","ChIJzzwYT7-qAAcREUgcnCFWyYs",NA,"BRPE2608701",NA,"BRA.17.98_1"
"484fe392",2023-08-22,NA,NA,NA,NA,32430,12370,10821,NA,NA,NA,NA,NA,NA,NA,NA,NA,NA,NA,NA,NA,NA,NA,NA,NA,NA,NA,NA,NA,3,"Brazil","Pernambuco","Lagoa dos Gatos",-8.68610764,-35.8958853996463,16318,"BRA","BR",76,"BRL","2608701","ChIJzzwYT7-qAAcREUgcnCFWyYs",NA,"BRPE2608701",NA,"BRA.17.98_1"
"484fe392",2023-08-23,NA,NA,NA,NA,32432,12370,10821,NA,NA,NA,NA,NA,NA,NA,NA,NA,NA,NA,NA,NA,NA,NA,NA,NA,NA,NA,NA,NA,3,"Brazil","Pernambuco","Lagoa dos Gatos",-8.68610764,-35.8958853996463,16318,"BRA","BR",76,"BRL","2608701","ChIJzzwYT7-qAAcREUgcnCFWyYs",NA,"BRPE2608701",NA,"BRA.17.98_1"
"484fe392",2023-08-24,NA,NA,NA,NA,32438,12370,10823,NA,NA,NA,NA,NA,NA,NA,NA,NA,NA,NA,NA,NA,NA,NA,NA,NA,NA,NA,NA,NA,3,"Brazil","Pernambuco","Lagoa dos Gatos",-8.68610764,-35.8958853996463,16318,"BRA","BR",76,"BRL","2608701","ChIJzzwYT7-qAAcREUgcnCFWyYs",NA,"BRPE2608701",NA,"BRA.17.98_1"
"484fe392",2023-08-29,NA,NA,NA,NA,32440,12370,10823,NA,NA,NA,NA,NA,NA,NA,NA,NA,NA,NA,NA,NA,NA,NA,NA,NA,NA,NA,NA,NA,3,"Brazil","Pernambuco","Lagoa dos Gatos",-8.68610764,-35.8958853996463,16318,"BRA","BR",76,"BRL","2608701","ChIJzzwYT7-qAAcREUgcnCFWyYs",NA,"BRPE2608701",NA,"BRA.17.98_1"
"484fe392",2023-08-30,NA,NA,NA,NA,32441,12371,10823,NA,NA,NA,NA,NA,NA,NA,NA,NA,NA,NA,NA,NA,NA,NA,NA,NA,NA,NA,NA,NA,3,"Brazil","Pernambuco","Lagoa dos Gatos",-8.68610764,-35.8958853996463,16318,"BRA","BR",76,"BRL","2608701","ChIJzzwYT7-qAAcREUgcnCFWyYs",NA,"BRPE2608701",NA,"BRA.17.98_1"
"484fe392",2023-08-31,NA,NA,NA,NA,32445,12371,10824,NA,NA,NA,NA,NA,NA,NA,NA,NA,NA,NA,NA,NA,NA,NA,NA,NA,NA,NA,NA,NA,3,"Brazil","Pernambuco","Lagoa dos Gatos",-8.68610764,-35.8958853996463,16318,"BRA","BR",76,"BRL","2608701","ChIJzzwYT7-qAAcREUgcnCFWyYs",NA,"BRPE2608701",NA,"BRA.17.98_1"
"484fe392",2023-09-05,NA,NA,NA,NA,32446,12371,10824,NA,NA,NA,NA,NA,NA,NA,NA,NA,NA,NA,NA,NA,NA,NA,NA,NA,NA,NA,NA,NA,3,"Brazil","Pernambuco","Lagoa dos Gatos",-8.68610764,-35.8958853996463,16318,"BRA","BR",76,"BRL","2608701","ChIJzzwYT7-qAAcREUgcnCFWyYs",NA,"BRPE2608701",NA,"BRA.17.98_1"
"484fe392",2023-09-13,NA,NA,NA,NA,32448,12371,10824,NA,NA,NA,NA,NA,NA,NA,NA,NA,NA,NA,NA,NA,NA,NA,NA,NA,NA,NA,NA,NA,3,"Brazil","Pernambuco","Lagoa dos Gatos",-8.68610764,-35.8958853996463,16318,"BRA","BR",76,"BRL","2608701","ChIJzzwYT7-qAAcREUgcnCFWyYs",NA,"BRPE2608701",NA,"BRA.17.98_1"
"484fe392",2023-09-14,NA,NA,NA,NA,32455,12372,10825,NA,NA,NA,NA,NA,NA,NA,NA,NA,NA,NA,NA,NA,NA,NA,NA,NA,NA,NA,NA,NA,3,"Brazil","Pernambuco","Lagoa dos Gatos",-8.68610764,-35.8958853996463,16318,"BRA","BR",76,"BRL","2608701","ChIJzzwYT7-qAAcREUgcnCFWyYs",NA,"BRPE2608701",NA,"BRA.17.98_1"
"484fe392",2023-09-18,NA,NA,NA,NA,32457,12372,10825,NA,NA,NA,NA,NA,NA,NA,NA,NA,NA,NA,NA,NA,NA,NA,NA,NA,NA,NA,NA,NA,3,"Brazil","Pernambuco","Lagoa dos Gatos",-8.68610764,-35.8958853996463,16318,"BRA","BR",76,"BRL","2608701","ChIJzzwYT7-qAAcREUgcnCFWyYs",NA,"BRPE2608701",NA,"BRA.17.98_1"
"484fe392",2023-09-20,NA,NA,NA,NA,32459,12372,10825,NA,NA,NA,NA,NA,NA,NA,NA,NA,NA,NA,NA,NA,NA,NA,NA,NA,NA,NA,NA,NA,3,"Brazil","Pernambuco","Lagoa dos Gatos",-8.68610764,-35.8958853996463,16318,"BRA","BR",76,"BRL","2608701","ChIJzzwYT7-qAAcREUgcnCFWyYs",NA,"BRPE2608701",NA,"BRA.17.98_1"
"484fe392",2023-09-28,NA,NA,NA,NA,32460,12373,10825,NA,NA,NA,NA,NA,NA,NA,NA,NA,NA,NA,NA,NA,NA,NA,NA,NA,NA,NA,NA,NA,3,"Brazil","Pernambuco","Lagoa dos Gatos",-8.68610764,-35.8958853996463,16318,"BRA","BR",76,"BRL","2608701","ChIJzzwYT7-qAAcREUgcnCFWyYs",NA,"BRPE2608701",NA,"BRA.17.98_1"
