"id","date","confirmed","deaths","recovered","tests","vaccines","people_vaccinated","people_fully_vaccinated","hosp","icu","vent","school_closing","workplace_closing","cancel_events","gatherings_restrictions","transport_closing","stay_home_restrictions","internal_movement_restrictions","international_movement_restrictions","information_campaigns","testing_policy","contact_tracing","facial_coverings","vaccination_policy","elderly_people_protection","government_response_index","stringency_index","containment_health_index","economic_support_index","administrative_area_level","administrative_area_level_1","administrative_area_level_2","administrative_area_level_3","latitude","longitude","population","iso_alpha_3","iso_alpha_2","iso_numeric","iso_currency","key_local","key_google_mobility","key_apple_mobility","key_jhu_csse","key_nuts","key_gadm"
"b22220a9",2020-06-27,0,0,NA,NA,NA,NA,NA,NA,NA,NA,3,-2,2,-4,1,1,2,4,2,2,0,-3,0,-2,-64.06,-80.09,-64.29,-62.5,3,"Brazil","Minas Gerais","Tocos do Moji",-22.358205795,-46.1582863371239,4109,"BRA","BR",76,"BRL","3169059",NA,NA,"BRMG3169059",NA,"BRA.13.813_1"
"b22220a9",2020-06-28,0,0,NA,NA,NA,NA,NA,NA,NA,NA,3,-2,2,-4,1,1,2,4,2,2,0,-3,0,-2,-64.06,-80.09,-64.29,-62.5,3,"Brazil","Minas Gerais","Tocos do Moji",-22.358205795,-46.1582863371239,4109,"BRA","BR",76,"BRL","3169059",NA,NA,"BRMG3169059",NA,"BRA.13.813_1"
"b22220a9",2020-06-29,0,0,NA,NA,NA,NA,NA,NA,NA,NA,3,-2,2,-4,1,1,2,4,2,2,0,-3,0,-2,-64.06,-80.09,-64.29,-62.5,3,"Brazil","Minas Gerais","Tocos do Moji",-22.358205795,-46.1582863371239,4109,"BRA","BR",76,"BRL","3169059",NA,NA,"BRMG3169059",NA,"BRA.13.813_1"
"b22220a9",2020-06-30,0,0,NA,NA,NA,NA,NA,NA,NA,NA,3,-2,2,-4,1,1,2,4,2,2,0,-3,0,-2,-64.06,-80.09,-64.29,-62.5,3,"Brazil","Minas Gerais","Tocos do Moji",-22.358205795,-46.1582863371239,4109,"BRA","BR",76,"BRL","3169059",NA,NA,"BRMG3169059",NA,"BRA.13.813_1"
"b22220a9",2020-07-01,0,0,NA,NA,NA,NA,NA,NA,NA,NA,3,-2,2,-4,1,1,2,4,2,2,0,-3,0,-2,-60.94,-80.09,-64.29,-37.5,3,"Brazil","Minas Gerais","Tocos do Moji",-22.358205795,-46.1582863371239,4109,"BRA","BR",76,"BRL","3169059",NA,NA,"BRMG3169059",NA,"BRA.13.813_1"
"b22220a9",2020-07-02,0,0,NA,NA,NA,NA,NA,NA,NA,NA,3,-2,2,-4,1,1,2,4,2,2,0,-3,0,-2,-60.94,-80.09,-64.29,-37.5,3,"Brazil","Minas Gerais","Tocos do Moji",-22.358205795,-46.1582863371239,4109,"BRA","BR",76,"BRL","3169059",NA,NA,"BRMG3169059",NA,"BRA.13.813_1"
"b22220a9",2020-07-03,0,0,NA,NA,NA,NA,NA,NA,NA,NA,3,-2,2,-4,1,1,2,4,2,2,0,4,0,-2,-63.28,-80.09,-66.96,-37.5,3,"Brazil","Minas Gerais","Tocos do Moji",-22.358205795,-46.1582863371239,4109,"BRA","BR",76,"BRL","3169059",NA,NA,"BRMG3169059",NA,"BRA.13.813_1"
"b22220a9",2020-07-04,0,0,NA,NA,NA,NA,NA,NA,NA,NA,3,-2,2,-4,1,1,2,4,2,2,0,4,0,-2,-63.28,-80.09,-66.96,-37.5,3,"Brazil","Minas Gerais","Tocos do Moji",-22.358205795,-46.1582863371239,4109,"BRA","BR",76,"BRL","3169059",NA,NA,"BRMG3169059",NA,"BRA.13.813_1"
"b22220a9",2020-07-05,0,0,NA,NA,NA,NA,NA,NA,NA,NA,3,-2,2,-4,1,1,2,4,2,2,0,4,0,-2,-63.28,-80.09,-66.96,-37.5,3,"Brazil","Minas Gerais","Tocos do Moji",-22.358205795,-46.1582863371239,4109,"BRA","BR",76,"BRL","3169059",NA,NA,"BRMG3169059",NA,"BRA.13.813_1"
"b22220a9",2020-07-06,0,0,NA,NA,NA,NA,NA,NA,NA,NA,3,-2,2,-4,1,1,2,4,2,2,0,-3,0,-2,-60.94,-80.09,-64.29,-37.5,3,"Brazil","Minas Gerais","Tocos do Moji",-22.358205795,-46.1582863371239,4109,"BRA","BR",76,"BRL","3169059",NA,NA,"BRMG3169059",NA,"BRA.13.813_1"
"b22220a9",2020-07-07,0,0,NA,NA,NA,NA,NA,NA,NA,NA,3,-2,2,-4,1,1,2,4,2,2,0,-3,0,-2,-60.94,-80.09,-64.29,-37.5,3,"Brazil","Minas Gerais","Tocos do Moji",-22.358205795,-46.1582863371239,4109,"BRA","BR",76,"BRL","3169059",NA,NA,"BRMG3169059",NA,"BRA.13.813_1"
"b22220a9",2020-07-08,0,0,NA,NA,NA,NA,NA,NA,NA,NA,3,-2,2,-4,1,1,2,4,2,2,0,-3,0,-2,-60.94,-80.09,-64.29,-37.5,3,"Brazil","Minas Gerais","Tocos do Moji",-22.358205795,-46.1582863371239,4109,"BRA","BR",76,"BRL","3169059",NA,NA,"BRMG3169059",NA,"BRA.13.813_1"
"b22220a9",2020-07-09,0,0,NA,NA,NA,NA,NA,NA,NA,NA,3,-2,2,-4,1,1,2,4,2,2,0,-3,0,-2,-60.94,-80.09,-64.29,-37.5,3,"Brazil","Minas Gerais","Tocos do Moji",-22.358205795,-46.1582863371239,4109,"BRA","BR",76,"BRL","3169059",NA,NA,"BRMG3169059",NA,"BRA.13.813_1"
"b22220a9",2020-07-10,0,0,NA,NA,NA,NA,NA,NA,NA,NA,3,-2,2,-4,1,1,2,4,2,2,0,-3,0,-2,-60.94,-80.09,-64.29,-37.5,3,"Brazil","Minas Gerais","Tocos do Moji",-22.358205795,-46.1582863371239,4109,"BRA","BR",76,"BRL","3169059",NA,NA,"BRMG3169059",NA,"BRA.13.813_1"
"b22220a9",2020-07-11,0,0,NA,NA,NA,NA,NA,NA,NA,NA,3,-2,2,-4,1,1,2,4,2,2,0,-3,0,-2,-60.94,-80.09,-64.29,-37.5,3,"Brazil","Minas Gerais","Tocos do Moji",-22.358205795,-46.1582863371239,4109,"BRA","BR",76,"BRL","3169059",NA,NA,"BRMG3169059",NA,"BRA.13.813_1"
"b22220a9",2020-07-12,0,0,NA,NA,NA,NA,NA,NA,NA,NA,3,-2,2,-4,1,1,2,4,2,2,0,-3,0,-2,-60.94,-80.09,-64.29,-37.5,3,"Brazil","Minas Gerais","Tocos do Moji",-22.358205795,-46.1582863371239,4109,"BRA","BR",76,"BRL","3169059",NA,NA,"BRMG3169059",NA,"BRA.13.813_1"
"b22220a9",2020-07-13,0,0,NA,NA,NA,NA,NA,NA,NA,NA,3,-2,2,-4,1,1,2,4,2,2,0,-3,0,-2,-60.94,-80.09,-64.29,-37.5,3,"Brazil","Minas Gerais","Tocos do Moji",-22.358205795,-46.1582863371239,4109,"BRA","BR",76,"BRL","3169059",NA,NA,"BRMG3169059",NA,"BRA.13.813_1"
"b22220a9",2020-07-14,0,0,NA,NA,NA,NA,NA,NA,NA,NA,3,-2,2,-4,1,1,2,4,2,2,0,-3,0,-2,-60.94,-80.09,-64.29,-37.5,3,"Brazil","Minas Gerais","Tocos do Moji",-22.358205795,-46.1582863371239,4109,"BRA","BR",76,"BRL","3169059",NA,NA,"BRMG3169059",NA,"BRA.13.813_1"
"b22220a9",2020-07-15,0,0,NA,NA,NA,NA,NA,NA,NA,NA,3,-2,2,-4,1,1,2,4,2,2,0,-3,0,-2,-60.94,-80.09,-64.29,-37.5,3,"Brazil","Minas Gerais","Tocos do Moji",-22.358205795,-46.1582863371239,4109,"BRA","BR",76,"BRL","3169059",NA,NA,"BRMG3169059",NA,"BRA.13.813_1"
"b22220a9",2020-07-16,0,0,NA,NA,NA,NA,NA,NA,NA,NA,3,-2,2,-4,1,1,2,4,2,2,0,-3,0,-2,-60.94,-80.09,-64.29,-37.5,3,"Brazil","Minas Gerais","Tocos do Moji",-22.358205795,-46.1582863371239,4109,"BRA","BR",76,"BRL","3169059",NA,NA,"BRMG3169059",NA,"BRA.13.813_1"
"b22220a9",2020-07-17,0,0,NA,NA,NA,NA,NA,NA,NA,NA,3,-2,2,-4,1,1,2,4,2,2,0,-3,0,-2,-60.94,-80.09,-64.29,-37.5,3,"Brazil","Minas Gerais","Tocos do Moji",-22.358205795,-46.1582863371239,4109,"BRA","BR",76,"BRL","3169059",NA,NA,"BRMG3169059",NA,"BRA.13.813_1"
"b22220a9",2020-07-18,0,0,NA,NA,NA,NA,NA,NA,NA,NA,3,-2,2,-4,1,1,2,4,2,2,0,-3,0,-2,-60.94,-80.09,-64.29,-37.5,3,"Brazil","Minas Gerais","Tocos do Moji",-22.358205795,-46.1582863371239,4109,"BRA","BR",76,"BRL","3169059",NA,NA,"BRMG3169059",NA,"BRA.13.813_1"
"b22220a9",2020-07-19,0,0,NA,NA,NA,NA,NA,NA,NA,NA,3,-2,2,-4,1,1,2,4,2,2,0,-3,0,-2,-60.94,-80.09,-64.29,-37.5,3,"Brazil","Minas Gerais","Tocos do Moji",-22.358205795,-46.1582863371239,4109,"BRA","BR",76,"BRL","3169059",NA,NA,"BRMG3169059",NA,"BRA.13.813_1"
"b22220a9",2020-07-20,0,0,NA,NA,NA,NA,NA,NA,NA,NA,3,-2,2,-4,1,1,2,4,2,2,0,-3,0,-2,-60.94,-80.09,-64.29,-37.5,3,"Brazil","Minas Gerais","Tocos do Moji",-22.358205795,-46.1582863371239,4109,"BRA","BR",76,"BRL","3169059",NA,NA,"BRMG3169059",NA,"BRA.13.813_1"
"b22220a9",2020-07-21,0,0,NA,NA,NA,NA,NA,NA,NA,NA,3,-2,2,-4,1,1,2,4,2,2,0,-3,0,-2,-60.94,-80.09,-64.29,-37.5,3,"Brazil","Minas Gerais","Tocos do Moji",-22.358205795,-46.1582863371239,4109,"BRA","BR",76,"BRL","3169059",NA,NA,"BRMG3169059",NA,"BRA.13.813_1"
"b22220a9",2020-07-22,1,0,NA,NA,NA,NA,NA,NA,NA,NA,3,-2,2,-4,1,1,2,4,2,2,0,-3,0,-2,-60.94,-80.09,-64.29,-37.5,3,"Brazil","Minas Gerais","Tocos do Moji",-22.358205795,-46.1582863371239,4109,"BRA","BR",76,"BRL","3169059",NA,NA,"BRMG3169059",NA,"BRA.13.813_1"
"b22220a9",2020-07-23,2,0,NA,NA,NA,NA,NA,NA,NA,NA,3,-2,2,-4,1,1,2,4,2,2,0,-3,0,-2,-60.94,-80.09,-64.29,-37.5,3,"Brazil","Minas Gerais","Tocos do Moji",-22.358205795,-46.1582863371239,4109,"BRA","BR",76,"BRL","3169059",NA,NA,"BRMG3169059",NA,"BRA.13.813_1"
"b22220a9",2020-07-24,2,0,NA,NA,NA,NA,NA,NA,NA,NA,3,-2,2,3,1,1,2,4,2,2,0,-3,0,-2,-60.16,-78.7,-63.39,-37.5,3,"Brazil","Minas Gerais","Tocos do Moji",-22.358205795,-46.1582863371239,4109,"BRA","BR",76,"BRL","3169059",NA,NA,"BRMG3169059",NA,"BRA.13.813_1"
"b22220a9",2020-07-25,2,0,NA,NA,NA,NA,NA,NA,NA,NA,3,-2,2,3,1,1,2,4,2,2,0,-3,0,-2,-60.16,-78.7,-63.39,-37.5,3,"Brazil","Minas Gerais","Tocos do Moji",-22.358205795,-46.1582863371239,4109,"BRA","BR",76,"BRL","3169059",NA,NA,"BRMG3169059",NA,"BRA.13.813_1"
"b22220a9",2020-07-26,2,0,NA,NA,NA,NA,NA,NA,NA,NA,3,-2,2,3,1,1,2,4,2,2,0,-3,0,-2,-60.16,-78.7,-63.39,-37.5,3,"Brazil","Minas Gerais","Tocos do Moji",-22.358205795,-46.1582863371239,4109,"BRA","BR",76,"BRL","3169059",NA,NA,"BRMG3169059",NA,"BRA.13.813_1"
"b22220a9",2020-07-27,2,0,NA,NA,NA,NA,NA,NA,NA,NA,3,-2,2,3,1,1,2,4,2,2,0,-3,0,-2,-60.16,-78.7,-63.39,-37.5,3,"Brazil","Minas Gerais","Tocos do Moji",-22.358205795,-46.1582863371239,4109,"BRA","BR",76,"BRL","3169059",NA,NA,"BRMG3169059",NA,"BRA.13.813_1"
"b22220a9",2020-07-28,2,0,NA,NA,NA,NA,NA,NA,NA,NA,3,-2,2,3,1,1,2,4,2,2,0,-3,0,-2,-60.16,-78.7,-63.39,-37.5,3,"Brazil","Minas Gerais","Tocos do Moji",-22.358205795,-46.1582863371239,4109,"BRA","BR",76,"BRL","3169059",NA,NA,"BRMG3169059",NA,"BRA.13.813_1"
"b22220a9",2020-07-29,2,0,NA,NA,NA,NA,NA,NA,NA,NA,3,-2,2,3,1,1,2,1,2,2,0,-3,0,-2,-55.47,-70.37,-58.04,-37.5,3,"Brazil","Minas Gerais","Tocos do Moji",-22.358205795,-46.1582863371239,4109,"BRA","BR",76,"BRL","3169059",NA,NA,"BRMG3169059",NA,"BRA.13.813_1"
"b22220a9",2020-07-30,2,0,NA,NA,NA,NA,NA,NA,NA,NA,3,-2,2,3,1,1,2,1,2,2,0,-3,0,-2,-55.47,-70.37,-58.04,-37.5,3,"Brazil","Minas Gerais","Tocos do Moji",-22.358205795,-46.1582863371239,4109,"BRA","BR",76,"BRL","3169059",NA,NA,"BRMG3169059",NA,"BRA.13.813_1"
"b22220a9",2020-07-31,2,0,NA,NA,NA,NA,NA,NA,NA,NA,3,-2,2,3,1,1,2,1,2,2,0,-3,0,-2,-55.47,-70.37,-58.04,-37.5,3,"Brazil","Minas Gerais","Tocos do Moji",-22.358205795,-46.1582863371239,4109,"BRA","BR",76,"BRL","3169059",NA,NA,"BRMG3169059",NA,"BRA.13.813_1"
"b22220a9",2020-08-01,2,0,NA,NA,NA,NA,NA,NA,NA,NA,3,-2,2,3,1,1,2,1,2,2,0,-3,0,-2,-55.47,-70.37,-58.04,-37.5,3,"Brazil","Minas Gerais","Tocos do Moji",-22.358205795,-46.1582863371239,4109,"BRA","BR",76,"BRL","3169059",NA,NA,"BRMG3169059",NA,"BRA.13.813_1"
"b22220a9",2020-08-02,2,0,NA,NA,NA,NA,NA,NA,NA,NA,3,-2,2,3,1,1,2,1,2,2,0,-3,0,-2,-55.47,-70.37,-58.04,-37.5,3,"Brazil","Minas Gerais","Tocos do Moji",-22.358205795,-46.1582863371239,4109,"BRA","BR",76,"BRL","3169059",NA,NA,"BRMG3169059",NA,"BRA.13.813_1"
"b22220a9",2020-08-03,3,0,NA,NA,NA,NA,NA,NA,NA,NA,3,-2,2,3,1,1,2,1,2,2,0,4,0,-2,-57.81,-70.37,-60.71,-37.5,3,"Brazil","Minas Gerais","Tocos do Moji",-22.358205795,-46.1582863371239,4109,"BRA","BR",76,"BRL","3169059",NA,NA,"BRMG3169059",NA,"BRA.13.813_1"
"b22220a9",2020-08-04,3,0,NA,NA,NA,NA,NA,NA,NA,NA,3,-2,2,3,1,1,2,1,2,2,0,4,0,-2,-57.81,-70.37,-60.71,-37.5,3,"Brazil","Minas Gerais","Tocos do Moji",-22.358205795,-46.1582863371239,4109,"BRA","BR",76,"BRL","3169059",NA,NA,"BRMG3169059",NA,"BRA.13.813_1"
"b22220a9",2020-08-05,3,0,NA,NA,NA,NA,NA,NA,NA,NA,3,-2,2,3,1,1,2,1,2,2,0,4,0,-2,-57.81,-70.37,-60.71,-37.5,3,"Brazil","Minas Gerais","Tocos do Moji",-22.358205795,-46.1582863371239,4109,"BRA","BR",76,"BRL","3169059",NA,NA,"BRMG3169059",NA,"BRA.13.813_1"
"b22220a9",2020-08-06,3,0,NA,NA,NA,NA,NA,NA,NA,NA,3,-2,2,3,1,1,2,1,2,2,0,4,0,-2,-57.81,-70.37,-60.71,-37.5,3,"Brazil","Minas Gerais","Tocos do Moji",-22.358205795,-46.1582863371239,4109,"BRA","BR",76,"BRL","3169059",NA,NA,"BRMG3169059",NA,"BRA.13.813_1"
"b22220a9",2020-08-07,3,0,NA,NA,NA,NA,NA,NA,NA,NA,3,-2,2,3,1,1,2,1,2,2,0,4,0,-2,-57.81,-70.37,-60.71,-37.5,3,"Brazil","Minas Gerais","Tocos do Moji",-22.358205795,-46.1582863371239,4109,"BRA","BR",76,"BRL","3169059",NA,NA,"BRMG3169059",NA,"BRA.13.813_1"
"b22220a9",2020-08-08,3,0,NA,NA,NA,NA,NA,NA,NA,NA,3,-2,2,3,1,1,2,1,2,2,0,4,0,-2,-57.81,-70.37,-60.71,-37.5,3,"Brazil","Minas Gerais","Tocos do Moji",-22.358205795,-46.1582863371239,4109,"BRA","BR",76,"BRL","3169059",NA,NA,"BRMG3169059",NA,"BRA.13.813_1"
"b22220a9",2020-08-09,3,0,NA,NA,NA,NA,NA,NA,NA,NA,3,-2,2,3,1,1,2,1,2,2,0,4,0,-2,-57.81,-70.37,-60.71,-37.5,3,"Brazil","Minas Gerais","Tocos do Moji",-22.358205795,-46.1582863371239,4109,"BRA","BR",76,"BRL","3169059",NA,NA,"BRMG3169059",NA,"BRA.13.813_1"
"b22220a9",2020-08-10,3,0,NA,NA,NA,NA,NA,NA,NA,NA,3,-2,2,3,1,1,2,1,2,2,0,4,0,-2,-57.81,-70.37,-60.71,-37.5,3,"Brazil","Minas Gerais","Tocos do Moji",-22.358205795,-46.1582863371239,4109,"BRA","BR",76,"BRL","3169059",NA,NA,"BRMG3169059",NA,"BRA.13.813_1"
"b22220a9",2020-08-11,3,0,NA,NA,NA,NA,NA,NA,NA,NA,3,-2,2,3,1,1,2,1,2,2,0,4,0,-2,-57.81,-70.37,-60.71,-37.5,3,"Brazil","Minas Gerais","Tocos do Moji",-22.358205795,-46.1582863371239,4109,"BRA","BR",76,"BRL","3169059",NA,NA,"BRMG3169059",NA,"BRA.13.813_1"
"b22220a9",2020-08-12,3,0,NA,NA,NA,NA,NA,NA,NA,NA,3,-2,2,3,1,1,2,1,2,2,0,4,0,-2,-57.81,-70.37,-60.71,-37.5,3,"Brazil","Minas Gerais","Tocos do Moji",-22.358205795,-46.1582863371239,4109,"BRA","BR",76,"BRL","3169059",NA,NA,"BRMG3169059",NA,"BRA.13.813_1"
"b22220a9",2020-08-13,3,0,NA,NA,NA,NA,NA,NA,NA,NA,3,-2,2,3,1,1,2,1,2,2,0,4,0,-2,-57.81,-70.37,-60.71,-37.5,3,"Brazil","Minas Gerais","Tocos do Moji",-22.358205795,-46.1582863371239,4109,"BRA","BR",76,"BRL","3169059",NA,NA,"BRMG3169059",NA,"BRA.13.813_1"
"b22220a9",2020-08-14,3,0,NA,NA,NA,NA,NA,NA,NA,NA,3,-2,2,3,1,1,2,1,2,2,0,4,0,-2,-57.81,-70.37,-60.71,-37.5,3,"Brazil","Minas Gerais","Tocos do Moji",-22.358205795,-46.1582863371239,4109,"BRA","BR",76,"BRL","3169059",NA,NA,"BRMG3169059",NA,"BRA.13.813_1"
"b22220a9",2020-08-15,3,0,NA,NA,NA,NA,NA,NA,NA,NA,3,-2,2,3,1,1,2,1,2,2,0,4,0,-2,-57.81,-70.37,-60.71,-37.5,3,"Brazil","Minas Gerais","Tocos do Moji",-22.358205795,-46.1582863371239,4109,"BRA","BR",76,"BRL","3169059",NA,NA,"BRMG3169059",NA,"BRA.13.813_1"
"b22220a9",2020-08-16,3,0,NA,NA,NA,NA,NA,NA,NA,NA,3,-2,2,3,1,1,2,1,2,2,0,4,0,-2,-57.81,-70.37,-60.71,-37.5,3,"Brazil","Minas Gerais","Tocos do Moji",-22.358205795,-46.1582863371239,4109,"BRA","BR",76,"BRL","3169059",NA,NA,"BRMG3169059",NA,"BRA.13.813_1"
"b22220a9",2020-08-17,3,0,NA,NA,NA,NA,NA,NA,NA,NA,3,-2,2,3,1,1,2,1,2,2,0,4,0,-2,-57.81,-70.37,-60.71,-37.5,3,"Brazil","Minas Gerais","Tocos do Moji",-22.358205795,-46.1582863371239,4109,"BRA","BR",76,"BRL","3169059",NA,NA,"BRMG3169059",NA,"BRA.13.813_1"
"b22220a9",2020-08-18,4,0,NA,NA,NA,NA,NA,NA,NA,NA,3,-2,2,3,1,1,2,1,2,2,0,4,0,-2,-57.81,-70.37,-60.71,-37.5,3,"Brazil","Minas Gerais","Tocos do Moji",-22.358205795,-46.1582863371239,4109,"BRA","BR",76,"BRL","3169059",NA,NA,"BRMG3169059",NA,"BRA.13.813_1"
"b22220a9",2020-08-19,4,0,NA,NA,NA,NA,NA,NA,NA,NA,3,-2,2,3,1,1,2,1,2,2,0,4,0,-2,-57.81,-70.37,-60.71,-37.5,3,"Brazil","Minas Gerais","Tocos do Moji",-22.358205795,-46.1582863371239,4109,"BRA","BR",76,"BRL","3169059",NA,NA,"BRMG3169059",NA,"BRA.13.813_1"
"b22220a9",2020-08-20,4,0,NA,NA,NA,NA,NA,NA,NA,NA,3,-2,2,3,1,1,2,1,2,2,0,4,0,-2,-57.81,-70.37,-60.71,-37.5,3,"Brazil","Minas Gerais","Tocos do Moji",-22.358205795,-46.1582863371239,4109,"BRA","BR",76,"BRL","3169059",NA,NA,"BRMG3169059",NA,"BRA.13.813_1"
"b22220a9",2020-08-21,4,0,NA,NA,NA,NA,NA,NA,NA,NA,3,-2,2,3,1,1,2,1,2,2,0,4,0,-2,-57.81,-70.37,-60.71,-37.5,3,"Brazil","Minas Gerais","Tocos do Moji",-22.358205795,-46.1582863371239,4109,"BRA","BR",76,"BRL","3169059",NA,NA,"BRMG3169059",NA,"BRA.13.813_1"
"b22220a9",2020-08-22,4,0,NA,NA,NA,NA,NA,NA,NA,NA,3,-2,2,3,1,1,2,1,2,2,0,4,0,-2,-57.81,-70.37,-60.71,-37.5,3,"Brazil","Minas Gerais","Tocos do Moji",-22.358205795,-46.1582863371239,4109,"BRA","BR",76,"BRL","3169059",NA,NA,"BRMG3169059",NA,"BRA.13.813_1"
"b22220a9",2020-08-23,4,0,NA,NA,NA,NA,NA,NA,NA,NA,3,-2,2,3,1,1,2,1,2,2,0,4,0,-2,-57.81,-70.37,-60.71,-37.5,3,"Brazil","Minas Gerais","Tocos do Moji",-22.358205795,-46.1582863371239,4109,"BRA","BR",76,"BRL","3169059",NA,NA,"BRMG3169059",NA,"BRA.13.813_1"
"b22220a9",2020-08-24,4,0,NA,NA,NA,NA,NA,NA,NA,NA,3,-2,2,3,1,1,2,1,2,2,0,4,0,-2,-57.81,-70.37,-60.71,-37.5,3,"Brazil","Minas Gerais","Tocos do Moji",-22.358205795,-46.1582863371239,4109,"BRA","BR",76,"BRL","3169059",NA,NA,"BRMG3169059",NA,"BRA.13.813_1"
"b22220a9",2020-08-25,4,0,NA,NA,NA,NA,NA,NA,NA,NA,3,-2,2,3,1,1,2,1,2,2,0,4,0,-2,-57.81,-70.37,-60.71,-37.5,3,"Brazil","Minas Gerais","Tocos do Moji",-22.358205795,-46.1582863371239,4109,"BRA","BR",76,"BRL","3169059",NA,NA,"BRMG3169059",NA,"BRA.13.813_1"
"b22220a9",2020-08-26,4,0,NA,NA,NA,NA,NA,NA,NA,NA,3,-2,2,3,1,1,2,1,2,2,0,4,0,-2,-57.81,-70.37,-60.71,-37.5,3,"Brazil","Minas Gerais","Tocos do Moji",-22.358205795,-46.1582863371239,4109,"BRA","BR",76,"BRL","3169059",NA,NA,"BRMG3169059",NA,"BRA.13.813_1"
"b22220a9",2020-08-27,4,0,NA,NA,NA,NA,NA,NA,NA,NA,3,-2,2,3,1,1,2,1,2,2,0,4,0,-2,-57.81,-70.37,-60.71,-37.5,3,"Brazil","Minas Gerais","Tocos do Moji",-22.358205795,-46.1582863371239,4109,"BRA","BR",76,"BRL","3169059",NA,NA,"BRMG3169059",NA,"BRA.13.813_1"
"b22220a9",2020-08-28,4,0,NA,NA,NA,NA,NA,NA,NA,NA,3,-2,2,3,1,1,2,1,2,2,0,4,0,-2,-57.81,-70.37,-60.71,-37.5,3,"Brazil","Minas Gerais","Tocos do Moji",-22.358205795,-46.1582863371239,4109,"BRA","BR",76,"BRL","3169059",NA,NA,"BRMG3169059",NA,"BRA.13.813_1"
"b22220a9",2020-08-29,4,0,NA,NA,NA,NA,NA,NA,NA,NA,3,-2,2,3,1,1,2,1,2,2,0,4,0,-2,-57.81,-70.37,-60.71,-37.5,3,"Brazil","Minas Gerais","Tocos do Moji",-22.358205795,-46.1582863371239,4109,"BRA","BR",76,"BRL","3169059",NA,NA,"BRMG3169059",NA,"BRA.13.813_1"
"b22220a9",2020-08-30,4,0,NA,NA,NA,NA,NA,NA,NA,NA,3,-2,2,3,1,1,2,1,2,2,0,4,0,-2,-57.81,-70.37,-60.71,-37.5,3,"Brazil","Minas Gerais","Tocos do Moji",-22.358205795,-46.1582863371239,4109,"BRA","BR",76,"BRL","3169059",NA,NA,"BRMG3169059",NA,"BRA.13.813_1"
"b22220a9",2020-08-31,4,0,NA,NA,NA,NA,NA,NA,NA,NA,3,-2,2,3,1,1,2,1,2,2,0,4,0,-2,-57.81,-70.37,-60.71,-37.5,3,"Brazil","Minas Gerais","Tocos do Moji",-22.358205795,-46.1582863371239,4109,"BRA","BR",76,"BRL","3169059",NA,NA,"BRMG3169059",NA,"BRA.13.813_1"
"b22220a9",2020-09-01,4,0,NA,NA,NA,NA,NA,NA,NA,NA,3,-2,2,3,1,1,2,1,2,2,0,4,0,-2,-57.81,-70.37,-60.71,-37.5,3,"Brazil","Minas Gerais","Tocos do Moji",-22.358205795,-46.1582863371239,4109,"BRA","BR",76,"BRL","3169059",NA,NA,"BRMG3169059",NA,"BRA.13.813_1"
"b22220a9",2020-09-02,4,0,NA,NA,NA,NA,NA,NA,NA,NA,3,-2,2,3,1,1,2,1,2,2,0,4,0,-2,-57.81,-70.37,-60.71,-37.5,3,"Brazil","Minas Gerais","Tocos do Moji",-22.358205795,-46.1582863371239,4109,"BRA","BR",76,"BRL","3169059",NA,NA,"BRMG3169059",NA,"BRA.13.813_1"
"b22220a9",2020-09-03,4,0,NA,NA,NA,NA,NA,NA,NA,NA,3,-2,2,3,1,1,2,1,2,2,0,4,0,-2,-57.81,-70.37,-60.71,-37.5,3,"Brazil","Minas Gerais","Tocos do Moji",-22.358205795,-46.1582863371239,4109,"BRA","BR",76,"BRL","3169059",NA,NA,"BRMG3169059",NA,"BRA.13.813_1"
"b22220a9",2020-09-04,4,0,NA,NA,NA,NA,NA,NA,NA,NA,3,-2,2,3,1,1,2,1,2,2,0,4,0,-2,-57.81,-70.37,-60.71,-37.5,3,"Brazil","Minas Gerais","Tocos do Moji",-22.358205795,-46.1582863371239,4109,"BRA","BR",76,"BRL","3169059",NA,NA,"BRMG3169059",NA,"BRA.13.813_1"
"b22220a9",2020-09-05,4,0,NA,NA,NA,NA,NA,NA,NA,NA,3,-2,2,3,1,1,2,1,2,2,0,4,0,-2,-57.81,-70.37,-60.71,-37.5,3,"Brazil","Minas Gerais","Tocos do Moji",-22.358205795,-46.1582863371239,4109,"BRA","BR",76,"BRL","3169059",NA,NA,"BRMG3169059",NA,"BRA.13.813_1"
"b22220a9",2020-09-06,4,0,NA,NA,NA,NA,NA,NA,NA,NA,3,-2,2,3,1,1,2,1,2,2,0,4,0,-2,-57.81,-70.37,-60.71,-37.5,3,"Brazil","Minas Gerais","Tocos do Moji",-22.358205795,-46.1582863371239,4109,"BRA","BR",76,"BRL","3169059",NA,NA,"BRMG3169059",NA,"BRA.13.813_1"
"b22220a9",2020-09-07,4,0,NA,NA,NA,NA,NA,NA,NA,NA,3,-2,2,3,1,1,2,1,2,2,0,4,0,-2,-57.81,-70.37,-60.71,-37.5,3,"Brazil","Minas Gerais","Tocos do Moji",-22.358205795,-46.1582863371239,4109,"BRA","BR",76,"BRL","3169059",NA,NA,"BRMG3169059",NA,"BRA.13.813_1"
"b22220a9",2020-09-08,4,0,NA,NA,NA,NA,NA,NA,NA,NA,3,-2,2,3,1,1,2,1,2,2,0,4,0,-2,-57.81,-70.37,-60.71,-37.5,3,"Brazil","Minas Gerais","Tocos do Moji",-22.358205795,-46.1582863371239,4109,"BRA","BR",76,"BRL","3169059",NA,NA,"BRMG3169059",NA,"BRA.13.813_1"
"b22220a9",2020-09-09,4,0,NA,NA,NA,NA,NA,NA,NA,NA,3,-2,2,3,1,1,2,1,2,2,0,4,0,-2,-57.81,-70.37,-60.71,-37.5,3,"Brazil","Minas Gerais","Tocos do Moji",-22.358205795,-46.1582863371239,4109,"BRA","BR",76,"BRL","3169059",NA,NA,"BRMG3169059",NA,"BRA.13.813_1"
"b22220a9",2020-09-10,4,0,NA,NA,NA,NA,NA,NA,NA,NA,3,-2,2,3,1,1,2,1,2,2,0,4,0,-2,-57.81,-70.37,-60.71,-37.5,3,"Brazil","Minas Gerais","Tocos do Moji",-22.358205795,-46.1582863371239,4109,"BRA","BR",76,"BRL","3169059",NA,NA,"BRMG3169059",NA,"BRA.13.813_1"
"b22220a9",2020-09-11,4,0,NA,NA,NA,NA,NA,NA,NA,NA,3,-2,2,3,1,1,2,1,2,2,0,4,0,-2,-57.81,-70.37,-60.71,-37.5,3,"Brazil","Minas Gerais","Tocos do Moji",-22.358205795,-46.1582863371239,4109,"BRA","BR",76,"BRL","3169059",NA,NA,"BRMG3169059",NA,"BRA.13.813_1"
"b22220a9",2020-09-12,4,0,NA,NA,NA,NA,NA,NA,NA,NA,3,-2,2,3,1,1,2,1,2,2,0,4,0,-2,-57.81,-70.37,-60.71,-37.5,3,"Brazil","Minas Gerais","Tocos do Moji",-22.358205795,-46.1582863371239,4109,"BRA","BR",76,"BRL","3169059",NA,NA,"BRMG3169059",NA,"BRA.13.813_1"
"b22220a9",2020-09-13,4,0,NA,NA,NA,NA,NA,NA,NA,NA,3,-2,2,3,1,1,2,1,2,2,0,4,0,-2,-57.81,-70.37,-60.71,-37.5,3,"Brazil","Minas Gerais","Tocos do Moji",-22.358205795,-46.1582863371239,4109,"BRA","BR",76,"BRL","3169059",NA,NA,"BRMG3169059",NA,"BRA.13.813_1"
"b22220a9",2020-09-14,4,0,NA,NA,NA,NA,NA,NA,NA,NA,3,-2,2,3,1,1,2,1,2,2,0,4,0,-2,-57.81,-70.37,-60.71,-37.5,3,"Brazil","Minas Gerais","Tocos do Moji",-22.358205795,-46.1582863371239,4109,"BRA","BR",76,"BRL","3169059",NA,NA,"BRMG3169059",NA,"BRA.13.813_1"
"b22220a9",2020-09-15,4,0,NA,NA,NA,NA,NA,NA,NA,NA,3,-2,2,3,1,1,2,1,2,2,0,4,0,-2,-57.81,-70.37,-60.71,-37.5,3,"Brazil","Minas Gerais","Tocos do Moji",-22.358205795,-46.1582863371239,4109,"BRA","BR",76,"BRL","3169059",NA,NA,"BRMG3169059",NA,"BRA.13.813_1"
"b22220a9",2020-09-16,4,0,NA,NA,NA,NA,NA,NA,NA,NA,3,-2,2,3,1,1,2,1,2,2,0,4,0,-2,-57.81,-70.37,-60.71,-37.5,3,"Brazil","Minas Gerais","Tocos do Moji",-22.358205795,-46.1582863371239,4109,"BRA","BR",76,"BRL","3169059",NA,NA,"BRMG3169059",NA,"BRA.13.813_1"
"b22220a9",2020-09-17,4,0,NA,NA,NA,NA,NA,NA,NA,NA,3,-2,2,3,1,1,2,1,2,2,0,4,0,-2,-57.81,-70.37,-60.71,-37.5,3,"Brazil","Minas Gerais","Tocos do Moji",-22.358205795,-46.1582863371239,4109,"BRA","BR",76,"BRL","3169059",NA,NA,"BRMG3169059",NA,"BRA.13.813_1"
"b22220a9",2020-09-18,4,0,NA,NA,NA,NA,NA,NA,NA,NA,3,-2,2,3,1,1,2,1,2,2,0,4,0,-2,-57.81,-70.37,-60.71,-37.5,3,"Brazil","Minas Gerais","Tocos do Moji",-22.358205795,-46.1582863371239,4109,"BRA","BR",76,"BRL","3169059",NA,NA,"BRMG3169059",NA,"BRA.13.813_1"
"b22220a9",2020-09-19,4,0,NA,NA,NA,NA,NA,NA,NA,NA,3,-2,2,3,1,1,2,1,2,2,0,4,0,-2,-57.81,-70.37,-60.71,-37.5,3,"Brazil","Minas Gerais","Tocos do Moji",-22.358205795,-46.1582863371239,4109,"BRA","BR",76,"BRL","3169059",NA,NA,"BRMG3169059",NA,"BRA.13.813_1"
"b22220a9",2020-09-20,4,0,NA,NA,NA,NA,NA,NA,NA,NA,3,-2,2,3,1,1,2,1,2,2,0,4,0,-2,-57.81,-70.37,-60.71,-37.5,3,"Brazil","Minas Gerais","Tocos do Moji",-22.358205795,-46.1582863371239,4109,"BRA","BR",76,"BRL","3169059",NA,NA,"BRMG3169059",NA,"BRA.13.813_1"
"b22220a9",2020-09-21,4,0,NA,NA,NA,NA,NA,NA,NA,NA,3,-2,2,3,1,1,2,1,2,2,0,4,0,-2,-57.81,-70.37,-60.71,-37.5,3,"Brazil","Minas Gerais","Tocos do Moji",-22.358205795,-46.1582863371239,4109,"BRA","BR",76,"BRL","3169059",NA,NA,"BRMG3169059",NA,"BRA.13.813_1"
"b22220a9",2020-09-22,4,0,NA,NA,NA,NA,NA,NA,NA,NA,3,-2,2,3,1,1,2,1,2,2,0,4,0,-2,-57.81,-70.37,-60.71,-37.5,3,"Brazil","Minas Gerais","Tocos do Moji",-22.358205795,-46.1582863371239,4109,"BRA","BR",76,"BRL","3169059",NA,NA,"BRMG3169059",NA,"BRA.13.813_1"
"b22220a9",2020-09-23,4,0,NA,NA,NA,NA,NA,NA,NA,NA,3,-2,2,3,1,1,2,1,2,2,0,4,0,-2,-57.81,-70.37,-60.71,-37.5,3,"Brazil","Minas Gerais","Tocos do Moji",-22.358205795,-46.1582863371239,4109,"BRA","BR",76,"BRL","3169059",NA,NA,"BRMG3169059",NA,"BRA.13.813_1"
"b22220a9",2020-09-24,4,0,NA,NA,NA,NA,NA,NA,NA,NA,3,-2,2,3,1,1,2,1,2,2,0,4,0,-2,-57.81,-70.37,-60.71,-37.5,3,"Brazil","Minas Gerais","Tocos do Moji",-22.358205795,-46.1582863371239,4109,"BRA","BR",76,"BRL","3169059",NA,NA,"BRMG3169059",NA,"BRA.13.813_1"
"b22220a9",2020-09-25,5,0,NA,NA,NA,NA,NA,NA,NA,NA,3,-2,2,3,1,1,2,1,2,2,0,4,0,-2,-57.81,-70.37,-60.71,-37.5,3,"Brazil","Minas Gerais","Tocos do Moji",-22.358205795,-46.1582863371239,4109,"BRA","BR",76,"BRL","3169059",NA,NA,"BRMG3169059",NA,"BRA.13.813_1"
"b22220a9",2020-09-26,5,0,NA,NA,NA,NA,NA,NA,NA,NA,3,-2,2,3,1,1,2,1,2,2,0,4,0,-2,-57.81,-70.37,-60.71,-37.5,3,"Brazil","Minas Gerais","Tocos do Moji",-22.358205795,-46.1582863371239,4109,"BRA","BR",76,"BRL","3169059",NA,NA,"BRMG3169059",NA,"BRA.13.813_1"
"b22220a9",2020-09-27,5,0,NA,NA,NA,NA,NA,NA,NA,NA,3,-2,2,3,1,1,2,1,2,2,0,4,0,-2,-57.81,-70.37,-60.71,-37.5,3,"Brazil","Minas Gerais","Tocos do Moji",-22.358205795,-46.1582863371239,4109,"BRA","BR",76,"BRL","3169059",NA,NA,"BRMG3169059",NA,"BRA.13.813_1"
"b22220a9",2020-09-28,6,0,NA,NA,NA,NA,NA,NA,NA,NA,3,-2,2,3,1,1,2,1,2,2,0,4,0,-2,-57.81,-70.37,-60.71,-37.5,3,"Brazil","Minas Gerais","Tocos do Moji",-22.358205795,-46.1582863371239,4109,"BRA","BR",76,"BRL","3169059",NA,NA,"BRMG3169059",NA,"BRA.13.813_1"
"b22220a9",2020-09-29,7,0,NA,NA,NA,NA,NA,NA,NA,NA,3,-2,2,3,1,1,2,1,2,2,0,4,0,-2,-57.81,-70.37,-60.71,-37.5,3,"Brazil","Minas Gerais","Tocos do Moji",-22.358205795,-46.1582863371239,4109,"BRA","BR",76,"BRL","3169059",NA,NA,"BRMG3169059",NA,"BRA.13.813_1"
"b22220a9",2020-09-30,7,0,NA,NA,NA,NA,NA,NA,NA,NA,3,-2,2,3,1,1,2,1,2,2,0,4,0,-2,-57.81,-70.37,-60.71,-37.5,3,"Brazil","Minas Gerais","Tocos do Moji",-22.358205795,-46.1582863371239,4109,"BRA","BR",76,"BRL","3169059",NA,NA,"BRMG3169059",NA,"BRA.13.813_1"
"b22220a9",2020-10-01,7,0,NA,NA,NA,NA,NA,NA,NA,NA,3,-2,2,3,1,1,2,1,2,2,0,4,0,-2,-57.81,-70.37,-60.71,-37.5,3,"Brazil","Minas Gerais","Tocos do Moji",-22.358205795,-46.1582863371239,4109,"BRA","BR",76,"BRL","3169059",NA,NA,"BRMG3169059",NA,"BRA.13.813_1"
"b22220a9",2020-10-02,8,0,NA,NA,NA,NA,NA,NA,NA,NA,3,-2,2,3,1,1,2,4,2,2,0,4,0,-2,-62.5,-78.7,-66.07,-37.5,3,"Brazil","Minas Gerais","Tocos do Moji",-22.358205795,-46.1582863371239,4109,"BRA","BR",76,"BRL","3169059",NA,NA,"BRMG3169059",NA,"BRA.13.813_1"
"b22220a9",2020-10-03,8,0,NA,NA,NA,NA,NA,NA,NA,NA,3,-2,2,3,1,1,2,4,2,2,0,4,0,-2,-62.5,-78.7,-66.07,-37.5,3,"Brazil","Minas Gerais","Tocos do Moji",-22.358205795,-46.1582863371239,4109,"BRA","BR",76,"BRL","3169059",NA,NA,"BRMG3169059",NA,"BRA.13.813_1"
"b22220a9",2020-10-04,8,0,NA,NA,NA,NA,NA,NA,NA,NA,3,-2,2,3,1,1,2,4,2,2,0,4,0,-2,-62.5,-78.7,-66.07,-37.5,3,"Brazil","Minas Gerais","Tocos do Moji",-22.358205795,-46.1582863371239,4109,"BRA","BR",76,"BRL","3169059",NA,NA,"BRMG3169059",NA,"BRA.13.813_1"
"b22220a9",2020-10-05,8,0,NA,NA,NA,NA,NA,NA,NA,NA,3,-2,2,3,1,1,2,4,2,2,0,4,0,-2,-62.5,-78.7,-66.07,-37.5,3,"Brazil","Minas Gerais","Tocos do Moji",-22.358205795,-46.1582863371239,4109,"BRA","BR",76,"BRL","3169059",NA,NA,"BRMG3169059",NA,"BRA.13.813_1"
"b22220a9",2020-10-06,8,0,NA,NA,NA,NA,NA,NA,NA,NA,3,-2,2,3,1,1,2,4,2,2,0,4,0,-2,-62.5,-78.7,-66.07,-37.5,3,"Brazil","Minas Gerais","Tocos do Moji",-22.358205795,-46.1582863371239,4109,"BRA","BR",76,"BRL","3169059",NA,NA,"BRMG3169059",NA,"BRA.13.813_1"
"b22220a9",2020-10-07,9,0,NA,NA,NA,NA,NA,NA,NA,NA,3,-2,-2,-2,1,1,2,4,2,2,0,4,0,-2,-58.59,-71.76,-61.61,-37.5,3,"Brazil","Minas Gerais","Tocos do Moji",-22.358205795,-46.1582863371239,4109,"BRA","BR",76,"BRL","3169059",NA,NA,"BRMG3169059",NA,"BRA.13.813_1"
"b22220a9",2020-10-08,9,0,NA,NA,NA,NA,NA,NA,NA,NA,3,-2,-2,-2,1,1,2,4,2,2,0,4,0,-2,-58.59,-71.76,-61.61,-37.5,3,"Brazil","Minas Gerais","Tocos do Moji",-22.358205795,-46.1582863371239,4109,"BRA","BR",76,"BRL","3169059",NA,NA,"BRMG3169059",NA,"BRA.13.813_1"
"b22220a9",2020-10-09,12,0,NA,NA,NA,NA,NA,NA,NA,NA,3,-2,-2,-2,1,1,2,4,2,2,0,4,0,-2,-58.59,-71.76,-61.61,-37.5,3,"Brazil","Minas Gerais","Tocos do Moji",-22.358205795,-46.1582863371239,4109,"BRA","BR",76,"BRL","3169059",NA,NA,"BRMG3169059",NA,"BRA.13.813_1"
"b22220a9",2020-10-10,12,0,NA,NA,NA,NA,NA,NA,NA,NA,3,-2,-2,-2,1,1,2,4,2,2,0,4,0,-2,-58.59,-71.76,-61.61,-37.5,3,"Brazil","Minas Gerais","Tocos do Moji",-22.358205795,-46.1582863371239,4109,"BRA","BR",76,"BRL","3169059",NA,NA,"BRMG3169059",NA,"BRA.13.813_1"
"b22220a9",2020-10-11,12,0,NA,NA,NA,NA,NA,NA,NA,NA,3,-2,-2,-2,1,1,2,4,2,2,0,4,0,-2,-58.59,-71.76,-61.61,-37.5,3,"Brazil","Minas Gerais","Tocos do Moji",-22.358205795,-46.1582863371239,4109,"BRA","BR",76,"BRL","3169059",NA,NA,"BRMG3169059",NA,"BRA.13.813_1"
"b22220a9",2020-10-12,16,0,NA,NA,NA,NA,NA,NA,NA,NA,3,-2,-2,-2,1,1,2,4,2,2,0,4,0,-2,-58.59,-71.76,-61.61,-37.5,3,"Brazil","Minas Gerais","Tocos do Moji",-22.358205795,-46.1582863371239,4109,"BRA","BR",76,"BRL","3169059",NA,NA,"BRMG3169059",NA,"BRA.13.813_1"
"b22220a9",2020-10-13,16,0,NA,NA,NA,NA,NA,NA,NA,NA,3,-2,-2,-2,1,1,2,4,2,2,0,4,0,-2,-58.59,-71.76,-61.61,-37.5,3,"Brazil","Minas Gerais","Tocos do Moji",-22.358205795,-46.1582863371239,4109,"BRA","BR",76,"BRL","3169059",NA,NA,"BRMG3169059",NA,"BRA.13.813_1"
"b22220a9",2020-10-14,16,0,NA,NA,NA,NA,NA,NA,NA,NA,3,-2,-2,-2,1,1,2,4,2,2,0,4,0,-2,-58.59,-71.76,-61.61,-37.5,3,"Brazil","Minas Gerais","Tocos do Moji",-22.358205795,-46.1582863371239,4109,"BRA","BR",76,"BRL","3169059",NA,NA,"BRMG3169059",NA,"BRA.13.813_1"
"b22220a9",2020-10-15,16,0,NA,NA,NA,NA,NA,NA,NA,NA,3,-2,-2,-2,1,1,2,3,2,2,0,4,0,-2,-57.03,-68.98,-59.82,-37.5,3,"Brazil","Minas Gerais","Tocos do Moji",-22.358205795,-46.1582863371239,4109,"BRA","BR",76,"BRL","3169059",NA,NA,"BRMG3169059",NA,"BRA.13.813_1"
"b22220a9",2020-10-16,16,0,NA,NA,NA,NA,NA,NA,NA,NA,3,-2,-2,-2,1,1,2,3,2,2,0,4,0,-2,-57.03,-68.98,-59.82,-37.5,3,"Brazil","Minas Gerais","Tocos do Moji",-22.358205795,-46.1582863371239,4109,"BRA","BR",76,"BRL","3169059",NA,NA,"BRMG3169059",NA,"BRA.13.813_1"
"b22220a9",2020-10-17,16,0,NA,NA,NA,NA,NA,NA,NA,NA,3,-2,-2,-2,1,1,2,3,2,2,0,4,0,-2,-57.03,-68.98,-59.82,-37.5,3,"Brazil","Minas Gerais","Tocos do Moji",-22.358205795,-46.1582863371239,4109,"BRA","BR",76,"BRL","3169059",NA,NA,"BRMG3169059",NA,"BRA.13.813_1"
"b22220a9",2020-10-18,16,0,NA,NA,NA,NA,NA,NA,NA,NA,3,-2,-2,-2,1,1,2,3,2,2,0,4,0,-2,-57.03,-68.98,-59.82,-37.5,3,"Brazil","Minas Gerais","Tocos do Moji",-22.358205795,-46.1582863371239,4109,"BRA","BR",76,"BRL","3169059",NA,NA,"BRMG3169059",NA,"BRA.13.813_1"
"b22220a9",2020-10-19,16,0,NA,NA,NA,NA,NA,NA,NA,NA,3,-2,-2,-2,1,1,2,3,2,2,0,4,0,-2,-57.03,-68.98,-59.82,-37.5,3,"Brazil","Minas Gerais","Tocos do Moji",-22.358205795,-46.1582863371239,4109,"BRA","BR",76,"BRL","3169059",NA,NA,"BRMG3169059",NA,"BRA.13.813_1"
"b22220a9",2020-10-20,16,0,NA,NA,NA,NA,NA,NA,NA,NA,3,-2,-2,-2,1,1,2,3,2,2,0,4,0,-2,-57.03,-68.98,-59.82,-37.5,3,"Brazil","Minas Gerais","Tocos do Moji",-22.358205795,-46.1582863371239,4109,"BRA","BR",76,"BRL","3169059",NA,NA,"BRMG3169059",NA,"BRA.13.813_1"
"b22220a9",2020-10-21,17,0,NA,NA,NA,NA,NA,NA,NA,NA,3,-2,-2,-2,1,1,2,3,2,2,0,4,0,-2,-57.03,-68.98,-59.82,-37.5,3,"Brazil","Minas Gerais","Tocos do Moji",-22.358205795,-46.1582863371239,4109,"BRA","BR",76,"BRL","3169059",NA,NA,"BRMG3169059",NA,"BRA.13.813_1"
"b22220a9",2020-10-22,17,0,NA,NA,NA,NA,NA,NA,NA,NA,3,-2,-2,-2,1,1,2,3,2,2,0,4,0,-2,-57.03,-68.98,-59.82,-37.5,3,"Brazil","Minas Gerais","Tocos do Moji",-22.358205795,-46.1582863371239,4109,"BRA","BR",76,"BRL","3169059",NA,NA,"BRMG3169059",NA,"BRA.13.813_1"
"b22220a9",2020-10-23,17,0,NA,NA,NA,NA,NA,NA,NA,NA,3,-2,-2,-2,1,1,2,3,2,2,0,4,0,-2,-57.03,-68.98,-59.82,-37.5,3,"Brazil","Minas Gerais","Tocos do Moji",-22.358205795,-46.1582863371239,4109,"BRA","BR",76,"BRL","3169059",NA,NA,"BRMG3169059",NA,"BRA.13.813_1"
"b22220a9",2020-10-24,17,0,NA,NA,NA,NA,NA,NA,NA,NA,3,-2,-2,-2,1,1,2,3,2,2,0,4,0,-2,-57.03,-68.98,-59.82,-37.5,3,"Brazil","Minas Gerais","Tocos do Moji",-22.358205795,-46.1582863371239,4109,"BRA","BR",76,"BRL","3169059",NA,NA,"BRMG3169059",NA,"BRA.13.813_1"
"b22220a9",2020-10-25,17,0,NA,NA,NA,NA,NA,NA,NA,NA,3,-2,-2,-2,1,1,2,3,2,2,0,4,0,-2,-57.03,-68.98,-59.82,-37.5,3,"Brazil","Minas Gerais","Tocos do Moji",-22.358205795,-46.1582863371239,4109,"BRA","BR",76,"BRL","3169059",NA,NA,"BRMG3169059",NA,"BRA.13.813_1"
"b22220a9",2020-10-26,17,0,NA,NA,NA,NA,NA,NA,NA,NA,3,-2,-2,-2,1,1,2,3,2,2,0,4,0,-2,-57.03,-68.98,-59.82,-37.5,3,"Brazil","Minas Gerais","Tocos do Moji",-22.358205795,-46.1582863371239,4109,"BRA","BR",76,"BRL","3169059",NA,NA,"BRMG3169059",NA,"BRA.13.813_1"
"b22220a9",2020-10-27,17,0,NA,NA,NA,NA,NA,NA,NA,NA,3,-2,-2,-2,1,1,2,3,2,2,0,4,0,-2,-57.03,-68.98,-59.82,-37.5,3,"Brazil","Minas Gerais","Tocos do Moji",-22.358205795,-46.1582863371239,4109,"BRA","BR",76,"BRL","3169059",NA,NA,"BRMG3169059",NA,"BRA.13.813_1"
"b22220a9",2020-10-28,17,0,NA,NA,NA,NA,NA,NA,NA,NA,3,-2,-2,-2,1,1,2,3,2,2,0,4,0,-2,-57.03,-68.98,-59.82,-37.5,3,"Brazil","Minas Gerais","Tocos do Moji",-22.358205795,-46.1582863371239,4109,"BRA","BR",76,"BRL","3169059",NA,NA,"BRMG3169059",NA,"BRA.13.813_1"
"b22220a9",2020-10-29,17,0,NA,NA,NA,NA,NA,NA,NA,NA,3,-2,-2,-2,1,1,2,3,2,2,0,4,0,-2,-57.03,-68.98,-59.82,-37.5,3,"Brazil","Minas Gerais","Tocos do Moji",-22.358205795,-46.1582863371239,4109,"BRA","BR",76,"BRL","3169059",NA,NA,"BRMG3169059",NA,"BRA.13.813_1"
"b22220a9",2020-10-30,17,0,NA,NA,NA,NA,NA,NA,NA,NA,3,-2,-2,-2,1,1,2,3,2,2,1,4,0,-2,-60.16,-68.98,-63.39,-37.5,3,"Brazil","Minas Gerais","Tocos do Moji",-22.358205795,-46.1582863371239,4109,"BRA","BR",76,"BRL","3169059",NA,NA,"BRMG3169059",NA,"BRA.13.813_1"
"b22220a9",2020-10-31,17,0,NA,NA,NA,NA,NA,NA,NA,NA,3,-2,-2,-2,1,1,2,3,2,2,1,4,0,-2,-57.03,-68.98,-63.39,-12.5,3,"Brazil","Minas Gerais","Tocos do Moji",-22.358205795,-46.1582863371239,4109,"BRA","BR",76,"BRL","3169059",NA,NA,"BRMG3169059",NA,"BRA.13.813_1"
"b22220a9",2020-11-01,17,0,NA,NA,NA,NA,NA,NA,NA,NA,3,-2,-2,-2,1,1,2,3,2,2,1,4,0,-2,-57.03,-68.98,-63.39,-12.5,3,"Brazil","Minas Gerais","Tocos do Moji",-22.358205795,-46.1582863371239,4109,"BRA","BR",76,"BRL","3169059",NA,NA,"BRMG3169059",NA,"BRA.13.813_1"
"b22220a9",2020-11-02,17,0,NA,NA,NA,NA,NA,NA,NA,NA,3,-2,-2,-2,1,1,2,3,2,2,1,4,0,-2,-57.03,-68.98,-63.39,-12.5,3,"Brazil","Minas Gerais","Tocos do Moji",-22.358205795,-46.1582863371239,4109,"BRA","BR",76,"BRL","3169059",NA,NA,"BRMG3169059",NA,"BRA.13.813_1"
"b22220a9",2020-11-03,17,0,NA,NA,NA,NA,NA,NA,NA,NA,3,-2,-2,-2,1,1,2,3,2,2,1,4,0,-2,-57.03,-68.98,-63.39,-12.5,3,"Brazil","Minas Gerais","Tocos do Moji",-22.358205795,-46.1582863371239,4109,"BRA","BR",76,"BRL","3169059",NA,NA,"BRMG3169059",NA,"BRA.13.813_1"
"b22220a9",2020-11-04,17,0,NA,NA,NA,NA,NA,NA,NA,NA,3,-2,-2,-2,1,1,2,3,2,2,1,4,0,-2,-57.03,-68.98,-63.39,-12.5,3,"Brazil","Minas Gerais","Tocos do Moji",-22.358205795,-46.1582863371239,4109,"BRA","BR",76,"BRL","3169059",NA,NA,"BRMG3169059",NA,"BRA.13.813_1"
"b22220a9",2020-11-05,17,0,NA,NA,NA,NA,NA,NA,NA,NA,3,-2,-2,-2,1,1,2,3,2,2,1,4,0,-2,-57.03,-68.98,-63.39,-12.5,3,"Brazil","Minas Gerais","Tocos do Moji",-22.358205795,-46.1582863371239,4109,"BRA","BR",76,"BRL","3169059",NA,NA,"BRMG3169059",NA,"BRA.13.813_1"
"b22220a9",2020-11-06,18,0,NA,NA,NA,NA,NA,NA,NA,NA,3,-2,-2,-2,1,1,2,3,2,2,1,4,0,-2,-57.03,-68.98,-63.39,-12.5,3,"Brazil","Minas Gerais","Tocos do Moji",-22.358205795,-46.1582863371239,4109,"BRA","BR",76,"BRL","3169059",NA,NA,"BRMG3169059",NA,"BRA.13.813_1"
"b22220a9",2020-11-07,18,0,NA,NA,NA,NA,NA,NA,NA,NA,3,-2,-2,-2,1,1,2,3,2,2,1,4,0,-2,-57.03,-68.98,-63.39,-12.5,3,"Brazil","Minas Gerais","Tocos do Moji",-22.358205795,-46.1582863371239,4109,"BRA","BR",76,"BRL","3169059",NA,NA,"BRMG3169059",NA,"BRA.13.813_1"
"b22220a9",2020-11-08,18,0,NA,NA,NA,NA,NA,NA,NA,NA,3,-2,-2,-2,1,1,2,3,2,2,1,4,0,-2,-57.03,-68.98,-63.39,-12.5,3,"Brazil","Minas Gerais","Tocos do Moji",-22.358205795,-46.1582863371239,4109,"BRA","BR",76,"BRL","3169059",NA,NA,"BRMG3169059",NA,"BRA.13.813_1"
"b22220a9",2020-11-09,18,0,NA,NA,NA,NA,NA,NA,NA,NA,3,-2,-2,-2,1,1,2,3,2,2,1,4,0,-2,-57.03,-68.98,-63.39,-12.5,3,"Brazil","Minas Gerais","Tocos do Moji",-22.358205795,-46.1582863371239,4109,"BRA","BR",76,"BRL","3169059",NA,NA,"BRMG3169059",NA,"BRA.13.813_1"
"b22220a9",2020-11-10,18,0,NA,NA,NA,NA,NA,NA,NA,NA,3,-2,-2,-2,1,1,2,3,2,2,1,4,0,-2,-57.03,-68.98,-63.39,-12.5,3,"Brazil","Minas Gerais","Tocos do Moji",-22.358205795,-46.1582863371239,4109,"BRA","BR",76,"BRL","3169059",NA,NA,"BRMG3169059",NA,"BRA.13.813_1"
"b22220a9",2020-11-11,18,0,NA,NA,NA,NA,NA,NA,NA,NA,3,-2,-2,-2,1,1,2,3,2,2,1,4,0,-2,-57.03,-68.98,-63.39,-12.5,3,"Brazil","Minas Gerais","Tocos do Moji",-22.358205795,-46.1582863371239,4109,"BRA","BR",76,"BRL","3169059",NA,NA,"BRMG3169059",NA,"BRA.13.813_1"
"b22220a9",2020-11-12,19,0,NA,NA,NA,NA,NA,NA,NA,NA,3,-2,-2,-2,1,1,2,4,2,2,1,4,0,-2,-58.59,-71.76,-65.18,-12.5,3,"Brazil","Minas Gerais","Tocos do Moji",-22.358205795,-46.1582863371239,4109,"BRA","BR",76,"BRL","3169059",NA,NA,"BRMG3169059",NA,"BRA.13.813_1"
"b22220a9",2020-11-13,19,1,NA,NA,NA,NA,NA,NA,NA,NA,3,-2,-2,-2,1,1,2,4,2,2,1,4,0,-2,-58.59,-71.76,-65.18,-12.5,3,"Brazil","Minas Gerais","Tocos do Moji",-22.358205795,-46.1582863371239,4109,"BRA","BR",76,"BRL","3169059",NA,NA,"BRMG3169059",NA,"BRA.13.813_1"
"b22220a9",2020-11-14,19,1,NA,NA,NA,NA,NA,NA,NA,NA,3,-2,-2,-2,1,1,2,4,2,2,1,4,0,-2,-58.59,-71.76,-65.18,-12.5,3,"Brazil","Minas Gerais","Tocos do Moji",-22.358205795,-46.1582863371239,4109,"BRA","BR",76,"BRL","3169059",NA,NA,"BRMG3169059",NA,"BRA.13.813_1"
"b22220a9",2020-11-15,19,1,NA,NA,NA,NA,NA,NA,NA,NA,3,-2,-2,-2,1,1,2,4,2,2,1,4,0,-2,-58.59,-71.76,-65.18,-12.5,3,"Brazil","Minas Gerais","Tocos do Moji",-22.358205795,-46.1582863371239,4109,"BRA","BR",76,"BRL","3169059",NA,NA,"BRMG3169059",NA,"BRA.13.813_1"
"b22220a9",2020-11-16,20,1,NA,NA,NA,NA,NA,NA,NA,NA,3,-2,-2,-2,1,1,2,4,2,2,1,4,0,-2,-58.59,-71.76,-65.18,-12.5,3,"Brazil","Minas Gerais","Tocos do Moji",-22.358205795,-46.1582863371239,4109,"BRA","BR",76,"BRL","3169059",NA,NA,"BRMG3169059",NA,"BRA.13.813_1"
"b22220a9",2020-11-17,20,1,NA,NA,NA,NA,NA,NA,NA,NA,3,-2,-2,-2,1,1,2,4,2,2,1,4,0,-2,-58.59,-71.76,-65.18,-12.5,3,"Brazil","Minas Gerais","Tocos do Moji",-22.358205795,-46.1582863371239,4109,"BRA","BR",76,"BRL","3169059",NA,NA,"BRMG3169059",NA,"BRA.13.813_1"
"b22220a9",2020-11-18,20,1,NA,NA,NA,NA,NA,NA,NA,NA,3,-2,-2,-2,1,1,2,4,2,2,1,4,0,-2,-58.59,-71.76,-65.18,-12.5,3,"Brazil","Minas Gerais","Tocos do Moji",-22.358205795,-46.1582863371239,4109,"BRA","BR",76,"BRL","3169059",NA,NA,"BRMG3169059",NA,"BRA.13.813_1"
"b22220a9",2020-11-19,20,1,NA,NA,NA,NA,NA,NA,NA,NA,3,-2,-2,-2,1,1,2,4,2,2,1,4,0,-2,-58.59,-71.76,-65.18,-12.5,3,"Brazil","Minas Gerais","Tocos do Moji",-22.358205795,-46.1582863371239,4109,"BRA","BR",76,"BRL","3169059",NA,NA,"BRMG3169059",NA,"BRA.13.813_1"
"b22220a9",2020-11-20,21,1,NA,NA,NA,NA,NA,NA,NA,NA,3,-2,-2,-2,1,1,2,4,2,2,1,4,0,-2,-58.59,-71.76,-65.18,-12.5,3,"Brazil","Minas Gerais","Tocos do Moji",-22.358205795,-46.1582863371239,4109,"BRA","BR",76,"BRL","3169059",NA,NA,"BRMG3169059",NA,"BRA.13.813_1"
"b22220a9",2020-11-21,21,1,NA,NA,NA,NA,NA,NA,NA,NA,3,-3,-2,-2,1,1,2,4,2,2,1,4,0,-2,-60.68,-75.46,-67.56,-12.5,3,"Brazil","Minas Gerais","Tocos do Moji",-22.358205795,-46.1582863371239,4109,"BRA","BR",76,"BRL","3169059",NA,NA,"BRMG3169059",NA,"BRA.13.813_1"
"b22220a9",2020-11-22,21,1,NA,NA,NA,NA,NA,NA,NA,NA,3,-3,-2,-2,1,1,2,4,2,2,1,4,0,-2,-60.68,-75.46,-67.56,-12.5,3,"Brazil","Minas Gerais","Tocos do Moji",-22.358205795,-46.1582863371239,4109,"BRA","BR",76,"BRL","3169059",NA,NA,"BRMG3169059",NA,"BRA.13.813_1"
"b22220a9",2020-11-23,22,1,NA,NA,NA,NA,NA,NA,NA,NA,3,-3,-2,-2,1,1,2,4,2,2,1,4,0,-2,-60.68,-75.46,-67.56,-12.5,3,"Brazil","Minas Gerais","Tocos do Moji",-22.358205795,-46.1582863371239,4109,"BRA","BR",76,"BRL","3169059",NA,NA,"BRMG3169059",NA,"BRA.13.813_1"
"b22220a9",2020-11-24,22,1,NA,NA,NA,NA,NA,NA,NA,NA,3,-3,-2,-3,1,1,2,4,2,2,1,4,0,-2,-62.24,-78.24,-69.35,-12.5,3,"Brazil","Minas Gerais","Tocos do Moji",-22.358205795,-46.1582863371239,4109,"BRA","BR",76,"BRL","3169059",NA,NA,"BRMG3169059",NA,"BRA.13.813_1"
"b22220a9",2020-11-25,22,1,NA,NA,NA,NA,NA,NA,NA,NA,3,-3,-2,-3,1,1,2,4,2,2,1,4,0,-2,-62.24,-78.24,-69.35,-12.5,3,"Brazil","Minas Gerais","Tocos do Moji",-22.358205795,-46.1582863371239,4109,"BRA","BR",76,"BRL","3169059",NA,NA,"BRMG3169059",NA,"BRA.13.813_1"
"b22220a9",2020-11-26,23,1,NA,NA,NA,NA,NA,NA,NA,NA,3,-3,-2,-3,1,1,2,4,2,2,1,4,0,-2,-62.24,-78.24,-69.35,-12.5,3,"Brazil","Minas Gerais","Tocos do Moji",-22.358205795,-46.1582863371239,4109,"BRA","BR",76,"BRL","3169059",NA,NA,"BRMG3169059",NA,"BRA.13.813_1"
"b22220a9",2020-11-27,23,1,NA,NA,NA,NA,NA,NA,NA,NA,3,-3,-2,-3,1,1,2,4,2,2,1,4,0,-2,-62.24,-78.24,-69.35,-12.5,3,"Brazil","Minas Gerais","Tocos do Moji",-22.358205795,-46.1582863371239,4109,"BRA","BR",76,"BRL","3169059",NA,NA,"BRMG3169059",NA,"BRA.13.813_1"
"b22220a9",2020-11-28,23,1,NA,NA,NA,NA,NA,NA,NA,NA,3,-3,-2,-3,1,1,2,4,2,2,1,4,0,-2,-62.24,-78.24,-69.35,-12.5,3,"Brazil","Minas Gerais","Tocos do Moji",-22.358205795,-46.1582863371239,4109,"BRA","BR",76,"BRL","3169059",NA,NA,"BRMG3169059",NA,"BRA.13.813_1"
"b22220a9",2020-11-29,23,1,NA,NA,NA,NA,NA,NA,NA,NA,3,-3,-2,-3,1,1,2,4,2,2,1,4,0,-2,-62.24,-78.24,-69.35,-12.5,3,"Brazil","Minas Gerais","Tocos do Moji",-22.358205795,-46.1582863371239,4109,"BRA","BR",76,"BRL","3169059",NA,NA,"BRMG3169059",NA,"BRA.13.813_1"
"b22220a9",2020-11-30,23,1,NA,NA,NA,NA,NA,NA,NA,NA,3,-3,-2,-3,1,1,2,4,2,2,1,4,0,-2,-62.24,-78.24,-69.35,-12.5,3,"Brazil","Minas Gerais","Tocos do Moji",-22.358205795,-46.1582863371239,4109,"BRA","BR",76,"BRL","3169059",NA,NA,"BRMG3169059",NA,"BRA.13.813_1"
"b22220a9",2020-12-01,23,1,NA,NA,NA,NA,NA,NA,NA,NA,3,-3,-2,-3,1,1,2,4,2,2,1,4,0,-2,-62.24,-78.24,-69.35,-12.5,3,"Brazil","Minas Gerais","Tocos do Moji",-22.358205795,-46.1582863371239,4109,"BRA","BR",76,"BRL","3169059",NA,NA,"BRMG3169059",NA,"BRA.13.813_1"
"b22220a9",2020-12-02,23,1,NA,NA,NA,NA,NA,NA,NA,NA,3,-3,-2,-3,1,1,2,4,2,2,1,4,0,-2,-62.24,-78.24,-69.35,-12.5,3,"Brazil","Minas Gerais","Tocos do Moji",-22.358205795,-46.1582863371239,4109,"BRA","BR",76,"BRL","3169059",NA,NA,"BRMG3169059",NA,"BRA.13.813_1"
"b22220a9",2020-12-03,23,1,NA,NA,NA,NA,NA,NA,NA,NA,3,-3,-2,-3,1,1,2,4,2,2,1,4,0,-2,-62.24,-78.24,-69.35,-12.5,3,"Brazil","Minas Gerais","Tocos do Moji",-22.358205795,-46.1582863371239,4109,"BRA","BR",76,"BRL","3169059",NA,NA,"BRMG3169059",NA,"BRA.13.813_1"
"b22220a9",2020-12-04,23,1,NA,NA,NA,NA,NA,NA,NA,NA,3,-3,-2,-3,1,1,2,4,2,2,1,4,0,-2,-62.24,-78.24,-69.35,-12.5,3,"Brazil","Minas Gerais","Tocos do Moji",-22.358205795,-46.1582863371239,4109,"BRA","BR",76,"BRL","3169059",NA,NA,"BRMG3169059",NA,"BRA.13.813_1"
"b22220a9",2020-12-05,23,1,NA,NA,NA,NA,NA,NA,NA,NA,3,-3,-2,-3,1,1,2,4,2,2,1,4,0,-2,-62.24,-78.24,-69.35,-12.5,3,"Brazil","Minas Gerais","Tocos do Moji",-22.358205795,-46.1582863371239,4109,"BRA","BR",76,"BRL","3169059",NA,NA,"BRMG3169059",NA,"BRA.13.813_1"
"b22220a9",2020-12-06,25,1,NA,NA,NA,NA,NA,NA,NA,NA,3,-3,-2,-3,1,1,2,4,2,2,1,4,0,-2,-62.24,-78.24,-69.35,-12.5,3,"Brazil","Minas Gerais","Tocos do Moji",-22.358205795,-46.1582863371239,4109,"BRA","BR",76,"BRL","3169059",NA,NA,"BRMG3169059",NA,"BRA.13.813_1"
"b22220a9",2020-12-07,25,1,NA,NA,NA,NA,NA,NA,NA,NA,3,-3,-2,-3,1,1,2,4,2,2,1,4,0,-2,-62.24,-78.24,-69.35,-12.5,3,"Brazil","Minas Gerais","Tocos do Moji",-22.358205795,-46.1582863371239,4109,"BRA","BR",76,"BRL","3169059",NA,NA,"BRMG3169059",NA,"BRA.13.813_1"
"b22220a9",2020-12-08,25,1,NA,NA,NA,NA,NA,NA,NA,NA,3,-3,-2,-3,1,1,2,4,2,2,1,4,0,-2,-62.24,-78.24,-69.35,-12.5,3,"Brazil","Minas Gerais","Tocos do Moji",-22.358205795,-46.1582863371239,4109,"BRA","BR",76,"BRL","3169059",NA,NA,"BRMG3169059",NA,"BRA.13.813_1"
"b22220a9",2020-12-09,27,1,NA,NA,NA,NA,NA,NA,NA,NA,3,-3,-2,-3,1,1,2,4,2,2,1,4,0,-2,-62.24,-78.24,-69.35,-12.5,3,"Brazil","Minas Gerais","Tocos do Moji",-22.358205795,-46.1582863371239,4109,"BRA","BR",76,"BRL","3169059",NA,NA,"BRMG3169059",NA,"BRA.13.813_1"
"b22220a9",2020-12-10,27,1,NA,NA,NA,NA,NA,NA,NA,NA,3,-3,-2,-3,1,1,2,4,2,2,1,4,0,-2,-62.24,-78.24,-69.35,-12.5,3,"Brazil","Minas Gerais","Tocos do Moji",-22.358205795,-46.1582863371239,4109,"BRA","BR",76,"BRL","3169059",NA,NA,"BRMG3169059",NA,"BRA.13.813_1"
"b22220a9",2020-12-11,27,1,NA,NA,NA,NA,NA,NA,NA,NA,3,-3,-2,-3,1,1,2,4,2,2,1,4,0,-2,-62.24,-78.24,-69.35,-12.5,3,"Brazil","Minas Gerais","Tocos do Moji",-22.358205795,-46.1582863371239,4109,"BRA","BR",76,"BRL","3169059",NA,NA,"BRMG3169059",NA,"BRA.13.813_1"
"b22220a9",2020-12-12,27,1,NA,NA,NA,NA,NA,NA,NA,NA,3,-3,-2,-3,1,1,2,4,2,2,1,4,0,-2,-62.24,-78.24,-69.35,-12.5,3,"Brazil","Minas Gerais","Tocos do Moji",-22.358205795,-46.1582863371239,4109,"BRA","BR",76,"BRL","3169059",NA,NA,"BRMG3169059",NA,"BRA.13.813_1"
"b22220a9",2020-12-13,27,1,NA,NA,NA,NA,NA,NA,NA,NA,3,-3,-2,-3,1,1,2,4,2,2,1,4,0,-2,-62.24,-78.24,-69.35,-12.5,3,"Brazil","Minas Gerais","Tocos do Moji",-22.358205795,-46.1582863371239,4109,"BRA","BR",76,"BRL","3169059",NA,NA,"BRMG3169059",NA,"BRA.13.813_1"
"b22220a9",2020-12-14,27,1,NA,NA,NA,NA,NA,NA,NA,NA,3,-3,-2,-3,1,1,2,4,2,2,1,4,0,-2,-62.24,-78.24,-69.35,-12.5,3,"Brazil","Minas Gerais","Tocos do Moji",-22.358205795,-46.1582863371239,4109,"BRA","BR",76,"BRL","3169059",NA,NA,"BRMG3169059",NA,"BRA.13.813_1"
"b22220a9",2020-12-15,27,1,NA,NA,NA,NA,NA,NA,NA,NA,3,-3,-2,-3,1,1,2,4,2,2,1,4,0,-2,-62.24,-78.24,-69.35,-12.5,3,"Brazil","Minas Gerais","Tocos do Moji",-22.358205795,-46.1582863371239,4109,"BRA","BR",76,"BRL","3169059",NA,NA,"BRMG3169059",NA,"BRA.13.813_1"
"b22220a9",2020-12-16,28,1,NA,NA,NA,NA,NA,NA,NA,NA,3,-3,-2,-3,1,1,2,4,2,2,1,4,0,-2,-62.24,-78.24,-69.35,-12.5,3,"Brazil","Minas Gerais","Tocos do Moji",-22.358205795,-46.1582863371239,4109,"BRA","BR",76,"BRL","3169059",NA,NA,"BRMG3169059",NA,"BRA.13.813_1"
"b22220a9",2020-12-17,30,1,NA,NA,NA,NA,NA,NA,NA,NA,3,-3,-2,-3,1,1,2,4,2,2,1,4,0,-2,-62.24,-78.24,-69.35,-12.5,3,"Brazil","Minas Gerais","Tocos do Moji",-22.358205795,-46.1582863371239,4109,"BRA","BR",76,"BRL","3169059",NA,NA,"BRMG3169059",NA,"BRA.13.813_1"
"b22220a9",2020-12-18,30,1,NA,NA,NA,NA,NA,NA,NA,NA,3,-3,-2,-3,1,1,2,4,2,2,1,4,0,-2,-62.24,-78.24,-69.35,-12.5,3,"Brazil","Minas Gerais","Tocos do Moji",-22.358205795,-46.1582863371239,4109,"BRA","BR",76,"BRL","3169059",NA,NA,"BRMG3169059",NA,"BRA.13.813_1"
"b22220a9",2020-12-19,30,1,NA,NA,NA,NA,NA,NA,NA,NA,3,-3,-2,-3,1,1,2,4,2,2,1,4,0,-2,-62.24,-78.24,-69.35,-12.5,3,"Brazil","Minas Gerais","Tocos do Moji",-22.358205795,-46.1582863371239,4109,"BRA","BR",76,"BRL","3169059",NA,NA,"BRMG3169059",NA,"BRA.13.813_1"
"b22220a9",2020-12-20,30,1,NA,NA,NA,NA,NA,NA,NA,NA,3,-3,-2,-3,1,1,2,4,2,2,1,4,0,-2,-62.24,-78.24,-69.35,-12.5,3,"Brazil","Minas Gerais","Tocos do Moji",-22.358205795,-46.1582863371239,4109,"BRA","BR",76,"BRL","3169059",NA,NA,"BRMG3169059",NA,"BRA.13.813_1"
"b22220a9",2020-12-21,30,1,NA,NA,NA,NA,NA,NA,NA,NA,3,-3,-2,-3,1,1,2,4,2,2,1,4,0,-2,-62.24,-78.24,-69.35,-12.5,3,"Brazil","Minas Gerais","Tocos do Moji",-22.358205795,-46.1582863371239,4109,"BRA","BR",76,"BRL","3169059",NA,NA,"BRMG3169059",NA,"BRA.13.813_1"
"b22220a9",2020-12-22,30,1,NA,NA,NA,NA,NA,NA,NA,NA,3,-3,-2,-3,1,1,2,4,2,2,1,4,0,-2,-62.24,-78.24,-69.35,-12.5,3,"Brazil","Minas Gerais","Tocos do Moji",-22.358205795,-46.1582863371239,4109,"BRA","BR",76,"BRL","3169059",NA,NA,"BRMG3169059",NA,"BRA.13.813_1"
"b22220a9",2020-12-23,30,1,NA,NA,NA,NA,NA,NA,NA,NA,3,-3,-2,-3,1,1,2,3,2,2,1,4,0,-2,-60.68,-75.46,-67.56,-12.5,3,"Brazil","Minas Gerais","Tocos do Moji",-22.358205795,-46.1582863371239,4109,"BRA","BR",76,"BRL","3169059",NA,NA,"BRMG3169059",NA,"BRA.13.813_1"
"b22220a9",2020-12-24,30,1,NA,NA,NA,NA,NA,NA,NA,NA,3,-3,-2,-3,1,1,2,3,2,2,1,4,0,-2,-60.68,-75.46,-67.56,-12.5,3,"Brazil","Minas Gerais","Tocos do Moji",-22.358205795,-46.1582863371239,4109,"BRA","BR",76,"BRL","3169059",NA,NA,"BRMG3169059",NA,"BRA.13.813_1"
"b22220a9",2020-12-25,30,1,NA,NA,NA,NA,NA,NA,NA,NA,3,-3,-2,-3,1,1,2,3,2,2,1,4,0,-2,-60.68,-75.46,-67.56,-12.5,3,"Brazil","Minas Gerais","Tocos do Moji",-22.358205795,-46.1582863371239,4109,"BRA","BR",76,"BRL","3169059",NA,NA,"BRMG3169059",NA,"BRA.13.813_1"
"b22220a9",2020-12-26,30,1,NA,NA,NA,NA,NA,NA,NA,NA,3,-3,-2,-3,1,1,2,3,2,2,1,4,0,-2,-60.68,-75.46,-67.56,-12.5,3,"Brazil","Minas Gerais","Tocos do Moji",-22.358205795,-46.1582863371239,4109,"BRA","BR",76,"BRL","3169059",NA,NA,"BRMG3169059",NA,"BRA.13.813_1"
"b22220a9",2020-12-27,30,1,NA,NA,NA,NA,NA,NA,NA,NA,3,-3,-2,-3,1,1,2,3,2,2,1,4,0,-2,-60.68,-75.46,-67.56,-12.5,3,"Brazil","Minas Gerais","Tocos do Moji",-22.358205795,-46.1582863371239,4109,"BRA","BR",76,"BRL","3169059",NA,NA,"BRMG3169059",NA,"BRA.13.813_1"
"b22220a9",2020-12-28,30,1,NA,NA,NA,NA,NA,NA,NA,NA,3,-3,-2,-3,1,1,2,3,2,2,1,4,0,-2,-60.68,-75.46,-67.56,-12.5,3,"Brazil","Minas Gerais","Tocos do Moji",-22.358205795,-46.1582863371239,4109,"BRA","BR",76,"BRL","3169059",NA,NA,"BRMG3169059",NA,"BRA.13.813_1"
"b22220a9",2020-12-29,30,1,NA,NA,NA,NA,NA,NA,NA,NA,3,-3,-2,-3,1,1,2,3,2,2,1,4,0,-2,-59.11,-75.46,-67.56,0,3,"Brazil","Minas Gerais","Tocos do Moji",-22.358205795,-46.1582863371239,4109,"BRA","BR",76,"BRL","3169059",NA,NA,"BRMG3169059",NA,"BRA.13.813_1"
"b22220a9",2020-12-30,32,1,NA,NA,NA,NA,NA,NA,NA,NA,3,-3,-2,-3,1,1,2,3,2,2,1,4,0,-2,-59.11,-75.46,-67.56,0,3,"Brazil","Minas Gerais","Tocos do Moji",-22.358205795,-46.1582863371239,4109,"BRA","BR",76,"BRL","3169059",NA,NA,"BRMG3169059",NA,"BRA.13.813_1"
"b22220a9",2020-12-31,32,1,NA,NA,NA,NA,NA,NA,NA,NA,3,-3,-2,-3,1,1,2,3,2,2,1,4,0,-2,-59.11,-75.46,-67.56,0,3,"Brazil","Minas Gerais","Tocos do Moji",-22.358205795,-46.1582863371239,4109,"BRA","BR",76,"BRL","3169059",NA,NA,"BRMG3169059",NA,"BRA.13.813_1"
"b22220a9",2021-01-01,32,1,NA,NA,NA,NA,NA,NA,NA,NA,3,-3,-2,-3,1,1,2,3,2,2,1,4,0,-2,-59.11,-75.46,-67.56,0,3,"Brazil","Minas Gerais","Tocos do Moji",-22.358205795,-46.1582863371239,4109,"BRA","BR",76,"BRL","3169059",NA,NA,"BRMG3169059",NA,"BRA.13.813_1"
"b22220a9",2021-01-02,32,1,NA,NA,NA,NA,NA,NA,NA,NA,3,-3,-2,-3,1,1,2,3,2,2,1,4,0,-2,-59.11,-75.46,-67.56,0,3,"Brazil","Minas Gerais","Tocos do Moji",-22.358205795,-46.1582863371239,4109,"BRA","BR",76,"BRL","3169059",NA,NA,"BRMG3169059",NA,"BRA.13.813_1"
"b22220a9",2021-01-03,32,1,NA,NA,NA,NA,NA,NA,NA,NA,3,-3,-2,-3,1,1,2,3,2,2,1,4,0,-2,-59.11,-75.46,-67.56,0,3,"Brazil","Minas Gerais","Tocos do Moji",-22.358205795,-46.1582863371239,4109,"BRA","BR",76,"BRL","3169059",NA,NA,"BRMG3169059",NA,"BRA.13.813_1"
"b22220a9",2021-01-04,32,1,NA,NA,NA,NA,NA,NA,NA,NA,3,-3,-2,-3,1,1,2,3,2,2,1,4,0,-2,-59.11,-75.46,-67.56,0,3,"Brazil","Minas Gerais","Tocos do Moji",-22.358205795,-46.1582863371239,4109,"BRA","BR",76,"BRL","3169059",NA,NA,"BRMG3169059",NA,"BRA.13.813_1"
"b22220a9",2021-01-05,32,1,NA,NA,NA,NA,NA,NA,NA,NA,3,-3,-2,-3,1,1,2,3,2,2,1,4,0,-2,-59.11,-75.46,-67.56,0,3,"Brazil","Minas Gerais","Tocos do Moji",-22.358205795,-46.1582863371239,4109,"BRA","BR",76,"BRL","3169059",NA,NA,"BRMG3169059",NA,"BRA.13.813_1"
"b22220a9",2021-01-06,33,1,NA,NA,NA,NA,NA,NA,NA,NA,3,-3,-2,-3,1,1,2,3,2,2,1,4,0,-2,-59.11,-75.46,-67.56,0,3,"Brazil","Minas Gerais","Tocos do Moji",-22.358205795,-46.1582863371239,4109,"BRA","BR",76,"BRL","3169059",NA,NA,"BRMG3169059",NA,"BRA.13.813_1"
"b22220a9",2021-01-07,34,1,NA,NA,NA,NA,NA,NA,NA,NA,3,-3,-2,-3,1,1,2,3,2,2,1,4,0,-2,-59.11,-75.46,-67.56,0,3,"Brazil","Minas Gerais","Tocos do Moji",-22.358205795,-46.1582863371239,4109,"BRA","BR",76,"BRL","3169059",NA,NA,"BRMG3169059",NA,"BRA.13.813_1"
"b22220a9",2021-01-08,37,1,NA,NA,NA,NA,NA,NA,NA,NA,3,-3,-2,-3,1,1,2,3,2,2,1,4,0,-2,-59.11,-75.46,-67.56,0,3,"Brazil","Minas Gerais","Tocos do Moji",-22.358205795,-46.1582863371239,4109,"BRA","BR",76,"BRL","3169059",NA,NA,"BRMG3169059",NA,"BRA.13.813_1"
"b22220a9",2021-01-09,37,1,NA,NA,NA,NA,NA,NA,NA,NA,3,-3,-2,-3,1,1,2,3,2,2,1,4,0,-2,-59.11,-75.46,-67.56,0,3,"Brazil","Minas Gerais","Tocos do Moji",-22.358205795,-46.1582863371239,4109,"BRA","BR",76,"BRL","3169059",NA,NA,"BRMG3169059",NA,"BRA.13.813_1"
"b22220a9",2021-01-10,38,1,NA,NA,NA,NA,NA,NA,NA,NA,3,-3,-2,-3,1,1,2,3,2,2,1,4,0,-2,-59.11,-75.46,-67.56,0,3,"Brazil","Minas Gerais","Tocos do Moji",-22.358205795,-46.1582863371239,4109,"BRA","BR",76,"BRL","3169059",NA,NA,"BRMG3169059",NA,"BRA.13.813_1"
"b22220a9",2021-01-11,38,1,NA,NA,NA,NA,NA,NA,NA,NA,3,-3,-2,-3,1,1,2,3,2,2,1,4,0,-2,-59.11,-75.46,-67.56,0,3,"Brazil","Minas Gerais","Tocos do Moji",-22.358205795,-46.1582863371239,4109,"BRA","BR",76,"BRL","3169059",NA,NA,"BRMG3169059",NA,"BRA.13.813_1"
"b22220a9",2021-01-12,38,1,NA,NA,NA,NA,NA,NA,NA,NA,3,-3,-2,-3,1,1,2,3,2,2,1,4,0,-2,-59.11,-75.46,-67.56,0,3,"Brazil","Minas Gerais","Tocos do Moji",-22.358205795,-46.1582863371239,4109,"BRA","BR",76,"BRL","3169059",NA,NA,"BRMG3169059",NA,"BRA.13.813_1"
"b22220a9",2021-01-13,38,1,NA,NA,NA,NA,NA,NA,NA,NA,3,-3,-2,-3,1,1,2,3,2,2,1,4,0,-2,-59.11,-75.46,-67.56,0,3,"Brazil","Minas Gerais","Tocos do Moji",-22.358205795,-46.1582863371239,4109,"BRA","BR",76,"BRL","3169059",NA,NA,"BRMG3169059",NA,"BRA.13.813_1"
"b22220a9",2021-01-14,43,1,NA,NA,NA,NA,NA,NA,NA,NA,3,-3,-2,-3,1,1,2,3,2,2,1,4,0,-2,-59.11,-75.46,-67.56,0,3,"Brazil","Minas Gerais","Tocos do Moji",-22.358205795,-46.1582863371239,4109,"BRA","BR",76,"BRL","3169059",NA,NA,"BRMG3169059",NA,"BRA.13.813_1"
"b22220a9",2021-01-15,43,1,NA,NA,NA,NA,NA,NA,NA,NA,3,-3,-2,-3,1,1,2,3,2,2,1,4,0,-2,-59.11,-75.46,-67.56,0,3,"Brazil","Minas Gerais","Tocos do Moji",-22.358205795,-46.1582863371239,4109,"BRA","BR",76,"BRL","3169059",NA,NA,"BRMG3169059",NA,"BRA.13.813_1"
"b22220a9",2021-01-16,43,1,NA,NA,NA,NA,NA,NA,NA,NA,3,-3,-2,-3,1,1,2,3,2,2,1,4,0,-2,-59.11,-75.46,-67.56,0,3,"Brazil","Minas Gerais","Tocos do Moji",-22.358205795,-46.1582863371239,4109,"BRA","BR",76,"BRL","3169059",NA,NA,"BRMG3169059",NA,"BRA.13.813_1"
"b22220a9",2021-01-17,43,1,NA,NA,NA,NA,NA,NA,NA,NA,3,-3,-2,-3,1,1,2,3,2,2,1,4,0,-2,-59.11,-75.46,-67.56,0,3,"Brazil","Minas Gerais","Tocos do Moji",-22.358205795,-46.1582863371239,4109,"BRA","BR",76,"BRL","3169059",NA,NA,"BRMG3169059",NA,"BRA.13.813_1"
"b22220a9",2021-01-18,49,1,NA,NA,NA,NA,NA,NA,NA,NA,3,-3,-2,-3,1,1,2,3,2,2,1,4,3,-2,-62.24,-75.46,-71.13,0,3,"Brazil","Minas Gerais","Tocos do Moji",-22.358205795,-46.1582863371239,4109,"BRA","BR",76,"BRL","3169059",NA,NA,"BRMG3169059",NA,"BRA.13.813_1"
"b22220a9",2021-01-19,49,1,NA,NA,NA,NA,NA,NA,NA,NA,3,-3,-2,-3,1,1,2,3,2,2,1,4,3,-2,-62.24,-75.46,-71.13,0,3,"Brazil","Minas Gerais","Tocos do Moji",-22.358205795,-46.1582863371239,4109,"BRA","BR",76,"BRL","3169059",NA,NA,"BRMG3169059",NA,"BRA.13.813_1"
"b22220a9",2021-01-20,54,1,NA,NA,NA,NA,NA,NA,NA,NA,3,-3,-2,-3,1,1,2,3,2,2,1,4,3,-2,-62.24,-75.46,-71.13,0,3,"Brazil","Minas Gerais","Tocos do Moji",-22.358205795,-46.1582863371239,4109,"BRA","BR",76,"BRL","3169059",NA,NA,"BRMG3169059",NA,"BRA.13.813_1"
"b22220a9",2021-01-21,55,1,NA,NA,10,10,0,NA,NA,NA,3,-3,2,-3,1,1,2,3,2,2,1,4,3,-2,-63.8,-78.24,-72.92,0,3,"Brazil","Minas Gerais","Tocos do Moji",-22.358205795,-46.1582863371239,4109,"BRA","BR",76,"BRL","3169059",NA,NA,"BRMG3169059",NA,"BRA.13.813_1"
"b22220a9",2021-01-22,55,1,NA,NA,NA,NA,NA,NA,NA,NA,3,-3,2,-3,1,1,2,3,2,2,1,4,3,-2,-63.8,-78.24,-72.92,0,3,"Brazil","Minas Gerais","Tocos do Moji",-22.358205795,-46.1582863371239,4109,"BRA","BR",76,"BRL","3169059",NA,NA,"BRMG3169059",NA,"BRA.13.813_1"
"b22220a9",2021-01-23,60,1,NA,NA,NA,NA,NA,NA,NA,NA,3,-3,2,-3,1,1,2,3,2,2,1,4,3,-2,-63.8,-78.24,-72.92,0,3,"Brazil","Minas Gerais","Tocos do Moji",-22.358205795,-46.1582863371239,4109,"BRA","BR",76,"BRL","3169059",NA,NA,"BRMG3169059",NA,"BRA.13.813_1"
"b22220a9",2021-01-24,60,1,NA,NA,NA,NA,NA,NA,NA,NA,3,-3,2,-3,1,1,2,3,2,2,1,4,3,-2,-63.8,-78.24,-72.92,0,3,"Brazil","Minas Gerais","Tocos do Moji",-22.358205795,-46.1582863371239,4109,"BRA","BR",76,"BRL","3169059",NA,NA,"BRMG3169059",NA,"BRA.13.813_1"
"b22220a9",2021-01-25,60,1,NA,NA,NA,NA,NA,NA,NA,NA,3,-3,2,-3,1,1,2,3,2,2,1,4,3,-2,-63.8,-78.24,-72.92,0,3,"Brazil","Minas Gerais","Tocos do Moji",-22.358205795,-46.1582863371239,4109,"BRA","BR",76,"BRL","3169059",NA,NA,"BRMG3169059",NA,"BRA.13.813_1"
"b22220a9",2021-01-26,60,1,NA,NA,NA,NA,NA,NA,NA,NA,3,-3,2,2,1,1,1,3,2,2,1,4,3,1,-58.85,-71.3,-67.26,0,3,"Brazil","Minas Gerais","Tocos do Moji",-22.358205795,-46.1582863371239,4109,"BRA","BR",76,"BRL","3169059",NA,NA,"BRMG3169059",NA,"BRA.13.813_1"
"b22220a9",2021-01-27,61,1,NA,NA,NA,NA,NA,NA,NA,NA,3,-3,2,2,1,1,1,3,2,2,1,4,3,1,-58.85,-71.3,-67.26,0,3,"Brazil","Minas Gerais","Tocos do Moji",-22.358205795,-46.1582863371239,4109,"BRA","BR",76,"BRL","3169059",NA,NA,"BRMG3169059",NA,"BRA.13.813_1"
"b22220a9",2021-01-28,61,1,NA,NA,NA,NA,NA,NA,NA,NA,3,-3,2,2,1,1,1,3,2,2,1,4,3,1,-58.85,-71.3,-67.26,0,3,"Brazil","Minas Gerais","Tocos do Moji",-22.358205795,-46.1582863371239,4109,"BRA","BR",76,"BRL","3169059",NA,NA,"BRMG3169059",NA,"BRA.13.813_1"
"b22220a9",2021-01-29,62,1,NA,NA,NA,NA,NA,NA,NA,NA,3,-3,2,2,1,1,1,3,2,2,1,4,3,1,-58.85,-71.3,-67.26,0,3,"Brazil","Minas Gerais","Tocos do Moji",-22.358205795,-46.1582863371239,4109,"BRA","BR",76,"BRL","3169059",NA,NA,"BRMG3169059",NA,"BRA.13.813_1"
"b22220a9",2021-01-30,64,1,NA,NA,NA,NA,NA,NA,NA,NA,3,-3,2,2,1,1,1,3,2,2,1,4,3,1,-58.85,-71.3,-67.26,0,3,"Brazil","Minas Gerais","Tocos do Moji",-22.358205795,-46.1582863371239,4109,"BRA","BR",76,"BRL","3169059",NA,NA,"BRMG3169059",NA,"BRA.13.813_1"
"b22220a9",2021-01-31,64,1,NA,NA,NA,NA,NA,NA,NA,NA,3,-3,2,2,1,1,1,3,2,2,1,4,3,1,-58.85,-71.3,-67.26,0,3,"Brazil","Minas Gerais","Tocos do Moji",-22.358205795,-46.1582863371239,4109,"BRA","BR",76,"BRL","3169059",NA,NA,"BRMG3169059",NA,"BRA.13.813_1"
"b22220a9",2021-02-01,64,1,NA,NA,NA,NA,NA,NA,NA,NA,3,-3,2,2,1,1,1,3,2,2,1,4,3,1,-58.85,-71.3,-67.26,0,3,"Brazil","Minas Gerais","Tocos do Moji",-22.358205795,-46.1582863371239,4109,"BRA","BR",76,"BRL","3169059",NA,NA,"BRMG3169059",NA,"BRA.13.813_1"
"b22220a9",2021-02-02,64,1,NA,NA,34,34,0,NA,NA,NA,3,-3,2,2,1,1,1,3,2,2,1,4,3,1,-58.85,-71.3,-67.26,0,3,"Brazil","Minas Gerais","Tocos do Moji",-22.358205795,-46.1582863371239,4109,"BRA","BR",76,"BRL","3169059",NA,NA,"BRMG3169059",NA,"BRA.13.813_1"
"b22220a9",2021-02-03,67,1,NA,NA,52,46,6,NA,NA,NA,3,-3,2,2,1,1,1,3,2,2,1,4,3,1,-58.85,-71.3,-67.26,0,3,"Brazil","Minas Gerais","Tocos do Moji",-22.358205795,-46.1582863371239,4109,"BRA","BR",76,"BRL","3169059",NA,NA,"BRMG3169059",NA,"BRA.13.813_1"
"b22220a9",2021-02-04,69,1,NA,NA,53,46,7,NA,NA,NA,3,-3,2,2,1,1,1,3,2,2,1,4,3,1,-58.85,-71.3,-67.26,0,3,"Brazil","Minas Gerais","Tocos do Moji",-22.358205795,-46.1582863371239,4109,"BRA","BR",76,"BRL","3169059",NA,NA,"BRMG3169059",NA,"BRA.13.813_1"
"b22220a9",2021-02-05,69,1,NA,NA,55,46,9,NA,NA,NA,3,-3,2,2,1,1,1,3,2,2,1,4,3,1,-58.85,-71.3,-67.26,0,3,"Brazil","Minas Gerais","Tocos do Moji",-22.358205795,-46.1582863371239,4109,"BRA","BR",76,"BRL","3169059",NA,NA,"BRMG3169059",NA,"BRA.13.813_1"
"b22220a9",2021-02-06,71,1,NA,NA,NA,NA,NA,NA,NA,NA,3,-3,2,2,1,1,1,3,2,2,1,4,3,1,-58.85,-71.3,-67.26,0,3,"Brazil","Minas Gerais","Tocos do Moji",-22.358205795,-46.1582863371239,4109,"BRA","BR",76,"BRL","3169059",NA,NA,"BRMG3169059",NA,"BRA.13.813_1"
"b22220a9",2021-02-07,71,1,NA,NA,NA,NA,NA,NA,NA,NA,3,-3,2,2,1,1,1,3,2,2,1,4,3,1,-58.85,-71.3,-67.26,0,3,"Brazil","Minas Gerais","Tocos do Moji",-22.358205795,-46.1582863371239,4109,"BRA","BR",76,"BRL","3169059",NA,NA,"BRMG3169059",NA,"BRA.13.813_1"
"b22220a9",2021-02-08,74,1,NA,NA,NA,NA,NA,NA,NA,NA,-3,-3,2,-3,-2,1,1,3,2,2,1,4,3,-3,-63.28,-73.61,-72.32,0,3,"Brazil","Minas Gerais","Tocos do Moji",-22.358205795,-46.1582863371239,4109,"BRA","BR",76,"BRL","3169059",NA,NA,"BRMG3169059",NA,"BRA.13.813_1"
"b22220a9",2021-02-09,74,1,NA,NA,56,47,9,NA,NA,NA,-3,-3,2,-3,-2,1,1,3,2,2,1,4,3,-3,-63.28,-73.61,-72.32,0,3,"Brazil","Minas Gerais","Tocos do Moji",-22.358205795,-46.1582863371239,4109,"BRA","BR",76,"BRL","3169059",NA,NA,"BRMG3169059",NA,"BRA.13.813_1"
"b22220a9",2021-02-10,75,1,NA,NA,NA,NA,NA,NA,NA,NA,-3,-3,2,-3,-2,1,1,3,2,2,1,4,3,-3,-63.28,-73.61,-72.32,0,3,"Brazil","Minas Gerais","Tocos do Moji",-22.358205795,-46.1582863371239,4109,"BRA","BR",76,"BRL","3169059",NA,NA,"BRMG3169059",NA,"BRA.13.813_1"
"b22220a9",2021-02-11,75,1,NA,NA,NA,NA,NA,NA,NA,NA,-3,-3,2,-3,-2,1,1,3,2,2,1,4,3,-3,-63.28,-73.61,-72.32,0,3,"Brazil","Minas Gerais","Tocos do Moji",-22.358205795,-46.1582863371239,4109,"BRA","BR",76,"BRL","3169059",NA,NA,"BRMG3169059",NA,"BRA.13.813_1"
"b22220a9",2021-02-12,82,1,NA,NA,87,78,9,NA,NA,NA,-3,-3,2,-3,-2,1,1,3,2,2,1,4,3,-3,-63.28,-73.61,-72.32,0,3,"Brazil","Minas Gerais","Tocos do Moji",-22.358205795,-46.1582863371239,4109,"BRA","BR",76,"BRL","3169059",NA,NA,"BRMG3169059",NA,"BRA.13.813_1"
"b22220a9",2021-02-13,84,1,NA,NA,NA,NA,NA,NA,NA,NA,-3,-3,2,-3,-2,1,1,3,2,2,1,4,3,-3,-63.28,-73.61,-72.32,0,3,"Brazil","Minas Gerais","Tocos do Moji",-22.358205795,-46.1582863371239,4109,"BRA","BR",76,"BRL","3169059",NA,NA,"BRMG3169059",NA,"BRA.13.813_1"
"b22220a9",2021-02-14,84,1,NA,NA,NA,NA,NA,NA,NA,NA,-3,-3,2,-3,-2,1,1,3,2,2,1,4,3,-3,-63.28,-73.61,-72.32,0,3,"Brazil","Minas Gerais","Tocos do Moji",-22.358205795,-46.1582863371239,4109,"BRA","BR",76,"BRL","3169059",NA,NA,"BRMG3169059",NA,"BRA.13.813_1"
"b22220a9",2021-02-15,85,1,NA,NA,100,89,11,NA,NA,NA,-3,-3,2,-3,-2,1,1,3,2,2,1,4,3,-3,-63.28,-73.61,-72.32,0,3,"Brazil","Minas Gerais","Tocos do Moji",-22.358205795,-46.1582863371239,4109,"BRA","BR",76,"BRL","3169059",NA,NA,"BRMG3169059",NA,"BRA.13.813_1"
"b22220a9",2021-02-16,85,1,NA,NA,101,89,12,NA,NA,NA,-3,-3,2,-3,-2,1,1,3,2,2,1,4,3,-3,-63.28,-73.61,-72.32,0,3,"Brazil","Minas Gerais","Tocos do Moji",-22.358205795,-46.1582863371239,4109,"BRA","BR",76,"BRL","3169059",NA,NA,"BRMG3169059",NA,"BRA.13.813_1"
"b22220a9",2021-02-17,85,1,NA,NA,NA,NA,NA,NA,NA,NA,-3,-3,2,-3,-2,1,1,3,2,2,1,4,3,-3,-63.28,-73.61,-72.32,0,3,"Brazil","Minas Gerais","Tocos do Moji",-22.358205795,-46.1582863371239,4109,"BRA","BR",76,"BRL","3169059",NA,NA,"BRMG3169059",NA,"BRA.13.813_1"
"b22220a9",2021-02-18,85,1,NA,NA,103,89,14,NA,NA,NA,-3,-3,2,-3,-2,1,1,3,2,2,1,4,3,-3,-63.28,-73.61,-72.32,0,3,"Brazil","Minas Gerais","Tocos do Moji",-22.358205795,-46.1582863371239,4109,"BRA","BR",76,"BRL","3169059",NA,NA,"BRMG3169059",NA,"BRA.13.813_1"
"b22220a9",2021-02-19,85,1,NA,NA,NA,NA,NA,NA,NA,NA,-3,-3,2,-3,-2,1,1,3,2,2,1,4,3,-3,-63.28,-73.61,-72.32,0,3,"Brazil","Minas Gerais","Tocos do Moji",-22.358205795,-46.1582863371239,4109,"BRA","BR",76,"BRL","3169059",NA,NA,"BRMG3169059",NA,"BRA.13.813_1"
"b22220a9",2021-02-20,85,1,NA,NA,NA,NA,NA,NA,NA,NA,-3,-3,2,-3,-2,1,1,3,2,2,1,4,3,-3,-63.28,-73.61,-72.32,0,3,"Brazil","Minas Gerais","Tocos do Moji",-22.358205795,-46.1582863371239,4109,"BRA","BR",76,"BRL","3169059",NA,NA,"BRMG3169059",NA,"BRA.13.813_1"
"b22220a9",2021-02-21,85,1,NA,NA,NA,NA,NA,NA,NA,NA,-3,-3,2,-3,-2,1,1,3,2,2,1,4,3,-3,-63.28,-73.61,-72.32,0,3,"Brazil","Minas Gerais","Tocos do Moji",-22.358205795,-46.1582863371239,4109,"BRA","BR",76,"BRL","3169059",NA,NA,"BRMG3169059",NA,"BRA.13.813_1"
"b22220a9",2021-02-22,85,1,NA,NA,NA,NA,NA,NA,NA,NA,-3,-3,2,-3,-2,1,1,3,2,2,1,4,3,-3,-63.28,-73.61,-72.32,0,3,"Brazil","Minas Gerais","Tocos do Moji",-22.358205795,-46.1582863371239,4109,"BRA","BR",76,"BRL","3169059",NA,NA,"BRMG3169059",NA,"BRA.13.813_1"
"b22220a9",2021-02-23,85,1,NA,NA,NA,NA,NA,NA,NA,NA,-3,-3,2,-3,-2,1,1,3,2,2,1,4,3,-3,-63.28,-73.61,-72.32,0,3,"Brazil","Minas Gerais","Tocos do Moji",-22.358205795,-46.1582863371239,4109,"BRA","BR",76,"BRL","3169059",NA,NA,"BRMG3169059",NA,"BRA.13.813_1"
"b22220a9",2021-02-24,85,1,NA,NA,NA,NA,NA,NA,NA,NA,-3,-3,2,-3,-2,1,1,3,2,2,1,4,3,-3,-63.28,-73.61,-72.32,0,3,"Brazil","Minas Gerais","Tocos do Moji",-22.358205795,-46.1582863371239,4109,"BRA","BR",76,"BRL","3169059",NA,NA,"BRMG3169059",NA,"BRA.13.813_1"
"b22220a9",2021-02-25,85,1,NA,NA,NA,NA,NA,NA,NA,NA,-3,-3,2,-3,-2,1,1,3,2,2,1,4,3,-3,-63.28,-73.61,-72.32,0,3,"Brazil","Minas Gerais","Tocos do Moji",-22.358205795,-46.1582863371239,4109,"BRA","BR",76,"BRL","3169059",NA,NA,"BRMG3169059",NA,"BRA.13.813_1"
"b22220a9",2021-02-26,85,1,NA,NA,NA,NA,NA,NA,NA,NA,-3,-3,2,-3,-2,1,1,3,2,2,1,4,3,-3,-63.28,-73.61,-72.32,0,3,"Brazil","Minas Gerais","Tocos do Moji",-22.358205795,-46.1582863371239,4109,"BRA","BR",76,"BRL","3169059",NA,NA,"BRMG3169059",NA,"BRA.13.813_1"
"b22220a9",2021-02-27,86,2,NA,NA,NA,NA,NA,NA,NA,NA,-3,-3,2,-3,-2,1,1,3,2,2,1,4,3,-3,-63.28,-73.61,-72.32,0,3,"Brazil","Minas Gerais","Tocos do Moji",-22.358205795,-46.1582863371239,4109,"BRA","BR",76,"BRL","3169059",NA,NA,"BRMG3169059",NA,"BRA.13.813_1"
"b22220a9",2021-02-28,86,3,NA,NA,NA,NA,NA,NA,NA,NA,-3,-3,2,-3,-2,1,1,3,2,2,1,4,3,-3,-63.28,-73.61,-72.32,0,3,"Brazil","Minas Gerais","Tocos do Moji",-22.358205795,-46.1582863371239,4109,"BRA","BR",76,"BRL","3169059",NA,NA,"BRMG3169059",NA,"BRA.13.813_1"
"b22220a9",2021-03-01,86,3,NA,NA,142,90,52,NA,NA,NA,-3,-3,2,-3,-2,1,1,3,2,2,1,4,3,-3,-63.28,-73.61,-72.32,0,3,"Brazil","Minas Gerais","Tocos do Moji",-22.358205795,-46.1582863371239,4109,"BRA","BR",76,"BRL","3169059",NA,NA,"BRMG3169059",NA,"BRA.13.813_1"
"b22220a9",2021-03-02,86,3,NA,NA,203,147,56,NA,NA,NA,-3,-3,2,-3,-2,1,1,3,2,2,1,4,3,-3,-63.28,-73.61,-72.32,0,3,"Brazil","Minas Gerais","Tocos do Moji",-22.358205795,-46.1582863371239,4109,"BRA","BR",76,"BRL","3169059",NA,NA,"BRMG3169059",NA,"BRA.13.813_1"
"b22220a9",2021-03-03,86,3,NA,NA,212,156,56,NA,NA,NA,-3,-3,2,-3,-2,1,-2,3,2,2,1,4,3,-3,-64.84,-76.39,-74.11,0,3,"Brazil","Minas Gerais","Tocos do Moji",-22.358205795,-46.1582863371239,4109,"BRA","BR",76,"BRL","3169059",NA,NA,"BRMG3169059",NA,"BRA.13.813_1"
"b22220a9",2021-03-04,87,3,NA,NA,NA,NA,NA,NA,NA,NA,-3,-3,2,-3,-2,1,-2,3,2,2,1,4,3,-3,-64.84,-76.39,-74.11,0,3,"Brazil","Minas Gerais","Tocos do Moji",-22.358205795,-46.1582863371239,4109,"BRA","BR",76,"BRL","3169059",NA,NA,"BRMG3169059",NA,"BRA.13.813_1"
"b22220a9",2021-03-05,88,3,NA,NA,222,166,56,NA,NA,NA,-3,-3,2,-3,-2,1,-2,3,2,2,1,4,3,-3,-64.84,-76.39,-74.11,0,3,"Brazil","Minas Gerais","Tocos do Moji",-22.358205795,-46.1582863371239,4109,"BRA","BR",76,"BRL","3169059",NA,NA,"BRMG3169059",NA,"BRA.13.813_1"
"b22220a9",2021-03-06,89,3,NA,NA,NA,NA,NA,NA,NA,NA,-3,-3,2,-3,-2,1,-2,3,2,2,1,4,3,-3,-64.84,-76.39,-74.11,0,3,"Brazil","Minas Gerais","Tocos do Moji",-22.358205795,-46.1582863371239,4109,"BRA","BR",76,"BRL","3169059",NA,NA,"BRMG3169059",NA,"BRA.13.813_1"
"b22220a9",2021-03-07,89,3,NA,NA,NA,NA,NA,NA,NA,NA,-3,-3,2,-3,-2,1,-2,3,2,2,1,4,3,-3,-64.84,-76.39,-74.11,0,3,"Brazil","Minas Gerais","Tocos do Moji",-22.358205795,-46.1582863371239,4109,"BRA","BR",76,"BRL","3169059",NA,NA,"BRMG3169059",NA,"BRA.13.813_1"
"b22220a9",2021-03-08,89,3,NA,NA,NA,NA,NA,NA,NA,NA,-3,-3,2,-3,-2,1,-2,3,2,2,1,4,3,-3,-64.84,-76.39,-74.11,0,3,"Brazil","Minas Gerais","Tocos do Moji",-22.358205795,-46.1582863371239,4109,"BRA","BR",76,"BRL","3169059",NA,NA,"BRMG3169059",NA,"BRA.13.813_1"
"b22220a9",2021-03-09,89,3,NA,NA,NA,NA,NA,NA,NA,NA,-3,-3,2,-3,-2,1,-2,3,2,2,1,4,3,-3,-64.84,-76.39,-74.11,0,3,"Brazil","Minas Gerais","Tocos do Moji",-22.358205795,-46.1582863371239,4109,"BRA","BR",76,"BRL","3169059",NA,NA,"BRMG3169059",NA,"BRA.13.813_1"
"b22220a9",2021-03-10,92,3,NA,NA,265,209,56,NA,NA,NA,-3,-3,2,-3,-2,1,-2,3,2,2,1,4,3,-3,-64.84,-76.39,-74.11,0,3,"Brazil","Minas Gerais","Tocos do Moji",-22.358205795,-46.1582863371239,4109,"BRA","BR",76,"BRL","3169059",NA,NA,"BRMG3169059",NA,"BRA.13.813_1"
"b22220a9",2021-03-11,93,3,NA,NA,NA,NA,NA,NA,NA,NA,-3,-3,2,-3,-2,1,-2,3,2,2,1,4,3,-3,-64.84,-76.39,-74.11,0,3,"Brazil","Minas Gerais","Tocos do Moji",-22.358205795,-46.1582863371239,4109,"BRA","BR",76,"BRL","3169059",NA,NA,"BRMG3169059",NA,"BRA.13.813_1"
"b22220a9",2021-03-12,94,3,NA,NA,NA,NA,NA,NA,NA,NA,-3,-3,2,-3,-2,1,-2,3,2,2,1,4,3,-3,-64.84,-76.39,-74.11,0,3,"Brazil","Minas Gerais","Tocos do Moji",-22.358205795,-46.1582863371239,4109,"BRA","BR",76,"BRL","3169059",NA,NA,"BRMG3169059",NA,"BRA.13.813_1"
"b22220a9",2021-03-13,98,3,NA,NA,NA,NA,NA,NA,NA,NA,-3,-3,2,-3,-2,1,-2,3,2,2,1,4,3,-3,-64.84,-76.39,-74.11,0,3,"Brazil","Minas Gerais","Tocos do Moji",-22.358205795,-46.1582863371239,4109,"BRA","BR",76,"BRL","3169059",NA,NA,"BRMG3169059",NA,"BRA.13.813_1"
"b22220a9",2021-03-14,99,3,NA,NA,NA,NA,NA,NA,NA,NA,-3,-3,2,-3,-2,1,-2,3,2,2,1,4,3,-3,-64.84,-76.39,-74.11,0,3,"Brazil","Minas Gerais","Tocos do Moji",-22.358205795,-46.1582863371239,4109,"BRA","BR",76,"BRL","3169059",NA,NA,"BRMG3169059",NA,"BRA.13.813_1"
"b22220a9",2021-03-15,99,3,NA,NA,NA,NA,NA,NA,NA,NA,-3,-3,2,-3,-2,1,-2,3,2,2,1,4,3,-3,-64.84,-76.39,-74.11,0,3,"Brazil","Minas Gerais","Tocos do Moji",-22.358205795,-46.1582863371239,4109,"BRA","BR",76,"BRL","3169059",NA,NA,"BRMG3169059",NA,"BRA.13.813_1"
"b22220a9",2021-03-16,100,3,NA,NA,NA,NA,NA,NA,NA,NA,3,3,2,4,1,1,-2,3,2,2,1,4,3,-3,-67.71,-81.48,-77.38,0,3,"Brazil","Minas Gerais","Tocos do Moji",-22.358205795,-46.1582863371239,4109,"BRA","BR",76,"BRL","3169059",NA,NA,"BRMG3169059",NA,"BRA.13.813_1"
"b22220a9",2021-03-17,101,3,NA,NA,287,209,78,NA,NA,NA,3,3,2,4,1,1,-2,3,2,2,1,4,3,-3,-67.71,-81.48,-77.38,0,3,"Brazil","Minas Gerais","Tocos do Moji",-22.358205795,-46.1582863371239,4109,"BRA","BR",76,"BRL","3169059",NA,NA,"BRMG3169059",NA,"BRA.13.813_1"
"b22220a9",2021-03-18,104,3,NA,NA,329,249,80,NA,NA,NA,3,3,2,4,1,1,-2,3,2,2,1,4,3,-3,-67.71,-81.48,-77.38,0,3,"Brazil","Minas Gerais","Tocos do Moji",-22.358205795,-46.1582863371239,4109,"BRA","BR",76,"BRL","3169059",NA,NA,"BRMG3169059",NA,"BRA.13.813_1"
"b22220a9",2021-03-19,106,3,NA,NA,NA,NA,NA,NA,NA,NA,3,3,2,4,1,1,-2,3,2,2,1,4,3,-3,-67.71,-81.48,-77.38,0,3,"Brazil","Minas Gerais","Tocos do Moji",-22.358205795,-46.1582863371239,4109,"BRA","BR",76,"BRL","3169059",NA,NA,"BRMG3169059",NA,"BRA.13.813_1"
"b22220a9",2021-03-20,106,3,NA,NA,330,250,80,NA,NA,NA,3,3,2,4,1,1,-2,3,2,2,1,4,3,-3,-67.71,-81.48,-77.38,0,3,"Brazil","Minas Gerais","Tocos do Moji",-22.358205795,-46.1582863371239,4109,"BRA","BR",76,"BRL","3169059",NA,NA,"BRMG3169059",NA,"BRA.13.813_1"
"b22220a9",2021-03-21,108,3,NA,NA,NA,NA,NA,NA,NA,NA,3,3,2,4,1,1,-2,3,2,2,1,4,3,1,-64.58,-81.48,-73.81,0,3,"Brazil","Minas Gerais","Tocos do Moji",-22.358205795,-46.1582863371239,4109,"BRA","BR",76,"BRL","3169059",NA,NA,"BRMG3169059",NA,"BRA.13.813_1"
"b22220a9",2021-03-22,108,3,NA,NA,NA,NA,NA,NA,NA,NA,3,3,2,4,1,1,-2,3,2,2,1,4,3,1,-64.58,-81.48,-73.81,0,3,"Brazil","Minas Gerais","Tocos do Moji",-22.358205795,-46.1582863371239,4109,"BRA","BR",76,"BRL","3169059",NA,NA,"BRMG3169059",NA,"BRA.13.813_1"
"b22220a9",2021-03-23,111,3,NA,NA,NA,NA,NA,NA,NA,NA,3,3,2,4,1,1,-2,3,2,2,1,4,3,1,-64.58,-81.48,-73.81,0,3,"Brazil","Minas Gerais","Tocos do Moji",-22.358205795,-46.1582863371239,4109,"BRA","BR",76,"BRL","3169059",NA,NA,"BRMG3169059",NA,"BRA.13.813_1"
"b22220a9",2021-03-24,111,3,NA,NA,373,250,123,NA,NA,NA,3,3,2,4,1,1,-2,3,2,2,1,4,3,1,-64.58,-81.48,-73.81,0,3,"Brazil","Minas Gerais","Tocos do Moji",-22.358205795,-46.1582863371239,4109,"BRA","BR",76,"BRL","3169059",NA,NA,"BRMG3169059",NA,"BRA.13.813_1"
"b22220a9",2021-03-25,112,3,NA,NA,443,320,123,NA,NA,NA,3,3,2,4,1,1,-2,3,2,2,1,4,3,1,-64.58,-81.48,-73.81,0,3,"Brazil","Minas Gerais","Tocos do Moji",-22.358205795,-46.1582863371239,4109,"BRA","BR",76,"BRL","3169059",NA,NA,"BRMG3169059",NA,"BRA.13.813_1"
"b22220a9",2021-03-26,114,3,NA,NA,482,359,123,NA,NA,NA,3,3,2,4,1,1,-2,3,2,2,1,4,3,1,-64.58,-81.48,-73.81,0,3,"Brazil","Minas Gerais","Tocos do Moji",-22.358205795,-46.1582863371239,4109,"BRA","BR",76,"BRL","3169059",NA,NA,"BRMG3169059",NA,"BRA.13.813_1"
"b22220a9",2021-03-27,114,3,NA,NA,632,509,123,NA,NA,NA,3,3,2,4,1,1,-2,3,2,2,1,4,3,1,-64.58,-81.48,-73.81,0,3,"Brazil","Minas Gerais","Tocos do Moji",-22.358205795,-46.1582863371239,4109,"BRA","BR",76,"BRL","3169059",NA,NA,"BRMG3169059",NA,"BRA.13.813_1"
"b22220a9",2021-03-28,116,3,NA,NA,NA,NA,NA,NA,NA,NA,3,3,2,4,1,1,-2,3,2,2,1,4,3,1,-64.58,-81.48,-73.81,0,3,"Brazil","Minas Gerais","Tocos do Moji",-22.358205795,-46.1582863371239,4109,"BRA","BR",76,"BRL","3169059",NA,NA,"BRMG3169059",NA,"BRA.13.813_1"
"b22220a9",2021-03-29,116,3,NA,NA,633,510,123,NA,NA,NA,3,3,2,4,1,1,-2,3,2,2,1,4,3,1,-64.58,-81.48,-73.81,0,3,"Brazil","Minas Gerais","Tocos do Moji",-22.358205795,-46.1582863371239,4109,"BRA","BR",76,"BRL","3169059",NA,NA,"BRMG3169059",NA,"BRA.13.813_1"
"b22220a9",2021-03-30,116,3,NA,NA,773,650,123,NA,NA,NA,3,3,2,4,1,1,-2,3,2,2,1,4,3,1,-64.58,-81.48,-73.81,0,3,"Brazil","Minas Gerais","Tocos do Moji",-22.358205795,-46.1582863371239,4109,"BRA","BR",76,"BRL","3169059",NA,NA,"BRMG3169059",NA,"BRA.13.813_1"
"b22220a9",2021-03-31,116,3,NA,NA,813,650,163,NA,NA,NA,3,3,2,4,1,1,-2,3,2,2,1,4,3,1,-64.58,-81.48,-73.81,0,3,"Brazil","Minas Gerais","Tocos do Moji",-22.358205795,-46.1582863371239,4109,"BRA","BR",76,"BRL","3169059",NA,NA,"BRMG3169059",NA,"BRA.13.813_1"
"b22220a9",2021-04-01,117,3,NA,NA,NA,NA,NA,NA,NA,NA,3,3,2,4,1,1,-2,3,2,2,1,4,3,1,-66.15,-81.48,-73.81,-12.5,3,"Brazil","Minas Gerais","Tocos do Moji",-22.358205795,-46.1582863371239,4109,"BRA","BR",76,"BRL","3169059",NA,NA,"BRMG3169059",NA,"BRA.13.813_1"
"b22220a9",2021-04-02,120,3,NA,NA,NA,NA,NA,NA,NA,NA,3,3,2,4,1,1,-2,3,2,2,1,4,3,1,-66.15,-81.48,-73.81,-12.5,3,"Brazil","Minas Gerais","Tocos do Moji",-22.358205795,-46.1582863371239,4109,"BRA","BR",76,"BRL","3169059",NA,NA,"BRMG3169059",NA,"BRA.13.813_1"
"b22220a9",2021-04-03,123,3,NA,NA,NA,NA,NA,NA,NA,NA,3,3,2,4,1,1,-2,3,2,2,1,4,3,1,-66.15,-81.48,-73.81,-12.5,3,"Brazil","Minas Gerais","Tocos do Moji",-22.358205795,-46.1582863371239,4109,"BRA","BR",76,"BRL","3169059",NA,NA,"BRMG3169059",NA,"BRA.13.813_1"
"b22220a9",2021-04-04,123,3,NA,NA,NA,NA,NA,NA,NA,NA,3,3,2,4,1,1,-2,3,2,2,1,4,3,1,-66.15,-81.48,-73.81,-12.5,3,"Brazil","Minas Gerais","Tocos do Moji",-22.358205795,-46.1582863371239,4109,"BRA","BR",76,"BRL","3169059",NA,NA,"BRMG3169059",NA,"BRA.13.813_1"
"b22220a9",2021-04-05,123,3,NA,NA,NA,NA,NA,NA,NA,NA,3,3,2,4,1,1,-2,3,2,2,1,4,3,1,-66.15,-81.48,-73.81,-12.5,3,"Brazil","Minas Gerais","Tocos do Moji",-22.358205795,-46.1582863371239,4109,"BRA","BR",76,"BRL","3169059",NA,NA,"BRMG3169059",NA,"BRA.13.813_1"
"b22220a9",2021-04-06,123,3,NA,NA,NA,NA,NA,NA,NA,NA,3,3,2,4,1,1,-2,3,2,2,1,4,3,1,-66.15,-81.48,-73.81,-12.5,3,"Brazil","Minas Gerais","Tocos do Moji",-22.358205795,-46.1582863371239,4109,"BRA","BR",76,"BRL","3169059",NA,NA,"BRMG3169059",NA,"BRA.13.813_1"
"b22220a9",2021-04-07,128,3,NA,NA,821,658,163,NA,NA,NA,3,3,2,4,1,1,-2,3,2,2,1,4,3,1,-66.15,-81.48,-73.81,-12.5,3,"Brazil","Minas Gerais","Tocos do Moji",-22.358205795,-46.1582863371239,4109,"BRA","BR",76,"BRL","3169059",NA,NA,"BRMG3169059",NA,"BRA.13.813_1"
"b22220a9",2021-04-08,130,3,NA,NA,890,658,232,NA,NA,NA,3,3,2,4,1,1,-2,3,2,2,1,4,3,1,-66.15,-81.48,-73.81,-12.5,3,"Brazil","Minas Gerais","Tocos do Moji",-22.358205795,-46.1582863371239,4109,"BRA","BR",76,"BRL","3169059",NA,NA,"BRMG3169059",NA,"BRA.13.813_1"
"b22220a9",2021-04-09,130,3,NA,NA,918,658,260,NA,NA,NA,3,3,2,4,1,1,-2,3,2,2,1,4,3,1,-66.15,-81.48,-73.81,-12.5,3,"Brazil","Minas Gerais","Tocos do Moji",-22.358205795,-46.1582863371239,4109,"BRA","BR",76,"BRL","3169059",NA,NA,"BRMG3169059",NA,"BRA.13.813_1"
"b22220a9",2021-04-10,130,3,NA,NA,NA,NA,NA,NA,NA,NA,3,3,2,4,1,1,-2,3,2,2,1,4,3,1,-66.15,-81.48,-73.81,-12.5,3,"Brazil","Minas Gerais","Tocos do Moji",-22.358205795,-46.1582863371239,4109,"BRA","BR",76,"BRL","3169059",NA,NA,"BRMG3169059",NA,"BRA.13.813_1"
"b22220a9",2021-04-11,132,3,NA,NA,NA,NA,NA,NA,NA,NA,3,3,2,4,1,1,-2,3,2,2,1,4,3,1,-66.15,-81.48,-73.81,-12.5,3,"Brazil","Minas Gerais","Tocos do Moji",-22.358205795,-46.1582863371239,4109,"BRA","BR",76,"BRL","3169059",NA,NA,"BRMG3169059",NA,"BRA.13.813_1"
"b22220a9",2021-04-12,132,3,NA,NA,1056,660,396,NA,NA,NA,3,3,2,4,1,1,-2,3,2,2,1,4,3,1,-66.15,-81.48,-73.81,-12.5,3,"Brazil","Minas Gerais","Tocos do Moji",-22.358205795,-46.1582863371239,4109,"BRA","BR",76,"BRL","3169059",NA,NA,"BRMG3169059",NA,"BRA.13.813_1"
"b22220a9",2021-04-13,132,3,NA,NA,NA,NA,NA,NA,NA,NA,3,3,2,4,1,1,-2,3,2,2,1,4,3,1,-66.15,-81.48,-73.81,-12.5,3,"Brazil","Minas Gerais","Tocos do Moji",-22.358205795,-46.1582863371239,4109,"BRA","BR",76,"BRL","3169059",NA,NA,"BRMG3169059",NA,"BRA.13.813_1"
"b22220a9",2021-04-14,132,3,NA,NA,1083,671,412,NA,NA,NA,3,3,2,4,1,1,-2,3,2,2,1,4,3,1,-66.15,-81.48,-73.81,-12.5,3,"Brazil","Minas Gerais","Tocos do Moji",-22.358205795,-46.1582863371239,4109,"BRA","BR",76,"BRL","3169059",NA,NA,"BRMG3169059",NA,"BRA.13.813_1"
"b22220a9",2021-04-15,132,3,NA,NA,1127,715,412,NA,NA,NA,3,3,2,4,1,1,-2,3,2,2,1,4,3,1,-66.15,-81.48,-73.81,-12.5,3,"Brazil","Minas Gerais","Tocos do Moji",-22.358205795,-46.1582863371239,4109,"BRA","BR",76,"BRL","3169059",NA,NA,"BRMG3169059",NA,"BRA.13.813_1"
"b22220a9",2021-04-16,133,3,NA,NA,NA,NA,NA,NA,NA,NA,3,3,2,4,1,1,-2,3,2,2,1,4,3,1,-66.15,-81.48,-73.81,-12.5,3,"Brazil","Minas Gerais","Tocos do Moji",-22.358205795,-46.1582863371239,4109,"BRA","BR",76,"BRL","3169059",NA,NA,"BRMG3169059",NA,"BRA.13.813_1"
"b22220a9",2021-04-17,135,3,NA,NA,NA,NA,NA,NA,NA,NA,3,3,2,4,1,1,-2,3,2,2,1,4,3,1,-66.15,-81.48,-73.81,-12.5,3,"Brazil","Minas Gerais","Tocos do Moji",-22.358205795,-46.1582863371239,4109,"BRA","BR",76,"BRL","3169059",NA,NA,"BRMG3169059",NA,"BRA.13.813_1"
"b22220a9",2021-04-18,135,3,NA,NA,NA,NA,NA,NA,NA,NA,3,3,2,4,1,1,-2,3,2,2,1,4,3,1,-66.15,-81.48,-73.81,-12.5,3,"Brazil","Minas Gerais","Tocos do Moji",-22.358205795,-46.1582863371239,4109,"BRA","BR",76,"BRL","3169059",NA,NA,"BRMG3169059",NA,"BRA.13.813_1"
"b22220a9",2021-04-19,135,3,NA,NA,1187,715,472,NA,NA,NA,3,3,2,4,1,1,-2,3,2,2,1,4,3,1,-66.15,-81.48,-73.81,-12.5,3,"Brazil","Minas Gerais","Tocos do Moji",-22.358205795,-46.1582863371239,4109,"BRA","BR",76,"BRL","3169059",NA,NA,"BRMG3169059",NA,"BRA.13.813_1"
"b22220a9",2021-04-20,135,3,NA,NA,NA,NA,NA,NA,NA,NA,3,3,2,4,1,1,-2,3,2,2,1,4,3,1,-66.15,-81.48,-73.81,-12.5,3,"Brazil","Minas Gerais","Tocos do Moji",-22.358205795,-46.1582863371239,4109,"BRA","BR",76,"BRL","3169059",NA,NA,"BRMG3169059",NA,"BRA.13.813_1"
"b22220a9",2021-04-21,136,3,NA,NA,NA,NA,NA,NA,NA,NA,3,3,2,4,1,1,-2,3,2,2,1,4,3,1,-66.15,-81.48,-73.81,-12.5,3,"Brazil","Minas Gerais","Tocos do Moji",-22.358205795,-46.1582863371239,4109,"BRA","BR",76,"BRL","3169059",NA,NA,"BRMG3169059",NA,"BRA.13.813_1"
"b22220a9",2021-04-22,139,3,NA,NA,1235,717,518,NA,NA,NA,-3,-3,-2,-4,1,1,-2,3,2,2,1,4,3,1,-61.72,-73.61,-68.75,-12.5,3,"Brazil","Minas Gerais","Tocos do Moji",-22.358205795,-46.1582863371239,4109,"BRA","BR",76,"BRL","3169059",NA,NA,"BRMG3169059",NA,"BRA.13.813_1"
"b22220a9",2021-04-23,140,3,NA,NA,1343,825,518,NA,NA,NA,-3,-3,-2,-4,1,1,-2,3,2,2,1,4,3,1,-61.72,-73.61,-68.75,-12.5,3,"Brazil","Minas Gerais","Tocos do Moji",-22.358205795,-46.1582863371239,4109,"BRA","BR",76,"BRL","3169059",NA,NA,"BRMG3169059",NA,"BRA.13.813_1"
"b22220a9",2021-04-24,140,3,NA,NA,NA,NA,NA,NA,NA,NA,-3,-3,-2,-4,1,1,-2,3,2,2,1,4,3,1,-61.72,-73.61,-68.75,-12.5,3,"Brazil","Minas Gerais","Tocos do Moji",-22.358205795,-46.1582863371239,4109,"BRA","BR",76,"BRL","3169059",NA,NA,"BRMG3169059",NA,"BRA.13.813_1"
"b22220a9",2021-04-25,140,3,NA,NA,NA,NA,NA,NA,NA,NA,-3,-3,-2,-4,1,1,-2,3,2,2,1,4,3,1,-61.72,-73.61,-68.75,-12.5,3,"Brazil","Minas Gerais","Tocos do Moji",-22.358205795,-46.1582863371239,4109,"BRA","BR",76,"BRL","3169059",NA,NA,"BRMG3169059",NA,"BRA.13.813_1"
"b22220a9",2021-04-26,141,3,NA,NA,1344,826,518,NA,NA,NA,-3,-3,-2,-4,1,1,-2,3,2,2,1,4,3,1,-61.72,-73.61,-68.75,-12.5,3,"Brazil","Minas Gerais","Tocos do Moji",-22.358205795,-46.1582863371239,4109,"BRA","BR",76,"BRL","3169059",NA,NA,"BRMG3169059",NA,"BRA.13.813_1"
"b22220a9",2021-04-27,141,3,NA,NA,NA,NA,NA,NA,NA,NA,-3,-3,-2,-4,1,1,-2,3,2,2,1,4,3,1,-61.72,-73.61,-68.75,-12.5,3,"Brazil","Minas Gerais","Tocos do Moji",-22.358205795,-46.1582863371239,4109,"BRA","BR",76,"BRL","3169059",NA,NA,"BRMG3169059",NA,"BRA.13.813_1"
"b22220a9",2021-04-28,142,3,NA,NA,1400,882,518,NA,NA,NA,-3,-3,-2,-4,1,1,-2,3,2,1,1,4,3,1,-59.64,-73.61,-66.37,-12.5,3,"Brazil","Minas Gerais","Tocos do Moji",-22.358205795,-46.1582863371239,4109,"BRA","BR",76,"BRL","3169059",NA,NA,"BRMG3169059",NA,"BRA.13.813_1"
"b22220a9",2021-04-29,142,3,NA,NA,NA,NA,NA,NA,NA,NA,-3,2,1,3,1,1,1,3,2,1,1,4,3,1,-54.69,-64.81,-60.71,-12.5,3,"Brazil","Minas Gerais","Tocos do Moji",-22.358205795,-46.1582863371239,4109,"BRA","BR",76,"BRL","3169059",NA,NA,"BRMG3169059",NA,"BRA.13.813_1"
"b22220a9",2021-04-30,142,3,NA,NA,1430,882,548,NA,NA,NA,-3,2,1,3,1,1,1,3,2,1,1,4,3,1,-54.69,-64.81,-60.71,-12.5,3,"Brazil","Minas Gerais","Tocos do Moji",-22.358205795,-46.1582863371239,4109,"BRA","BR",76,"BRL","3169059",NA,NA,"BRMG3169059",NA,"BRA.13.813_1"
"b22220a9",2021-05-01,142,3,NA,NA,NA,NA,NA,NA,NA,NA,-3,2,1,3,1,1,1,3,2,1,1,4,3,1,-54.69,-64.81,-60.71,-12.5,3,"Brazil","Minas Gerais","Tocos do Moji",-22.358205795,-46.1582863371239,4109,"BRA","BR",76,"BRL","3169059",NA,NA,"BRMG3169059",NA,"BRA.13.813_1"
"b22220a9",2021-05-02,142,3,NA,NA,NA,NA,NA,NA,NA,NA,-3,2,1,3,1,1,1,3,2,1,1,4,3,1,-54.69,-64.81,-60.71,-12.5,3,"Brazil","Minas Gerais","Tocos do Moji",-22.358205795,-46.1582863371239,4109,"BRA","BR",76,"BRL","3169059",NA,NA,"BRMG3169059",NA,"BRA.13.813_1"
"b22220a9",2021-05-03,142,3,NA,NA,1465,886,579,NA,NA,NA,-3,2,1,3,1,1,1,3,2,1,1,4,3,1,-54.69,-64.81,-60.71,-12.5,3,"Brazil","Minas Gerais","Tocos do Moji",-22.358205795,-46.1582863371239,4109,"BRA","BR",76,"BRL","3169059",NA,NA,"BRMG3169059",NA,"BRA.13.813_1"
"b22220a9",2021-05-04,142,3,NA,NA,NA,NA,NA,NA,NA,NA,-3,2,1,3,1,1,1,3,2,1,1,4,3,1,-54.69,-64.81,-60.71,-12.5,3,"Brazil","Minas Gerais","Tocos do Moji",-22.358205795,-46.1582863371239,4109,"BRA","BR",76,"BRL","3169059",NA,NA,"BRMG3169059",NA,"BRA.13.813_1"
"b22220a9",2021-05-05,142,3,NA,NA,1592,1013,579,NA,NA,NA,-3,2,1,3,1,1,1,3,2,1,1,4,3,1,-54.69,-64.81,-60.71,-12.5,3,"Brazil","Minas Gerais","Tocos do Moji",-22.358205795,-46.1582863371239,4109,"BRA","BR",76,"BRL","3169059",NA,NA,"BRMG3169059",NA,"BRA.13.813_1"
"b22220a9",2021-05-06,142,3,NA,NA,1597,1018,579,NA,NA,NA,-3,2,1,3,1,1,1,3,2,1,1,4,3,1,-54.69,-64.81,-60.71,-12.5,3,"Brazil","Minas Gerais","Tocos do Moji",-22.358205795,-46.1582863371239,4109,"BRA","BR",76,"BRL","3169059",NA,NA,"BRMG3169059",NA,"BRA.13.813_1"
"b22220a9",2021-05-07,142,3,NA,NA,1669,1081,588,NA,NA,NA,-3,2,1,3,1,1,1,3,2,1,1,4,3,1,-54.69,-64.81,-60.71,-12.5,3,"Brazil","Minas Gerais","Tocos do Moji",-22.358205795,-46.1582863371239,4109,"BRA","BR",76,"BRL","3169059",NA,NA,"BRMG3169059",NA,"BRA.13.813_1"
"b22220a9",2021-05-08,144,3,NA,NA,NA,NA,NA,NA,NA,NA,-3,2,1,3,1,1,1,3,2,1,1,4,3,1,-54.69,-64.81,-60.71,-12.5,3,"Brazil","Minas Gerais","Tocos do Moji",-22.358205795,-46.1582863371239,4109,"BRA","BR",76,"BRL","3169059",NA,NA,"BRMG3169059",NA,"BRA.13.813_1"
"b22220a9",2021-05-09,144,3,NA,NA,NA,NA,NA,NA,NA,NA,-3,2,1,3,1,1,1,3,2,1,1,4,3,1,-54.69,-64.81,-60.71,-12.5,3,"Brazil","Minas Gerais","Tocos do Moji",-22.358205795,-46.1582863371239,4109,"BRA","BR",76,"BRL","3169059",NA,NA,"BRMG3169059",NA,"BRA.13.813_1"
"b22220a9",2021-05-10,144,3,NA,NA,NA,NA,NA,NA,NA,NA,-3,2,1,3,1,1,1,3,2,1,1,4,3,1,-54.69,-64.81,-60.71,-12.5,3,"Brazil","Minas Gerais","Tocos do Moji",-22.358205795,-46.1582863371239,4109,"BRA","BR",76,"BRL","3169059",NA,NA,"BRMG3169059",NA,"BRA.13.813_1"
"b22220a9",2021-05-11,144,3,NA,NA,NA,NA,NA,NA,NA,NA,-3,2,1,3,1,-2,1,3,2,1,1,4,3,1,-55.73,-66.67,-61.9,-12.5,3,"Brazil","Minas Gerais","Tocos do Moji",-22.358205795,-46.1582863371239,4109,"BRA","BR",76,"BRL","3169059",NA,NA,"BRMG3169059",NA,"BRA.13.813_1"
"b22220a9",2021-05-12,144,3,NA,NA,1677,1085,592,NA,NA,NA,-3,2,1,3,1,-2,1,3,2,1,1,4,3,1,-55.73,-66.67,-61.9,-12.5,3,"Brazil","Minas Gerais","Tocos do Moji",-22.358205795,-46.1582863371239,4109,"BRA","BR",76,"BRL","3169059",NA,NA,"BRMG3169059",NA,"BRA.13.813_1"
"b22220a9",2021-05-13,144,3,NA,NA,1733,1141,592,NA,NA,NA,-3,-2,1,3,1,-2,1,3,2,1,1,4,3,1,-54.69,-64.81,-60.71,-12.5,3,"Brazil","Minas Gerais","Tocos do Moji",-22.358205795,-46.1582863371239,4109,"BRA","BR",76,"BRL","3169059",NA,NA,"BRMG3169059",NA,"BRA.13.813_1"
"b22220a9",2021-05-14,144,3,NA,NA,NA,NA,NA,NA,NA,NA,-3,-2,1,3,1,-2,1,3,2,1,1,4,3,1,-54.69,-64.81,-60.71,-12.5,3,"Brazil","Minas Gerais","Tocos do Moji",-22.358205795,-46.1582863371239,4109,"BRA","BR",76,"BRL","3169059",NA,NA,"BRMG3169059",NA,"BRA.13.813_1"
"b22220a9",2021-05-15,146,3,NA,NA,NA,NA,NA,NA,NA,NA,-3,-2,1,3,1,-2,1,3,2,1,1,4,3,1,-54.69,-64.81,-60.71,-12.5,3,"Brazil","Minas Gerais","Tocos do Moji",-22.358205795,-46.1582863371239,4109,"BRA","BR",76,"BRL","3169059",NA,NA,"BRMG3169059",NA,"BRA.13.813_1"
"b22220a9",2021-05-16,146,3,NA,NA,NA,NA,NA,NA,NA,NA,-3,-2,1,3,1,-2,1,3,2,1,1,4,3,1,-54.69,-64.81,-60.71,-12.5,3,"Brazil","Minas Gerais","Tocos do Moji",-22.358205795,-46.1582863371239,4109,"BRA","BR",76,"BRL","3169059",NA,NA,"BRMG3169059",NA,"BRA.13.813_1"
"b22220a9",2021-05-17,146,3,NA,NA,1779,1186,593,NA,NA,NA,-3,-2,1,3,1,-2,1,3,2,1,1,4,3,1,-54.69,-64.81,-60.71,-12.5,3,"Brazil","Minas Gerais","Tocos do Moji",-22.358205795,-46.1582863371239,4109,"BRA","BR",76,"BRL","3169059",NA,NA,"BRMG3169059",NA,"BRA.13.813_1"
"b22220a9",2021-05-18,146,3,NA,NA,NA,NA,NA,NA,NA,NA,-3,-2,1,3,1,-2,1,3,2,1,1,4,3,1,-54.69,-64.81,-60.71,-12.5,3,"Brazil","Minas Gerais","Tocos do Moji",-22.358205795,-46.1582863371239,4109,"BRA","BR",76,"BRL","3169059",NA,NA,"BRMG3169059",NA,"BRA.13.813_1"
"b22220a9",2021-05-19,146,3,NA,NA,NA,NA,NA,NA,NA,NA,-3,-2,1,3,1,-2,1,3,2,1,1,4,3,1,-54.69,-64.81,-60.71,-12.5,3,"Brazil","Minas Gerais","Tocos do Moji",-22.358205795,-46.1582863371239,4109,"BRA","BR",76,"BRL","3169059",NA,NA,"BRMG3169059",NA,"BRA.13.813_1"
"b22220a9",2021-05-20,148,3,NA,NA,1853,1260,593,NA,NA,NA,-3,-2,1,3,1,-2,1,3,2,1,1,4,3,1,-54.69,-64.81,-60.71,-12.5,3,"Brazil","Minas Gerais","Tocos do Moji",-22.358205795,-46.1582863371239,4109,"BRA","BR",76,"BRL","3169059",NA,NA,"BRMG3169059",NA,"BRA.13.813_1"
"b22220a9",2021-05-21,148,3,NA,NA,NA,NA,NA,NA,NA,NA,-3,-2,1,3,1,-2,1,3,2,1,1,4,3,1,-54.69,-64.81,-60.71,-12.5,3,"Brazil","Minas Gerais","Tocos do Moji",-22.358205795,-46.1582863371239,4109,"BRA","BR",76,"BRL","3169059",NA,NA,"BRMG3169059",NA,"BRA.13.813_1"
"b22220a9",2021-05-22,151,3,NA,NA,NA,NA,NA,NA,NA,NA,-3,-2,1,3,1,-2,1,3,2,1,1,4,3,1,-54.69,-64.81,-60.71,-12.5,3,"Brazil","Minas Gerais","Tocos do Moji",-22.358205795,-46.1582863371239,4109,"BRA","BR",76,"BRL","3169059",NA,NA,"BRMG3169059",NA,"BRA.13.813_1"
"b22220a9",2021-05-23,155,3,NA,NA,NA,NA,NA,NA,NA,NA,-3,-2,1,3,1,-2,1,3,2,1,1,4,3,1,-54.69,-64.81,-60.71,-12.5,3,"Brazil","Minas Gerais","Tocos do Moji",-22.358205795,-46.1582863371239,4109,"BRA","BR",76,"BRL","3169059",NA,NA,"BRMG3169059",NA,"BRA.13.813_1"
"b22220a9",2021-05-24,155,3,NA,NA,NA,NA,NA,NA,NA,NA,-3,-2,1,3,1,-2,1,3,2,1,1,4,3,1,-54.69,-64.81,-60.71,-12.5,3,"Brazil","Minas Gerais","Tocos do Moji",-22.358205795,-46.1582863371239,4109,"BRA","BR",76,"BRL","3169059",NA,NA,"BRMG3169059",NA,"BRA.13.813_1"
"b22220a9",2021-05-25,155,3,NA,NA,NA,NA,NA,NA,NA,NA,-3,-2,1,3,1,-2,1,3,2,1,1,4,3,1,-54.69,-64.81,-60.71,-12.5,3,"Brazil","Minas Gerais","Tocos do Moji",-22.358205795,-46.1582863371239,4109,"BRA","BR",76,"BRL","3169059",NA,NA,"BRMG3169059",NA,"BRA.13.813_1"
"b22220a9",2021-05-26,155,3,NA,NA,1912,1319,593,NA,NA,NA,-3,-2,1,3,1,-2,1,3,2,1,1,4,3,1,-54.69,-64.81,-60.71,-12.5,3,"Brazil","Minas Gerais","Tocos do Moji",-22.358205795,-46.1582863371239,4109,"BRA","BR",76,"BRL","3169059",NA,NA,"BRMG3169059",NA,"BRA.13.813_1"
"b22220a9",2021-05-27,156,3,NA,NA,1915,1319,596,NA,NA,NA,-3,-2,1,3,1,1,1,3,2,1,1,4,3,1,-53.65,-62.96,-59.52,-12.5,3,"Brazil","Minas Gerais","Tocos do Moji",-22.358205795,-46.1582863371239,4109,"BRA","BR",76,"BRL","3169059",NA,NA,"BRMG3169059",NA,"BRA.13.813_1"
"b22220a9",2021-05-28,156,3,NA,NA,NA,NA,NA,NA,NA,NA,-3,-2,1,3,1,1,1,3,2,1,1,4,4,1,-55.52,-62.96,-61.67,-12.5,3,"Brazil","Minas Gerais","Tocos do Moji",-22.358205795,-46.1582863371239,4109,"BRA","BR",76,"BRL","3169059",NA,NA,"BRMG3169059",NA,"BRA.13.813_1"
"b22220a9",2021-05-29,156,3,NA,NA,NA,NA,NA,NA,NA,NA,-3,-2,1,3,1,1,1,3,2,1,1,4,4,1,-55.52,-62.96,-61.67,-12.5,3,"Brazil","Minas Gerais","Tocos do Moji",-22.358205795,-46.1582863371239,4109,"BRA","BR",76,"BRL","3169059",NA,NA,"BRMG3169059",NA,"BRA.13.813_1"
"b22220a9",2021-05-30,158,3,NA,NA,NA,NA,NA,NA,NA,NA,-3,-2,1,3,1,1,1,3,2,1,1,4,4,1,-55.52,-62.96,-61.67,-12.5,3,"Brazil","Minas Gerais","Tocos do Moji",-22.358205795,-46.1582863371239,4109,"BRA","BR",76,"BRL","3169059",NA,NA,"BRMG3169059",NA,"BRA.13.813_1"
"b22220a9",2021-05-31,158,3,NA,NA,NA,NA,NA,NA,NA,NA,-3,-2,1,3,1,1,1,3,2,1,1,4,4,1,-55.52,-62.96,-61.67,-12.5,3,"Brazil","Minas Gerais","Tocos do Moji",-22.358205795,-46.1582863371239,4109,"BRA","BR",76,"BRL","3169059",NA,NA,"BRMG3169059",NA,"BRA.13.813_1"
"b22220a9",2021-06-01,158,3,NA,NA,1916,1320,596,NA,NA,NA,-3,-2,1,3,1,1,1,3,2,1,1,4,4,1,-55.52,-62.96,-61.67,-12.5,3,"Brazil","Minas Gerais","Tocos do Moji",-22.358205795,-46.1582863371239,4109,"BRA","BR",76,"BRL","3169059",NA,NA,"BRMG3169059",NA,"BRA.13.813_1"
"b22220a9",2021-06-02,162,3,NA,NA,2037,1392,645,NA,NA,NA,-3,-2,1,3,1,1,1,3,2,1,1,4,4,1,-55.52,-62.96,-61.67,-12.5,3,"Brazil","Minas Gerais","Tocos do Moji",-22.358205795,-46.1582863371239,4109,"BRA","BR",76,"BRL","3169059",NA,NA,"BRMG3169059",NA,"BRA.13.813_1"
"b22220a9",2021-06-03,166,3,NA,NA,NA,NA,NA,NA,NA,NA,-3,-2,1,3,1,1,1,3,2,1,1,4,4,1,-55.52,-62.96,-61.67,-12.5,3,"Brazil","Minas Gerais","Tocos do Moji",-22.358205795,-46.1582863371239,4109,"BRA","BR",76,"BRL","3169059",NA,NA,"BRMG3169059",NA,"BRA.13.813_1"
"b22220a9",2021-06-04,169,3,NA,NA,NA,NA,NA,NA,NA,NA,-3,-2,1,3,1,1,1,3,2,1,1,4,4,1,-55.52,-62.96,-61.67,-12.5,3,"Brazil","Minas Gerais","Tocos do Moji",-22.358205795,-46.1582863371239,4109,"BRA","BR",76,"BRL","3169059",NA,NA,"BRMG3169059",NA,"BRA.13.813_1"
"b22220a9",2021-06-05,172,3,NA,NA,NA,NA,NA,NA,NA,NA,-3,-2,1,3,1,1,1,3,2,1,1,4,4,1,-55.52,-62.96,-61.67,-12.5,3,"Brazil","Minas Gerais","Tocos do Moji",-22.358205795,-46.1582863371239,4109,"BRA","BR",76,"BRL","3169059",NA,NA,"BRMG3169059",NA,"BRA.13.813_1"
"b22220a9",2021-06-06,177,3,NA,NA,NA,NA,NA,NA,NA,NA,-3,-2,1,3,1,1,1,3,2,1,1,4,4,1,-55.52,-62.96,-61.67,-12.5,3,"Brazil","Minas Gerais","Tocos do Moji",-22.358205795,-46.1582863371239,4109,"BRA","BR",76,"BRL","3169059",NA,NA,"BRMG3169059",NA,"BRA.13.813_1"
"b22220a9",2021-06-07,177,3,NA,NA,NA,NA,NA,NA,NA,NA,-3,-2,1,3,1,1,1,3,2,1,1,4,4,1,-55.52,-62.96,-61.67,-12.5,3,"Brazil","Minas Gerais","Tocos do Moji",-22.358205795,-46.1582863371239,4109,"BRA","BR",76,"BRL","3169059",NA,NA,"BRMG3169059",NA,"BRA.13.813_1"
"b22220a9",2021-06-08,184,3,NA,NA,NA,NA,NA,NA,NA,NA,-3,-2,1,3,1,1,1,3,2,1,1,4,4,1,-55.52,-62.96,-61.67,-12.5,3,"Brazil","Minas Gerais","Tocos do Moji",-22.358205795,-46.1582863371239,4109,"BRA","BR",76,"BRL","3169059",NA,NA,"BRMG3169059",NA,"BRA.13.813_1"
"b22220a9",2021-06-09,193,3,NA,NA,NA,NA,NA,NA,NA,NA,-3,-2,1,3,1,1,1,3,2,1,1,4,4,1,-55.52,-62.96,-61.67,-12.5,3,"Brazil","Minas Gerais","Tocos do Moji",-22.358205795,-46.1582863371239,4109,"BRA","BR",76,"BRL","3169059",NA,NA,"BRMG3169059",NA,"BRA.13.813_1"
"b22220a9",2021-06-10,198,3,NA,NA,2138,1493,645,NA,NA,NA,-3,-2,1,3,1,1,1,3,2,1,1,4,4,1,-55.52,-62.96,-61.67,-12.5,3,"Brazil","Minas Gerais","Tocos do Moji",-22.358205795,-46.1582863371239,4109,"BRA","BR",76,"BRL","3169059",NA,NA,"BRMG3169059",NA,"BRA.13.813_1"
"b22220a9",2021-06-11,208,3,NA,NA,2150,1505,645,NA,NA,NA,-3,-2,1,3,1,1,1,3,2,1,1,4,4,1,-55.52,-62.96,-61.67,-12.5,3,"Brazil","Minas Gerais","Tocos do Moji",-22.358205795,-46.1582863371239,4109,"BRA","BR",76,"BRL","3169059",NA,NA,"BRMG3169059",NA,"BRA.13.813_1"
"b22220a9",2021-06-12,224,3,NA,NA,NA,NA,NA,NA,NA,NA,-3,-2,1,3,1,1,1,3,2,1,1,4,4,1,-55.52,-62.96,-61.67,-12.5,3,"Brazil","Minas Gerais","Tocos do Moji",-22.358205795,-46.1582863371239,4109,"BRA","BR",76,"BRL","3169059",NA,NA,"BRMG3169059",NA,"BRA.13.813_1"
"b22220a9",2021-06-13,226,3,NA,NA,NA,NA,NA,NA,NA,NA,-3,-2,1,3,1,1,1,3,2,1,1,4,4,1,-55.52,-62.96,-61.67,-12.5,3,"Brazil","Minas Gerais","Tocos do Moji",-22.358205795,-46.1582863371239,4109,"BRA","BR",76,"BRL","3169059",NA,NA,"BRMG3169059",NA,"BRA.13.813_1"
"b22220a9",2021-06-14,226,3,NA,NA,NA,NA,NA,NA,NA,NA,-3,-2,1,3,1,1,1,3,2,1,1,4,4,1,-55.52,-62.96,-61.67,-12.5,3,"Brazil","Minas Gerais","Tocos do Moji",-22.358205795,-46.1582863371239,4109,"BRA","BR",76,"BRL","3169059",NA,NA,"BRMG3169059",NA,"BRA.13.813_1"
"b22220a9",2021-06-15,239,3,NA,NA,NA,NA,NA,NA,NA,NA,-3,-2,1,3,1,1,1,3,2,1,1,4,4,1,-54.9,-62.96,-60.95,-12.5,3,"Brazil","Minas Gerais","Tocos do Moji",-22.358205795,-46.1582863371239,4109,"BRA","BR",76,"BRL","3169059",NA,NA,"BRMG3169059",NA,"BRA.13.813_1"
"b22220a9",2021-06-16,249,4,NA,NA,2179,1533,646,NA,NA,NA,-3,-2,1,3,1,1,1,3,2,1,1,4,4,1,-54.9,-62.96,-60.95,-12.5,3,"Brazil","Minas Gerais","Tocos do Moji",-22.358205795,-46.1582863371239,4109,"BRA","BR",76,"BRL","3169059",NA,NA,"BRMG3169059",NA,"BRA.13.813_1"
"b22220a9",2021-06-17,257,4,NA,NA,2394,1747,647,NA,NA,NA,-3,-2,1,3,1,1,1,3,2,1,1,4,4,1,-54.9,-62.96,-60.95,-12.5,3,"Brazil","Minas Gerais","Tocos do Moji",-22.358205795,-46.1582863371239,4109,"BRA","BR",76,"BRL","3169059",NA,NA,"BRMG3169059",NA,"BRA.13.813_1"
"b22220a9",2021-06-18,265,4,NA,NA,2418,1771,647,NA,NA,NA,-3,-2,1,3,1,1,1,3,2,1,1,4,4,1,-54.9,-62.96,-60.95,-12.5,3,"Brazil","Minas Gerais","Tocos do Moji",-22.358205795,-46.1582863371239,4109,"BRA","BR",76,"BRL","3169059",NA,NA,"BRMG3169059",NA,"BRA.13.813_1"
"b22220a9",2021-06-19,280,4,NA,NA,NA,NA,NA,NA,NA,NA,-3,-2,1,3,1,1,1,3,2,1,1,4,4,1,-54.9,-62.96,-60.95,-12.5,3,"Brazil","Minas Gerais","Tocos do Moji",-22.358205795,-46.1582863371239,4109,"BRA","BR",76,"BRL","3169059",NA,NA,"BRMG3169059",NA,"BRA.13.813_1"
"b22220a9",2021-06-20,282,4,NA,NA,NA,NA,NA,NA,NA,NA,-3,-2,1,3,1,1,1,3,2,1,1,4,4,1,-54.9,-62.96,-60.95,-12.5,3,"Brazil","Minas Gerais","Tocos do Moji",-22.358205795,-46.1582863371239,4109,"BRA","BR",76,"BRL","3169059",NA,NA,"BRMG3169059",NA,"BRA.13.813_1"
"b22220a9",2021-06-21,282,4,NA,NA,NA,NA,NA,NA,NA,NA,-3,-2,1,3,1,1,1,3,2,1,1,4,4,1,-54.9,-62.96,-60.95,-12.5,3,"Brazil","Minas Gerais","Tocos do Moji",-22.358205795,-46.1582863371239,4109,"BRA","BR",76,"BRL","3169059",NA,NA,"BRMG3169059",NA,"BRA.13.813_1"
"b22220a9",2021-06-22,295,4,NA,NA,NA,NA,NA,NA,NA,NA,-3,-2,1,3,1,1,1,3,2,1,1,4,4,1,-54.9,-62.96,-60.95,-12.5,3,"Brazil","Minas Gerais","Tocos do Moji",-22.358205795,-46.1582863371239,4109,"BRA","BR",76,"BRL","3169059",NA,NA,"BRMG3169059",NA,"BRA.13.813_1"
"b22220a9",2021-06-23,313,4,NA,NA,2478,1831,647,NA,NA,NA,-3,-2,1,3,1,1,1,3,2,1,1,4,4,1,-54.9,-62.96,-60.95,-12.5,3,"Brazil","Minas Gerais","Tocos do Moji",-22.358205795,-46.1582863371239,4109,"BRA","BR",76,"BRL","3169059",NA,NA,"BRMG3169059",NA,"BRA.13.813_1"
"b22220a9",2021-06-24,317,4,NA,NA,NA,NA,NA,NA,NA,NA,-3,-2,1,3,1,1,1,3,2,1,1,4,4,1,-54.9,-62.96,-60.95,-12.5,3,"Brazil","Minas Gerais","Tocos do Moji",-22.358205795,-46.1582863371239,4109,"BRA","BR",76,"BRL","3169059",NA,NA,"BRMG3169059",NA,"BRA.13.813_1"
"b22220a9",2021-06-25,327,4,NA,NA,NA,NA,NA,NA,NA,NA,-3,-2,1,3,1,1,1,3,2,1,1,4,4,1,-54.9,-62.96,-60.95,-12.5,3,"Brazil","Minas Gerais","Tocos do Moji",-22.358205795,-46.1582863371239,4109,"BRA","BR",76,"BRL","3169059",NA,NA,"BRMG3169059",NA,"BRA.13.813_1"
"b22220a9",2021-06-26,332,4,NA,NA,NA,NA,NA,NA,NA,NA,-3,-2,1,3,1,1,1,3,2,1,1,4,4,1,-54.9,-62.96,-60.95,-12.5,3,"Brazil","Minas Gerais","Tocos do Moji",-22.358205795,-46.1582863371239,4109,"BRA","BR",76,"BRL","3169059",NA,NA,"BRMG3169059",NA,"BRA.13.813_1"
"b22220a9",2021-06-27,333,5,NA,NA,NA,NA,NA,NA,NA,NA,-3,-2,1,3,1,1,1,3,2,1,1,4,4,1,-54.9,-62.96,-60.95,-12.5,3,"Brazil","Minas Gerais","Tocos do Moji",-22.358205795,-46.1582863371239,4109,"BRA","BR",76,"BRL","3169059",NA,NA,"BRMG3169059",NA,"BRA.13.813_1"
"b22220a9",2021-06-28,333,5,NA,NA,2516,1831,685,NA,NA,NA,-3,-2,1,3,1,1,1,3,2,1,1,4,4,1,-54.9,-62.96,-60.95,-12.5,3,"Brazil","Minas Gerais","Tocos do Moji",-22.358205795,-46.1582863371239,4109,"BRA","BR",76,"BRL","3169059",NA,NA,"BRMG3169059",NA,"BRA.13.813_1"
"b22220a9",2021-06-29,336,5,NA,NA,NA,NA,NA,NA,NA,NA,-2,-2,1,3,1,1,1,3,2,1,1,4,4,1,-52.81,-59.26,-58.57,-12.5,3,"Brazil","Minas Gerais","Tocos do Moji",-22.358205795,-46.1582863371239,4109,"BRA","BR",76,"BRL","3169059",NA,NA,"BRMG3169059",NA,"BRA.13.813_1"
"b22220a9",2021-06-30,339,6,NA,NA,2587,1902,685,NA,NA,NA,-2,-2,1,3,1,1,1,3,2,1,1,4,4,1,-52.81,-59.26,-58.57,-12.5,3,"Brazil","Minas Gerais","Tocos do Moji",-22.358205795,-46.1582863371239,4109,"BRA","BR",76,"BRL","3169059",NA,NA,"BRMG3169059",NA,"BRA.13.813_1"
"b22220a9",2021-07-01,341,6,NA,NA,2606,1902,704,NA,NA,NA,-2,-2,1,3,1,1,1,3,2,1,1,4,4,1,-52.81,-59.26,-58.57,-12.5,3,"Brazil","Minas Gerais","Tocos do Moji",-22.358205795,-46.1582863371239,4109,"BRA","BR",76,"BRL","3169059",NA,NA,"BRMG3169059",NA,"BRA.13.813_1"
"b22220a9",2021-07-02,341,6,NA,NA,NA,NA,NA,NA,NA,NA,-2,-2,1,3,1,1,1,3,2,1,1,4,4,1,-52.81,-59.26,-58.57,-12.5,3,"Brazil","Minas Gerais","Tocos do Moji",-22.358205795,-46.1582863371239,4109,"BRA","BR",76,"BRL","3169059",NA,NA,"BRMG3169059",NA,"BRA.13.813_1"
"b22220a9",2021-07-03,343,6,NA,NA,NA,NA,NA,NA,NA,NA,-2,-2,1,3,1,1,1,3,2,1,1,4,4,1,-52.81,-59.26,-58.57,-12.5,3,"Brazil","Minas Gerais","Tocos do Moji",-22.358205795,-46.1582863371239,4109,"BRA","BR",76,"BRL","3169059",NA,NA,"BRMG3169059",NA,"BRA.13.813_1"
"b22220a9",2021-07-04,345,6,NA,NA,NA,NA,NA,NA,NA,NA,-2,-2,1,3,1,1,1,3,2,1,1,4,4,1,-52.81,-59.26,-58.57,-12.5,3,"Brazil","Minas Gerais","Tocos do Moji",-22.358205795,-46.1582863371239,4109,"BRA","BR",76,"BRL","3169059",NA,NA,"BRMG3169059",NA,"BRA.13.813_1"
"b22220a9",2021-07-05,345,6,NA,NA,2641,1937,704,NA,NA,NA,-2,-2,1,3,1,1,1,3,2,1,1,4,4,1,-52.81,-59.26,-58.57,-12.5,3,"Brazil","Minas Gerais","Tocos do Moji",-22.358205795,-46.1582863371239,4109,"BRA","BR",76,"BRL","3169059",NA,NA,"BRMG3169059",NA,"BRA.13.813_1"
"b22220a9",2021-07-06,345,6,NA,NA,NA,NA,NA,NA,NA,NA,-2,-2,1,3,1,1,1,3,2,1,1,4,4,1,-52.81,-59.26,-58.57,-12.5,3,"Brazil","Minas Gerais","Tocos do Moji",-22.358205795,-46.1582863371239,4109,"BRA","BR",76,"BRL","3169059",NA,NA,"BRMG3169059",NA,"BRA.13.813_1"
"b22220a9",2021-07-07,350,6,NA,NA,NA,NA,NA,NA,NA,NA,-2,-2,1,3,1,1,1,3,2,1,1,4,4,1,-52.81,-59.26,-58.57,-12.5,3,"Brazil","Minas Gerais","Tocos do Moji",-22.358205795,-46.1582863371239,4109,"BRA","BR",76,"BRL","3169059",NA,NA,"BRMG3169059",NA,"BRA.13.813_1"
"b22220a9",2021-07-08,350,6,NA,NA,2749,2045,704,NA,NA,NA,-2,-2,1,3,1,1,1,3,2,1,1,4,4,1,-52.81,-59.26,-58.57,-12.5,3,"Brazil","Minas Gerais","Tocos do Moji",-22.358205795,-46.1582863371239,4109,"BRA","BR",76,"BRL","3169059",NA,NA,"BRMG3169059",NA,"BRA.13.813_1"
"b22220a9",2021-07-09,354,6,NA,NA,NA,NA,NA,NA,NA,NA,-2,-2,1,3,1,1,1,3,2,1,1,4,4,1,-52.81,-59.26,-58.57,-12.5,3,"Brazil","Minas Gerais","Tocos do Moji",-22.358205795,-46.1582863371239,4109,"BRA","BR",76,"BRL","3169059",NA,NA,"BRMG3169059",NA,"BRA.13.813_1"
"b22220a9",2021-07-10,354,6,NA,NA,2880,2176,769,NA,NA,NA,-2,-2,1,3,1,1,1,3,2,1,1,4,4,1,-52.81,-59.26,-58.57,-12.5,3,"Brazil","Minas Gerais","Tocos do Moji",-22.358205795,-46.1582863371239,4109,"BRA","BR",76,"BRL","3169059",NA,NA,"BRMG3169059",NA,"BRA.13.813_1"
"b22220a9",2021-07-11,360,6,NA,NA,NA,NA,NA,NA,NA,NA,-2,-2,1,3,1,1,1,3,2,1,1,4,4,1,-52.81,-59.26,-58.57,-12.5,3,"Brazil","Minas Gerais","Tocos do Moji",-22.358205795,-46.1582863371239,4109,"BRA","BR",76,"BRL","3169059",NA,NA,"BRMG3169059",NA,"BRA.13.813_1"
"b22220a9",2021-07-12,360,6,NA,NA,2883,2179,772,NA,NA,NA,-2,-2,1,3,1,1,1,3,2,1,1,4,4,1,-52.81,-59.26,-58.57,-12.5,3,"Brazil","Minas Gerais","Tocos do Moji",-22.358205795,-46.1582863371239,4109,"BRA","BR",76,"BRL","3169059",NA,NA,"BRMG3169059",NA,"BRA.13.813_1"
"b22220a9",2021-07-13,361,6,NA,NA,NA,NA,NA,NA,NA,NA,-2,-2,1,3,1,1,1,3,2,1,1,4,4,1,-52.81,-59.26,-58.57,-12.5,3,"Brazil","Minas Gerais","Tocos do Moji",-22.358205795,-46.1582863371239,4109,"BRA","BR",76,"BRL","3169059",NA,NA,"BRMG3169059",NA,"BRA.13.813_1"
"b22220a9",2021-07-14,360,7,NA,NA,NA,NA,NA,NA,NA,NA,-2,-2,1,3,1,1,1,3,2,1,1,4,4,1,-52.81,-59.26,-58.57,-12.5,3,"Brazil","Minas Gerais","Tocos do Moji",-22.358205795,-46.1582863371239,4109,"BRA","BR",76,"BRL","3169059",NA,NA,"BRMG3169059",NA,"BRA.13.813_1"
"b22220a9",2021-07-15,361,7,NA,NA,3008,2273,803,NA,NA,NA,-2,-2,1,3,1,1,1,3,2,1,1,4,4,1,-52.81,-59.26,-58.57,-12.5,3,"Brazil","Minas Gerais","Tocos do Moji",-22.358205795,-46.1582863371239,4109,"BRA","BR",76,"BRL","3169059",NA,NA,"BRMG3169059",NA,"BRA.13.813_1"
"b22220a9",2021-07-16,363,8,NA,NA,NA,NA,NA,NA,NA,NA,-2,-2,1,3,1,1,1,3,2,1,1,4,4,1,-52.81,-59.26,-58.57,-12.5,3,"Brazil","Minas Gerais","Tocos do Moji",-22.358205795,-46.1582863371239,4109,"BRA","BR",76,"BRL","3169059",NA,NA,"BRMG3169059",NA,"BRA.13.813_1"
"b22220a9",2021-07-17,367,8,NA,NA,NA,NA,NA,NA,NA,NA,-2,-2,1,3,1,1,1,3,2,1,1,4,4,1,-52.81,-59.26,-58.57,-12.5,3,"Brazil","Minas Gerais","Tocos do Moji",-22.358205795,-46.1582863371239,4109,"BRA","BR",76,"BRL","3169059",NA,NA,"BRMG3169059",NA,"BRA.13.813_1"
"b22220a9",2021-07-18,369,8,NA,NA,NA,NA,NA,NA,NA,NA,-2,-2,1,3,1,1,1,3,2,1,1,4,4,1,-52.81,-59.26,-58.57,-12.5,3,"Brazil","Minas Gerais","Tocos do Moji",-22.358205795,-46.1582863371239,4109,"BRA","BR",76,"BRL","3169059",NA,NA,"BRMG3169059",NA,"BRA.13.813_1"
"b22220a9",2021-07-19,369,8,NA,NA,NA,NA,NA,NA,NA,NA,-2,-2,1,3,1,1,1,3,2,1,1,4,4,1,-52.81,-59.26,-58.57,-12.5,3,"Brazil","Minas Gerais","Tocos do Moji",-22.358205795,-46.1582863371239,4109,"BRA","BR",76,"BRL","3169059",NA,NA,"BRMG3169059",NA,"BRA.13.813_1"
"b22220a9",2021-07-20,372,8,NA,NA,3058,2295,831,NA,NA,NA,-2,-2,1,3,1,1,1,3,2,1,1,4,4,1,-52.81,-59.26,-58.57,-12.5,3,"Brazil","Minas Gerais","Tocos do Moji",-22.358205795,-46.1582863371239,4109,"BRA","BR",76,"BRL","3169059",NA,NA,"BRMG3169059",NA,"BRA.13.813_1"
"b22220a9",2021-07-21,377,8,NA,NA,3104,2340,832,NA,NA,NA,-2,-2,1,3,1,1,1,3,2,1,1,4,4,1,-52.81,-59.26,-58.57,-12.5,3,"Brazil","Minas Gerais","Tocos do Moji",-22.358205795,-46.1582863371239,4109,"BRA","BR",76,"BRL","3169059",NA,NA,"BRMG3169059",NA,"BRA.13.813_1"
"b22220a9",2021-07-22,377,8,NA,NA,3109,2345,832,NA,NA,NA,-2,-2,1,3,1,1,1,3,2,1,1,4,4,1,-52.81,-59.26,-58.57,-12.5,3,"Brazil","Minas Gerais","Tocos do Moji",-22.358205795,-46.1582863371239,4109,"BRA","BR",76,"BRL","3169059",NA,NA,"BRMG3169059",NA,"BRA.13.813_1"
"b22220a9",2021-07-23,380,8,NA,NA,3209,2345,932,NA,NA,NA,-2,-2,1,3,1,1,1,3,2,1,1,4,4,1,-52.81,-59.26,-58.57,-12.5,3,"Brazil","Minas Gerais","Tocos do Moji",-22.358205795,-46.1582863371239,4109,"BRA","BR",76,"BRL","3169059",NA,NA,"BRMG3169059",NA,"BRA.13.813_1"
"b22220a9",2021-07-24,380,8,NA,NA,NA,NA,NA,NA,NA,NA,-2,-2,1,3,1,1,1,3,2,1,1,4,4,1,-52.81,-59.26,-58.57,-12.5,3,"Brazil","Minas Gerais","Tocos do Moji",-22.358205795,-46.1582863371239,4109,"BRA","BR",76,"BRL","3169059",NA,NA,"BRMG3169059",NA,"BRA.13.813_1"
"b22220a9",2021-07-25,380,8,NA,NA,NA,NA,NA,NA,NA,NA,-2,-2,1,3,1,1,1,3,2,1,1,4,4,1,-52.81,-59.26,-58.57,-12.5,3,"Brazil","Minas Gerais","Tocos do Moji",-22.358205795,-46.1582863371239,4109,"BRA","BR",76,"BRL","3169059",NA,NA,"BRMG3169059",NA,"BRA.13.813_1"
"b22220a9",2021-07-26,380,8,NA,NA,3320,2456,932,NA,NA,NA,-2,-2,1,3,1,1,1,3,2,1,1,4,4,1,-52.81,-59.26,-58.57,-12.5,3,"Brazil","Minas Gerais","Tocos do Moji",-22.358205795,-46.1582863371239,4109,"BRA","BR",76,"BRL","3169059",NA,NA,"BRMG3169059",NA,"BRA.13.813_1"
"b22220a9",2021-07-27,380,8,NA,NA,NA,NA,NA,NA,NA,NA,-2,-2,1,3,1,1,1,3,2,1,1,4,4,1,-52.81,-59.26,-58.57,-12.5,3,"Brazil","Minas Gerais","Tocos do Moji",-22.358205795,-46.1582863371239,4109,"BRA","BR",76,"BRL","3169059",NA,NA,"BRMG3169059",NA,"BRA.13.813_1"
"b22220a9",2021-07-28,380,8,NA,NA,3379,2456,991,NA,NA,NA,-2,-2,1,3,1,1,1,3,2,1,1,4,4,1,-52.81,-59.26,-58.57,-12.5,3,"Brazil","Minas Gerais","Tocos do Moji",-22.358205795,-46.1582863371239,4109,"BRA","BR",76,"BRL","3169059",NA,NA,"BRMG3169059",NA,"BRA.13.813_1"
"b22220a9",2021-07-29,380,8,NA,NA,NA,NA,NA,NA,NA,NA,-2,-2,1,3,1,1,1,3,2,1,1,4,4,1,-52.81,-59.26,-58.57,-12.5,3,"Brazil","Minas Gerais","Tocos do Moji",-22.358205795,-46.1582863371239,4109,"BRA","BR",76,"BRL","3169059",NA,NA,"BRMG3169059",NA,"BRA.13.813_1"
"b22220a9",2021-07-30,381,8,NA,NA,NA,NA,NA,NA,NA,NA,-2,-2,1,3,1,1,1,3,2,1,1,4,4,1,-52.81,-59.26,-58.57,-12.5,3,"Brazil","Minas Gerais","Tocos do Moji",-22.358205795,-46.1582863371239,4109,"BRA","BR",76,"BRL","3169059",NA,NA,"BRMG3169059",NA,"BRA.13.813_1"
"b22220a9",2021-07-31,381,8,NA,NA,NA,NA,NA,NA,NA,NA,-2,-2,1,3,1,1,1,3,2,1,1,4,4,1,-52.81,-59.26,-58.57,-12.5,3,"Brazil","Minas Gerais","Tocos do Moji",-22.358205795,-46.1582863371239,4109,"BRA","BR",76,"BRL","3169059",NA,NA,"BRMG3169059",NA,"BRA.13.813_1"
"b22220a9",2021-08-01,381,8,NA,NA,NA,NA,NA,NA,NA,NA,-2,-2,1,3,1,1,1,3,2,1,1,4,4,1,-52.81,-59.26,-58.57,-12.5,3,"Brazil","Minas Gerais","Tocos do Moji",-22.358205795,-46.1582863371239,4109,"BRA","BR",76,"BRL","3169059",NA,NA,"BRMG3169059",NA,"BRA.13.813_1"
"b22220a9",2021-08-02,381,8,NA,NA,NA,NA,NA,NA,NA,NA,-2,-2,1,3,1,1,1,3,2,1,1,4,4,1,-52.81,-59.26,-58.57,-12.5,3,"Brazil","Minas Gerais","Tocos do Moji",-22.358205795,-46.1582863371239,4109,"BRA","BR",76,"BRL","3169059",NA,NA,"BRMG3169059",NA,"BRA.13.813_1"
"b22220a9",2021-08-03,381,8,NA,NA,3485,2554,999,NA,NA,NA,-2,-2,-1,-3,-1,-1,-1,3,2,0,1,4,4,0,-42.14,-47.69,-46.37,-12.5,3,"Brazil","Minas Gerais","Tocos do Moji",-22.358205795,-46.1582863371239,4109,"BRA","BR",76,"BRL","3169059",NA,NA,"BRMG3169059",NA,"BRA.13.813_1"
"b22220a9",2021-08-04,381,8,NA,NA,NA,NA,NA,NA,NA,NA,-2,-2,-1,-3,-1,-1,-1,3,2,0,1,4,4,0,-42.14,-47.69,-46.37,-12.5,3,"Brazil","Minas Gerais","Tocos do Moji",-22.358205795,-46.1582863371239,4109,"BRA","BR",76,"BRL","3169059",NA,NA,"BRMG3169059",NA,"BRA.13.813_1"
"b22220a9",2021-08-05,381,8,NA,NA,3674,2554,1188,NA,NA,NA,-2,-2,-1,-3,-1,-1,-1,3,2,0,1,4,4,0,-42.14,-47.69,-46.37,-12.5,3,"Brazil","Minas Gerais","Tocos do Moji",-22.358205795,-46.1582863371239,4109,"BRA","BR",76,"BRL","3169059",NA,NA,"BRMG3169059",NA,"BRA.13.813_1"
"b22220a9",2021-08-06,381,8,NA,NA,3784,2660,1192,NA,NA,NA,-2,-2,-1,-3,-1,-1,-1,3,2,0,1,4,4,0,-42.14,-47.69,-46.37,-12.5,3,"Brazil","Minas Gerais","Tocos do Moji",-22.358205795,-46.1582863371239,4109,"BRA","BR",76,"BRL","3169059",NA,NA,"BRMG3169059",NA,"BRA.13.813_1"
"b22220a9",2021-08-07,381,8,NA,NA,NA,NA,NA,NA,NA,NA,-2,-2,-1,-3,-1,-1,-1,3,2,0,1,4,4,0,-42.14,-47.69,-46.37,-12.5,3,"Brazil","Minas Gerais","Tocos do Moji",-22.358205795,-46.1582863371239,4109,"BRA","BR",76,"BRL","3169059",NA,NA,"BRMG3169059",NA,"BRA.13.813_1"
"b22220a9",2021-08-08,382,8,NA,NA,NA,NA,NA,NA,NA,NA,-2,-2,-1,-3,-1,-1,-1,3,2,0,1,4,4,0,-42.14,-47.69,-46.37,-12.5,3,"Brazil","Minas Gerais","Tocos do Moji",-22.358205795,-46.1582863371239,4109,"BRA","BR",76,"BRL","3169059",NA,NA,"BRMG3169059",NA,"BRA.13.813_1"
"b22220a9",2021-08-09,382,8,NA,NA,NA,NA,NA,NA,NA,NA,-2,-2,-1,-3,-1,-1,-1,3,2,0,1,4,4,0,-42.14,-47.69,-46.37,-12.5,3,"Brazil","Minas Gerais","Tocos do Moji",-22.358205795,-46.1582863371239,4109,"BRA","BR",76,"BRL","3169059",NA,NA,"BRMG3169059",NA,"BRA.13.813_1"
"b22220a9",2021-08-10,382,8,NA,NA,NA,NA,NA,NA,NA,NA,-2,-2,-1,-3,-1,-1,-1,3,2,0,1,4,4,0,-42.14,-47.69,-46.37,-12.5,3,"Brazil","Minas Gerais","Tocos do Moji",-22.358205795,-46.1582863371239,4109,"BRA","BR",76,"BRL","3169059",NA,NA,"BRMG3169059",NA,"BRA.13.813_1"
"b22220a9",2021-08-11,382,9,NA,NA,NA,NA,NA,NA,NA,NA,-2,-2,-1,-3,-1,-1,-1,3,2,0,1,4,4,0,-42.14,-47.69,-46.37,-12.5,3,"Brazil","Minas Gerais","Tocos do Moji",-22.358205795,-46.1582863371239,4109,"BRA","BR",76,"BRL","3169059",NA,NA,"BRMG3169059",NA,"BRA.13.813_1"
"b22220a9",2021-08-12,382,9,NA,NA,4024,2900,1192,NA,NA,NA,-2,-2,-1,-3,-1,-1,-1,3,2,0,1,4,4,0,-42.14,-47.69,-46.37,-12.5,3,"Brazil","Minas Gerais","Tocos do Moji",-22.358205795,-46.1582863371239,4109,"BRA","BR",76,"BRL","3169059",NA,NA,"BRMG3169059",NA,"BRA.13.813_1"
"b22220a9",2021-08-13,382,9,NA,NA,4139,2900,1307,NA,NA,NA,-2,-2,-1,-3,-1,-1,-1,3,2,0,1,4,4,0,-42.14,-47.69,-46.37,-12.5,3,"Brazil","Minas Gerais","Tocos do Moji",-22.358205795,-46.1582863371239,4109,"BRA","BR",76,"BRL","3169059",NA,NA,"BRMG3169059",NA,"BRA.13.813_1"
"b22220a9",2021-08-14,382,9,NA,NA,NA,NA,NA,NA,NA,NA,-2,-2,-1,-3,-1,-1,-1,3,2,0,1,4,4,0,-42.14,-47.69,-46.37,-12.5,3,"Brazil","Minas Gerais","Tocos do Moji",-22.358205795,-46.1582863371239,4109,"BRA","BR",76,"BRL","3169059",NA,NA,"BRMG3169059",NA,"BRA.13.813_1"
"b22220a9",2021-08-15,383,9,NA,NA,NA,NA,NA,NA,NA,NA,-2,-2,-1,-3,-1,-1,-1,3,2,0,1,4,4,0,-42.14,-47.69,-46.37,-12.5,3,"Brazil","Minas Gerais","Tocos do Moji",-22.358205795,-46.1582863371239,4109,"BRA","BR",76,"BRL","3169059",NA,NA,"BRMG3169059",NA,"BRA.13.813_1"
"b22220a9",2021-08-16,383,9,NA,NA,NA,NA,NA,NA,NA,NA,-2,-2,-1,-3,-1,-1,-1,3,2,0,1,4,4,0,-42.14,-47.69,-46.37,-12.5,3,"Brazil","Minas Gerais","Tocos do Moji",-22.358205795,-46.1582863371239,4109,"BRA","BR",76,"BRL","3169059",NA,NA,"BRMG3169059",NA,"BRA.13.813_1"
"b22220a9",2021-08-17,383,9,NA,NA,NA,NA,NA,NA,NA,NA,-2,-2,-1,-3,-1,-1,-1,3,2,0,1,4,4,0,-42.14,-47.69,-46.37,-12.5,3,"Brazil","Minas Gerais","Tocos do Moji",-22.358205795,-46.1582863371239,4109,"BRA","BR",76,"BRL","3169059",NA,NA,"BRMG3169059",NA,"BRA.13.813_1"
"b22220a9",2021-08-18,383,9,NA,NA,NA,NA,NA,NA,NA,NA,-2,-2,-1,-3,-1,-1,-1,3,2,0,1,4,4,0,-42.14,-47.69,-46.37,-12.5,3,"Brazil","Minas Gerais","Tocos do Moji",-22.358205795,-46.1582863371239,4109,"BRA","BR",76,"BRL","3169059",NA,NA,"BRMG3169059",NA,"BRA.13.813_1"
"b22220a9",2021-08-19,383,9,NA,NA,4301,3062,1307,NA,NA,NA,-2,-2,-1,-3,-1,-1,-1,3,2,0,1,4,4,0,-42.14,-47.69,-46.37,-12.5,3,"Brazil","Minas Gerais","Tocos do Moji",-22.358205795,-46.1582863371239,4109,"BRA","BR",76,"BRL","3169059",NA,NA,"BRMG3169059",NA,"BRA.13.813_1"
"b22220a9",2021-08-20,383,9,NA,NA,4430,3062,1436,NA,NA,NA,-2,-2,-1,-3,-1,-1,-1,3,2,0,1,4,4,0,-42.14,-47.69,-46.37,-12.5,3,"Brazil","Minas Gerais","Tocos do Moji",-22.358205795,-46.1582863371239,4109,"BRA","BR",76,"BRL","3169059",NA,NA,"BRMG3169059",NA,"BRA.13.813_1"
"b22220a9",2021-08-21,383,9,NA,NA,NA,NA,NA,NA,NA,NA,-2,-2,-1,-3,-1,-1,-1,3,2,0,1,4,4,0,-42.14,-47.69,-46.37,-12.5,3,"Brazil","Minas Gerais","Tocos do Moji",-22.358205795,-46.1582863371239,4109,"BRA","BR",76,"BRL","3169059",NA,NA,"BRMG3169059",NA,"BRA.13.813_1"
"b22220a9",2021-08-22,383,9,NA,NA,NA,NA,NA,NA,NA,NA,-2,-2,-1,-3,-1,-1,-1,3,2,0,1,4,4,0,-42.14,-47.69,-46.37,-12.5,3,"Brazil","Minas Gerais","Tocos do Moji",-22.358205795,-46.1582863371239,4109,"BRA","BR",76,"BRL","3169059",NA,NA,"BRMG3169059",NA,"BRA.13.813_1"
"b22220a9",2021-08-23,383,9,NA,NA,NA,NA,NA,NA,NA,NA,-2,-2,-1,-3,-1,-1,-1,3,2,0,1,4,4,0,-42.14,-47.69,-46.37,-12.5,3,"Brazil","Minas Gerais","Tocos do Moji",-22.358205795,-46.1582863371239,4109,"BRA","BR",76,"BRL","3169059",NA,NA,"BRMG3169059",NA,"BRA.13.813_1"
"b22220a9",2021-08-24,383,9,NA,NA,NA,NA,NA,NA,NA,NA,-2,-2,-1,-3,-1,-1,-1,3,2,0,1,4,4,0,-42.14,-47.69,-46.37,-12.5,3,"Brazil","Minas Gerais","Tocos do Moji",-22.358205795,-46.1582863371239,4109,"BRA","BR",76,"BRL","3169059",NA,NA,"BRMG3169059",NA,"BRA.13.813_1"
"b22220a9",2021-08-25,383,9,NA,NA,4476,3106,1438,NA,NA,NA,-2,-2,-1,-3,-1,-1,-1,3,2,0,1,4,4,0,-42.14,-47.69,-46.37,-12.5,3,"Brazil","Minas Gerais","Tocos do Moji",-22.358205795,-46.1582863371239,4109,"BRA","BR",76,"BRL","3169059",NA,NA,"BRMG3169059",NA,"BRA.13.813_1"
"b22220a9",2021-08-26,383,9,NA,NA,NA,NA,NA,NA,NA,NA,-2,-2,-1,-3,-1,-1,-1,3,2,0,1,4,4,0,-42.14,-47.69,-46.37,-12.5,3,"Brazil","Minas Gerais","Tocos do Moji",-22.358205795,-46.1582863371239,4109,"BRA","BR",76,"BRL","3169059",NA,NA,"BRMG3169059",NA,"BRA.13.813_1"
"b22220a9",2021-08-27,383,9,NA,NA,4620,3247,1441,NA,NA,NA,-2,-2,-1,-3,-1,-1,-1,3,2,0,1,4,4,0,-42.14,-47.69,-46.37,-12.5,3,"Brazil","Minas Gerais","Tocos do Moji",-22.358205795,-46.1582863371239,4109,"BRA","BR",76,"BRL","3169059",NA,NA,"BRMG3169059",NA,"BRA.13.813_1"
"b22220a9",2021-08-28,383,9,NA,NA,NA,NA,NA,NA,NA,NA,-2,-2,-1,-3,-1,-1,-1,3,2,0,1,4,4,0,-42.14,-47.69,-46.37,-12.5,3,"Brazil","Minas Gerais","Tocos do Moji",-22.358205795,-46.1582863371239,4109,"BRA","BR",76,"BRL","3169059",NA,NA,"BRMG3169059",NA,"BRA.13.813_1"
"b22220a9",2021-08-29,383,9,NA,NA,NA,NA,NA,NA,NA,NA,-2,-2,-1,-3,-1,-1,-1,3,2,0,1,4,4,0,-42.14,-47.69,-46.37,-12.5,3,"Brazil","Minas Gerais","Tocos do Moji",-22.358205795,-46.1582863371239,4109,"BRA","BR",76,"BRL","3169059",NA,NA,"BRMG3169059",NA,"BRA.13.813_1"
"b22220a9",2021-08-30,383,9,NA,NA,4670,3248,1490,NA,NA,NA,-2,-2,-1,-3,-1,-1,-1,3,2,0,1,4,4,0,-42.14,-47.69,-46.37,-12.5,3,"Brazil","Minas Gerais","Tocos do Moji",-22.358205795,-46.1582863371239,4109,"BRA","BR",76,"BRL","3169059",NA,NA,"BRMG3169059",NA,"BRA.13.813_1"
"b22220a9",2021-08-31,383,9,NA,NA,NA,NA,NA,NA,NA,NA,-2,-2,-1,-3,-1,-1,-1,3,2,0,1,4,4,0,-42.14,-47.69,-46.37,-12.5,3,"Brazil","Minas Gerais","Tocos do Moji",-22.358205795,-46.1582863371239,4109,"BRA","BR",76,"BRL","3169059",NA,NA,"BRMG3169059",NA,"BRA.13.813_1"
"b22220a9",2021-09-01,383,9,NA,NA,4745,3248,1565,NA,NA,NA,1,-2,1,-3,-1,-1,-1,3,2,3,1,4,4,0,-48.91,-48.61,-54.11,-12.5,3,"Brazil","Minas Gerais","Tocos do Moji",-22.358205795,-46.1582863371239,4109,"BRA","BR",76,"BRL","3169059",NA,NA,"BRMG3169059",NA,"BRA.13.813_1"
"b22220a9",2021-09-02,383,9,NA,NA,4837,3337,1568,NA,NA,NA,1,-2,1,-3,-1,-1,-1,3,2,3,1,4,4,0,-48.91,-48.61,-54.11,-12.5,3,"Brazil","Minas Gerais","Tocos do Moji",-22.358205795,-46.1582863371239,4109,"BRA","BR",76,"BRL","3169059",NA,NA,"BRMG3169059",NA,"BRA.13.813_1"
"b22220a9",2021-09-03,383,9,NA,NA,NA,NA,NA,NA,NA,NA,1,-2,1,-3,-1,-1,-1,3,2,3,1,4,4,0,-48.91,-48.61,-54.11,-12.5,3,"Brazil","Minas Gerais","Tocos do Moji",-22.358205795,-46.1582863371239,4109,"BRA","BR",76,"BRL","3169059",NA,NA,"BRMG3169059",NA,"BRA.13.813_1"
"b22220a9",2021-09-04,383,9,NA,NA,NA,NA,NA,NA,NA,NA,1,-2,1,-3,-1,-1,-1,3,2,3,1,4,4,0,-48.91,-48.61,-54.11,-12.5,3,"Brazil","Minas Gerais","Tocos do Moji",-22.358205795,-46.1582863371239,4109,"BRA","BR",76,"BRL","3169059",NA,NA,"BRMG3169059",NA,"BRA.13.813_1"
"b22220a9",2021-09-05,383,9,NA,NA,NA,NA,NA,NA,NA,NA,1,-2,1,-3,-1,-1,-1,3,2,3,1,4,4,0,-48.91,-48.61,-54.11,-12.5,3,"Brazil","Minas Gerais","Tocos do Moji",-22.358205795,-46.1582863371239,4109,"BRA","BR",76,"BRL","3169059",NA,NA,"BRMG3169059",NA,"BRA.13.813_1"
"b22220a9",2021-09-06,383,9,NA,NA,NA,NA,NA,NA,NA,NA,1,-2,1,-3,-1,-1,-1,3,2,3,1,4,4,0,-48.91,-48.61,-54.11,-12.5,3,"Brazil","Minas Gerais","Tocos do Moji",-22.358205795,-46.1582863371239,4109,"BRA","BR",76,"BRL","3169059",NA,NA,"BRMG3169059",NA,"BRA.13.813_1"
"b22220a9",2021-09-07,383,9,NA,NA,NA,NA,NA,NA,NA,NA,1,-2,1,2,0,0,0,3,2,3,1,4,4,0,-43.96,-39.81,-48.45,-12.5,3,"Brazil","Minas Gerais","Tocos do Moji",-22.358205795,-46.1582863371239,4109,"BRA","BR",76,"BRL","3169059",NA,NA,"BRMG3169059",NA,"BRA.13.813_1"
"b22220a9",2021-09-08,383,9,NA,NA,NA,NA,NA,NA,NA,NA,1,-2,1,2,0,0,0,3,2,3,1,4,4,0,-43.96,-39.81,-48.45,-12.5,3,"Brazil","Minas Gerais","Tocos do Moji",-22.358205795,-46.1582863371239,4109,"BRA","BR",76,"BRL","3169059",NA,NA,"BRMG3169059",NA,"BRA.13.813_1"
"b22220a9",2021-09-09,383,9,NA,NA,4873,3337,1604,NA,NA,NA,1,-2,1,2,0,0,0,3,2,3,1,4,4,0,-43.96,-39.81,-48.45,-12.5,3,"Brazil","Minas Gerais","Tocos do Moji",-22.358205795,-46.1582863371239,4109,"BRA","BR",76,"BRL","3169059",NA,NA,"BRMG3169059",NA,"BRA.13.813_1"
"b22220a9",2021-09-10,383,9,NA,NA,5017,3373,1712,NA,NA,NA,1,-2,1,2,0,0,0,3,2,3,1,4,4,0,-43.96,-39.81,-48.45,-12.5,3,"Brazil","Minas Gerais","Tocos do Moji",-22.358205795,-46.1582863371239,4109,"BRA","BR",76,"BRL","3169059",NA,NA,"BRMG3169059",NA,"BRA.13.813_1"
"b22220a9",2021-09-11,383,9,NA,NA,NA,NA,NA,NA,NA,NA,1,-2,1,2,0,0,0,3,2,3,1,4,4,0,-43.96,-39.81,-48.45,-12.5,3,"Brazil","Minas Gerais","Tocos do Moji",-22.358205795,-46.1582863371239,4109,"BRA","BR",76,"BRL","3169059",NA,NA,"BRMG3169059",NA,"BRA.13.813_1"
"b22220a9",2021-09-12,383,9,NA,NA,NA,NA,NA,NA,NA,NA,1,-2,1,2,0,0,0,3,2,3,1,4,4,0,-43.96,-39.81,-48.45,-12.5,3,"Brazil","Minas Gerais","Tocos do Moji",-22.358205795,-46.1582863371239,4109,"BRA","BR",76,"BRL","3169059",NA,NA,"BRMG3169059",NA,"BRA.13.813_1"
"b22220a9",2021-09-13,383,9,NA,NA,NA,NA,NA,NA,NA,NA,1,-2,1,2,0,0,0,3,2,3,1,4,4,0,-43.96,-39.81,-48.45,-12.5,3,"Brazil","Minas Gerais","Tocos do Moji",-22.358205795,-46.1582863371239,4109,"BRA","BR",76,"BRL","3169059",NA,NA,"BRMG3169059",NA,"BRA.13.813_1"
"b22220a9",2021-09-14,383,9,NA,NA,NA,NA,NA,NA,NA,NA,1,-2,1,2,0,0,0,3,2,3,1,4,4,0,-43.96,-39.81,-48.45,-12.5,3,"Brazil","Minas Gerais","Tocos do Moji",-22.358205795,-46.1582863371239,4109,"BRA","BR",76,"BRL","3169059",NA,NA,"BRMG3169059",NA,"BRA.13.813_1"
"b22220a9",2021-09-15,383,9,NA,NA,5077,3373,1772,NA,NA,NA,1,-2,1,2,0,0,0,3,2,3,1,4,4,0,-43.96,-39.81,-48.45,-12.5,3,"Brazil","Minas Gerais","Tocos do Moji",-22.358205795,-46.1582863371239,4109,"BRA","BR",76,"BRL","3169059",NA,NA,"BRMG3169059",NA,"BRA.13.813_1"
"b22220a9",2021-09-16,383,9,NA,NA,5114,3373,1809,NA,NA,NA,1,-2,1,2,0,0,0,3,2,3,1,4,4,0,-43.96,-39.81,-48.45,-12.5,3,"Brazil","Minas Gerais","Tocos do Moji",-22.358205795,-46.1582863371239,4109,"BRA","BR",76,"BRL","3169059",NA,NA,"BRMG3169059",NA,"BRA.13.813_1"
"b22220a9",2021-09-17,383,9,NA,NA,5333,3373,2028,NA,NA,NA,1,-2,1,2,0,0,0,3,2,3,1,4,4,0,-43.96,-39.81,-48.45,-12.5,3,"Brazil","Minas Gerais","Tocos do Moji",-22.358205795,-46.1582863371239,4109,"BRA","BR",76,"BRL","3169059",NA,NA,"BRMG3169059",NA,"BRA.13.813_1"
"b22220a9",2021-09-18,383,9,NA,NA,NA,NA,NA,NA,NA,NA,1,-2,1,2,0,0,0,3,2,3,1,4,4,0,-43.96,-39.81,-48.45,-12.5,3,"Brazil","Minas Gerais","Tocos do Moji",-22.358205795,-46.1582863371239,4109,"BRA","BR",76,"BRL","3169059",NA,NA,"BRMG3169059",NA,"BRA.13.813_1"
"b22220a9",2021-09-19,383,9,NA,NA,NA,NA,NA,NA,NA,NA,1,-2,1,2,0,0,0,3,2,3,1,4,4,0,-43.96,-39.81,-48.45,-12.5,3,"Brazil","Minas Gerais","Tocos do Moji",-22.358205795,-46.1582863371239,4109,"BRA","BR",76,"BRL","3169059",NA,NA,"BRMG3169059",NA,"BRA.13.813_1"
"b22220a9",2021-09-20,383,9,NA,NA,5334,3373,2029,NA,NA,NA,1,-2,1,-2,0,0,0,3,2,0,0,4,4,0,-33.8,-38.43,-36.85,-12.5,3,"Brazil","Minas Gerais","Tocos do Moji",-22.358205795,-46.1582863371239,4109,"BRA","BR",76,"BRL","3169059",NA,NA,"BRMG3169059",NA,"BRA.13.813_1"
"b22220a9",2021-09-21,383,9,NA,NA,NA,NA,NA,NA,NA,NA,1,-2,1,-2,0,0,0,3,2,0,0,4,4,0,-33.8,-38.43,-36.85,-12.5,3,"Brazil","Minas Gerais","Tocos do Moji",-22.358205795,-46.1582863371239,4109,"BRA","BR",76,"BRL","3169059",NA,NA,"BRMG3169059",NA,"BRA.13.813_1"
"b22220a9",2021-09-22,383,9,NA,NA,NA,NA,NA,NA,NA,NA,1,-2,1,-2,0,0,0,3,2,0,0,4,5,0,-35.68,-38.43,-38.99,-12.5,3,"Brazil","Minas Gerais","Tocos do Moji",-22.358205795,-46.1582863371239,4109,"BRA","BR",76,"BRL","3169059",NA,NA,"BRMG3169059",NA,"BRA.13.813_1"
"b22220a9",2021-09-23,383,9,NA,NA,5382,3373,2077,NA,NA,NA,1,-2,1,-2,0,0,0,3,2,0,0,4,5,0,-35.68,-38.43,-38.99,-12.5,3,"Brazil","Minas Gerais","Tocos do Moji",-22.358205795,-46.1582863371239,4109,"BRA","BR",76,"BRL","3169059",NA,NA,"BRMG3169059",NA,"BRA.13.813_1"
"b22220a9",2021-09-24,383,9,NA,NA,NA,NA,NA,NA,NA,NA,1,-2,1,-2,0,0,0,3,2,0,0,4,5,0,-35.68,-38.43,-38.99,-12.5,3,"Brazil","Minas Gerais","Tocos do Moji",-22.358205795,-46.1582863371239,4109,"BRA","BR",76,"BRL","3169059",NA,NA,"BRMG3169059",NA,"BRA.13.813_1"
"b22220a9",2021-09-25,383,9,NA,NA,NA,NA,NA,NA,NA,NA,1,-2,1,-2,0,0,0,3,2,0,0,4,5,0,-35.68,-38.43,-38.99,-12.5,3,"Brazil","Minas Gerais","Tocos do Moji",-22.358205795,-46.1582863371239,4109,"BRA","BR",76,"BRL","3169059",NA,NA,"BRMG3169059",NA,"BRA.13.813_1"
"b22220a9",2021-09-26,383,9,NA,NA,NA,NA,NA,NA,NA,NA,1,-2,1,-2,0,0,0,3,2,0,0,4,5,0,-35.68,-38.43,-38.99,-12.5,3,"Brazil","Minas Gerais","Tocos do Moji",-22.358205795,-46.1582863371239,4109,"BRA","BR",76,"BRL","3169059",NA,NA,"BRMG3169059",NA,"BRA.13.813_1"
"b22220a9",2021-09-27,383,9,NA,NA,NA,NA,NA,NA,NA,NA,1,-2,1,-2,0,0,0,3,2,0,0,4,5,0,-35.05,-38.43,-38.27,-12.5,3,"Brazil","Minas Gerais","Tocos do Moji",-22.358205795,-46.1582863371239,4109,"BRA","BR",76,"BRL","3169059",NA,NA,"BRMG3169059",NA,"BRA.13.813_1"
"b22220a9",2021-09-28,383,9,NA,NA,5446,3373,2077,NA,NA,NA,1,-2,1,-2,0,0,0,3,2,0,0,4,5,0,-35.05,-38.43,-38.27,-12.5,3,"Brazil","Minas Gerais","Tocos do Moji",-22.358205795,-46.1582863371239,4109,"BRA","BR",76,"BRL","3169059",NA,NA,"BRMG3169059",NA,"BRA.13.813_1"
"b22220a9",2021-09-29,383,9,NA,NA,5528,3379,2152,NA,NA,NA,1,-2,1,-2,0,0,0,3,2,0,0,4,5,0,-35.05,-38.43,-38.27,-12.5,3,"Brazil","Minas Gerais","Tocos do Moji",-22.358205795,-46.1582863371239,4109,"BRA","BR",76,"BRL","3169059",NA,NA,"BRMG3169059",NA,"BRA.13.813_1"
"b22220a9",2021-09-30,383,9,NA,NA,5606,3379,2220,NA,NA,NA,1,-2,1,-2,0,0,0,3,2,0,0,4,5,0,-35.05,-38.43,-38.27,-12.5,3,"Brazil","Minas Gerais","Tocos do Moji",-22.358205795,-46.1582863371239,4109,"BRA","BR",76,"BRL","3169059",NA,NA,"BRMG3169059",NA,"BRA.13.813_1"
"b22220a9",2021-10-01,383,9,NA,NA,5643,3416,2220,NA,NA,NA,1,-2,1,-2,0,0,0,3,2,0,0,4,5,0,-35.05,-38.43,-38.27,-12.5,3,"Brazil","Minas Gerais","Tocos do Moji",-22.358205795,-46.1582863371239,4109,"BRA","BR",76,"BRL","3169059",NA,NA,"BRMG3169059",NA,"BRA.13.813_1"
"b22220a9",2021-10-02,383,9,NA,NA,5652,3425,2220,NA,NA,NA,1,-2,1,-2,0,0,0,3,2,0,0,4,5,0,-35.05,-38.43,-38.27,-12.5,3,"Brazil","Minas Gerais","Tocos do Moji",-22.358205795,-46.1582863371239,4109,"BRA","BR",76,"BRL","3169059",NA,NA,"BRMG3169059",NA,"BRA.13.813_1"
"b22220a9",2021-10-03,383,9,NA,NA,NA,NA,NA,NA,NA,NA,1,-2,1,-2,0,0,0,3,2,0,0,4,5,0,-35.05,-38.43,-38.27,-12.5,3,"Brazil","Minas Gerais","Tocos do Moji",-22.358205795,-46.1582863371239,4109,"BRA","BR",76,"BRL","3169059",NA,NA,"BRMG3169059",NA,"BRA.13.813_1"
"b22220a9",2021-10-04,383,9,NA,NA,5691,3425,2230,NA,NA,NA,1,-2,1,-2,0,0,0,3,2,0,0,4,5,0,-35.05,-38.43,-38.27,-12.5,3,"Brazil","Minas Gerais","Tocos do Moji",-22.358205795,-46.1582863371239,4109,"BRA","BR",76,"BRL","3169059",NA,NA,"BRMG3169059",NA,"BRA.13.813_1"
"b22220a9",2021-10-05,383,9,NA,NA,5827,3425,2355,NA,NA,NA,1,-2,1,-2,0,0,0,1,2,0,0,4,5,0,-31.93,-32.87,-34.7,-12.5,3,"Brazil","Minas Gerais","Tocos do Moji",-22.358205795,-46.1582863371239,4109,"BRA","BR",76,"BRL","3169059",NA,NA,"BRMG3169059",NA,"BRA.13.813_1"
"b22220a9",2021-10-06,383,9,NA,NA,5904,3495,2362,NA,NA,NA,1,-2,1,-2,0,0,0,1,2,0,0,4,5,0,-31.93,-32.87,-34.7,-12.5,3,"Brazil","Minas Gerais","Tocos do Moji",-22.358205795,-46.1582863371239,4109,"BRA","BR",76,"BRL","3169059",NA,NA,"BRMG3169059",NA,"BRA.13.813_1"
"b22220a9",2021-10-07,383,9,NA,NA,5940,3495,2398,NA,NA,NA,1,-2,1,-2,0,0,0,1,2,0,0,4,5,0,-31.93,-32.87,-34.7,-12.5,3,"Brazil","Minas Gerais","Tocos do Moji",-22.358205795,-46.1582863371239,4109,"BRA","BR",76,"BRL","3169059",NA,NA,"BRMG3169059",NA,"BRA.13.813_1"
"b22220a9",2021-10-08,383,9,NA,NA,6048,3495,2506,NA,NA,NA,1,-2,1,-2,0,0,0,1,2,0,0,4,5,0,-31.93,-32.87,-34.7,-12.5,3,"Brazil","Minas Gerais","Tocos do Moji",-22.358205795,-46.1582863371239,4109,"BRA","BR",76,"BRL","3169059",NA,NA,"BRMG3169059",NA,"BRA.13.813_1"
"b22220a9",2021-10-09,383,9,NA,NA,NA,NA,NA,NA,NA,NA,1,-2,1,-2,0,0,0,1,2,0,0,4,5,0,-31.93,-32.87,-34.7,-12.5,3,"Brazil","Minas Gerais","Tocos do Moji",-22.358205795,-46.1582863371239,4109,"BRA","BR",76,"BRL","3169059",NA,NA,"BRMG3169059",NA,"BRA.13.813_1"
"b22220a9",2021-10-10,383,9,NA,NA,NA,NA,NA,NA,NA,NA,1,-2,1,-2,0,0,0,1,2,0,0,4,5,0,-31.93,-32.87,-34.7,-12.5,3,"Brazil","Minas Gerais","Tocos do Moji",-22.358205795,-46.1582863371239,4109,"BRA","BR",76,"BRL","3169059",NA,NA,"BRMG3169059",NA,"BRA.13.813_1"
"b22220a9",2021-10-11,383,9,NA,NA,NA,NA,NA,NA,NA,NA,1,-2,1,-2,0,0,0,1,2,0,0,4,5,0,-31.93,-32.87,-34.7,-12.5,3,"Brazil","Minas Gerais","Tocos do Moji",-22.358205795,-46.1582863371239,4109,"BRA","BR",76,"BRL","3169059",NA,NA,"BRMG3169059",NA,"BRA.13.813_1"
"b22220a9",2021-10-12,383,9,NA,NA,NA,NA,NA,NA,NA,NA,1,-2,1,-2,0,0,0,1,2,0,0,4,5,0,-31.93,-32.87,-34.7,-12.5,3,"Brazil","Minas Gerais","Tocos do Moji",-22.358205795,-46.1582863371239,4109,"BRA","BR",76,"BRL","3169059",NA,NA,"BRMG3169059",NA,"BRA.13.813_1"
"b22220a9",2021-10-13,383,9,NA,NA,6076,3495,2506,NA,NA,NA,1,-2,1,-2,0,0,0,1,2,0,0,4,5,0,-31.93,-32.87,-34.7,-12.5,3,"Brazil","Minas Gerais","Tocos do Moji",-22.358205795,-46.1582863371239,4109,"BRA","BR",76,"BRL","3169059",NA,NA,"BRMG3169059",NA,"BRA.13.813_1"
"b22220a9",2021-10-14,384,9,NA,NA,6099,3495,2506,NA,NA,NA,1,-2,1,-2,0,0,0,1,2,0,0,4,5,0,-31.93,-32.87,-34.7,-12.5,3,"Brazil","Minas Gerais","Tocos do Moji",-22.358205795,-46.1582863371239,4109,"BRA","BR",76,"BRL","3169059",NA,NA,"BRMG3169059",NA,"BRA.13.813_1"
"b22220a9",2021-10-15,384,9,NA,NA,6200,3495,2538,NA,NA,NA,1,-2,1,-2,0,0,0,1,2,0,0,4,5,0,-31.93,-32.87,-34.7,-12.5,3,"Brazil","Minas Gerais","Tocos do Moji",-22.358205795,-46.1582863371239,4109,"BRA","BR",76,"BRL","3169059",NA,NA,"BRMG3169059",NA,"BRA.13.813_1"
"b22220a9",2021-10-16,384,9,NA,NA,NA,NA,NA,NA,NA,NA,1,-2,1,-2,0,0,0,1,2,0,0,4,5,0,-31.93,-32.87,-34.7,-12.5,3,"Brazil","Minas Gerais","Tocos do Moji",-22.358205795,-46.1582863371239,4109,"BRA","BR",76,"BRL","3169059",NA,NA,"BRMG3169059",NA,"BRA.13.813_1"
"b22220a9",2021-10-17,384,9,NA,NA,NA,NA,NA,NA,NA,NA,1,-2,1,-2,0,0,0,1,2,0,0,4,5,0,-31.93,-32.87,-34.7,-12.5,3,"Brazil","Minas Gerais","Tocos do Moji",-22.358205795,-46.1582863371239,4109,"BRA","BR",76,"BRL","3169059",NA,NA,"BRMG3169059",NA,"BRA.13.813_1"
"b22220a9",2021-10-18,384,9,NA,NA,6317,3495,2646,NA,NA,NA,1,-2,1,-2,0,0,0,1,2,0,0,4,5,0,-31.93,-32.87,-34.7,-12.5,3,"Brazil","Minas Gerais","Tocos do Moji",-22.358205795,-46.1582863371239,4109,"BRA","BR",76,"BRL","3169059",NA,NA,"BRMG3169059",NA,"BRA.13.813_1"
"b22220a9",2021-10-19,384,9,NA,NA,6328,3495,2657,NA,NA,NA,1,-2,1,-2,0,0,0,1,2,0,0,4,5,0,-31.93,-32.87,-34.7,-12.5,3,"Brazil","Minas Gerais","Tocos do Moji",-22.358205795,-46.1582863371239,4109,"BRA","BR",76,"BRL","3169059",NA,NA,"BRMG3169059",NA,"BRA.13.813_1"
"b22220a9",2021-10-20,384,9,NA,NA,6377,3537,2660,NA,NA,NA,1,-2,1,-2,0,0,0,1,2,0,0,4,5,0,-31.93,-32.87,-34.7,-12.5,3,"Brazil","Minas Gerais","Tocos do Moji",-22.358205795,-46.1582863371239,4109,"BRA","BR",76,"BRL","3169059",NA,NA,"BRMG3169059",NA,"BRA.13.813_1"
"b22220a9",2021-10-21,384,9,NA,NA,6454,3537,2737,NA,NA,NA,1,-2,1,-2,0,0,0,1,2,0,0,4,5,0,-31.93,-32.87,-34.7,-12.5,3,"Brazil","Minas Gerais","Tocos do Moji",-22.358205795,-46.1582863371239,4109,"BRA","BR",76,"BRL","3169059",NA,NA,"BRMG3169059",NA,"BRA.13.813_1"
"b22220a9",2021-10-22,384,9,NA,NA,6535,3538,2817,NA,NA,NA,1,1,1,-2,0,0,0,1,2,0,0,4,5,0,-30.89,-31.02,-33.51,-12.5,3,"Brazil","Minas Gerais","Tocos do Moji",-22.358205795,-46.1582863371239,4109,"BRA","BR",76,"BRL","3169059",NA,NA,"BRMG3169059",NA,"BRA.13.813_1"
"b22220a9",2021-10-23,384,9,NA,NA,NA,NA,NA,NA,NA,NA,1,1,1,-2,0,0,0,1,2,0,0,4,5,0,-30.89,-31.02,-33.51,-12.5,3,"Brazil","Minas Gerais","Tocos do Moji",-22.358205795,-46.1582863371239,4109,"BRA","BR",76,"BRL","3169059",NA,NA,"BRMG3169059",NA,"BRA.13.813_1"
"b22220a9",2021-10-24,384,9,NA,NA,NA,NA,NA,NA,NA,NA,1,1,1,-2,0,0,0,1,2,0,0,4,5,0,-30.89,-31.02,-33.51,-12.5,3,"Brazil","Minas Gerais","Tocos do Moji",-22.358205795,-46.1582863371239,4109,"BRA","BR",76,"BRL","3169059",NA,NA,"BRMG3169059",NA,"BRA.13.813_1"
"b22220a9",2021-10-25,384,9,NA,NA,6593,3538,2875,NA,NA,NA,1,1,1,-2,0,0,0,1,2,0,0,4,5,0,-30.89,-31.02,-33.51,-12.5,3,"Brazil","Minas Gerais","Tocos do Moji",-22.358205795,-46.1582863371239,4109,"BRA","BR",76,"BRL","3169059",NA,NA,"BRMG3169059",NA,"BRA.13.813_1"
"b22220a9",2021-10-26,384,9,NA,NA,6595,3538,2875,NA,NA,NA,1,1,1,-2,0,0,0,1,2,0,0,4,5,0,-30.89,-31.02,-33.51,-12.5,3,"Brazil","Minas Gerais","Tocos do Moji",-22.358205795,-46.1582863371239,4109,"BRA","BR",76,"BRL","3169059",NA,NA,"BRMG3169059",NA,"BRA.13.813_1"
"b22220a9",2021-10-27,384,9,NA,NA,6774,3538,3054,NA,NA,NA,1,1,1,-2,0,0,0,1,2,0,0,4,5,0,-30.89,-31.02,-33.51,-12.5,3,"Brazil","Minas Gerais","Tocos do Moji",-22.358205795,-46.1582863371239,4109,"BRA","BR",76,"BRL","3169059",NA,NA,"BRMG3169059",NA,"BRA.13.813_1"
"b22220a9",2021-10-28,384,9,NA,NA,6864,3618,3064,NA,NA,NA,1,1,1,-2,0,0,0,1,2,0,0,4,5,0,-30.89,-31.02,-33.51,-12.5,3,"Brazil","Minas Gerais","Tocos do Moji",-22.358205795,-46.1582863371239,4109,"BRA","BR",76,"BRL","3169059",NA,NA,"BRMG3169059",NA,"BRA.13.813_1"
"b22220a9",2021-10-29,384,9,NA,NA,6993,3618,3193,NA,NA,NA,1,1,1,-2,0,0,0,1,2,0,0,4,5,0,-30.89,-31.02,-33.51,-12.5,3,"Brazil","Minas Gerais","Tocos do Moji",-22.358205795,-46.1582863371239,4109,"BRA","BR",76,"BRL","3169059",NA,NA,"BRMG3169059",NA,"BRA.13.813_1"
"b22220a9",2021-10-30,384,9,NA,NA,NA,NA,NA,NA,NA,NA,1,1,1,-2,0,0,0,1,2,0,0,4,5,0,-30.89,-31.02,-33.51,-12.5,3,"Brazil","Minas Gerais","Tocos do Moji",-22.358205795,-46.1582863371239,4109,"BRA","BR",76,"BRL","3169059",NA,NA,"BRMG3169059",NA,"BRA.13.813_1"
"b22220a9",2021-10-31,384,9,NA,NA,NA,NA,NA,NA,NA,NA,1,1,1,-2,0,0,0,1,2,0,0,4,5,0,-30.89,-31.02,-33.51,-12.5,3,"Brazil","Minas Gerais","Tocos do Moji",-22.358205795,-46.1582863371239,4109,"BRA","BR",76,"BRL","3169059",NA,NA,"BRMG3169059",NA,"BRA.13.813_1"
"b22220a9",2021-11-01,384,9,NA,NA,NA,NA,NA,NA,NA,NA,1,1,1,-2,0,0,0,1,2,0,0,4,5,0,-30.89,-31.02,-33.51,-12.5,3,"Brazil","Minas Gerais","Tocos do Moji",-22.358205795,-46.1582863371239,4109,"BRA","BR",76,"BRL","3169059",NA,NA,"BRMG3169059",NA,"BRA.13.813_1"
"b22220a9",2021-11-02,384,9,NA,NA,NA,NA,NA,NA,NA,NA,1,1,1,-2,0,0,0,1,2,0,0,4,5,0,-30.89,-31.02,-33.51,-12.5,3,"Brazil","Minas Gerais","Tocos do Moji",-22.358205795,-46.1582863371239,4109,"BRA","BR",76,"BRL","3169059",NA,NA,"BRMG3169059",NA,"BRA.13.813_1"
"b22220a9",2021-11-03,384,9,NA,NA,6998,3618,3198,NA,NA,NA,1,1,1,-2,0,0,0,1,2,0,0,4,5,0,-30.89,-31.02,-33.51,-12.5,3,"Brazil","Minas Gerais","Tocos do Moji",-22.358205795,-46.1582863371239,4109,"BRA","BR",76,"BRL","3169059",NA,NA,"BRMG3169059",NA,"BRA.13.813_1"
"b22220a9",2021-11-04,384,9,NA,NA,NA,NA,NA,NA,NA,NA,1,1,1,-2,0,0,0,1,2,0,0,4,5,0,-30.89,-31.02,-33.51,-12.5,3,"Brazil","Minas Gerais","Tocos do Moji",-22.358205795,-46.1582863371239,4109,"BRA","BR",76,"BRL","3169059",NA,NA,"BRMG3169059",NA,"BRA.13.813_1"
"b22220a9",2021-11-05,384,9,NA,NA,NA,NA,NA,NA,NA,NA,1,1,1,-2,0,0,0,1,2,0,0,4,5,0,-30.89,-31.02,-33.51,-12.5,3,"Brazil","Minas Gerais","Tocos do Moji",-22.358205795,-46.1582863371239,4109,"BRA","BR",76,"BRL","3169059",NA,NA,"BRMG3169059",NA,"BRA.13.813_1"
"b22220a9",2021-11-06,384,9,NA,NA,NA,NA,NA,NA,NA,NA,1,1,1,-2,0,0,0,1,2,0,0,4,5,0,-30.89,-31.02,-33.51,-12.5,3,"Brazil","Minas Gerais","Tocos do Moji",-22.358205795,-46.1582863371239,4109,"BRA","BR",76,"BRL","3169059",NA,NA,"BRMG3169059",NA,"BRA.13.813_1"
"b22220a9",2021-11-07,385,9,NA,NA,NA,NA,NA,NA,NA,NA,1,1,1,-2,0,0,0,1,2,0,0,4,5,0,-30.89,-31.02,-33.51,-12.5,3,"Brazil","Minas Gerais","Tocos do Moji",-22.358205795,-46.1582863371239,4109,"BRA","BR",76,"BRL","3169059",NA,NA,"BRMG3169059",NA,"BRA.13.813_1"
"b22220a9",2021-11-08,385,9,NA,NA,7008,3623,3198,NA,NA,NA,1,1,1,-2,0,0,0,1,2,0,0,4,5,0,-30.89,-31.02,-33.51,-12.5,3,"Brazil","Minas Gerais","Tocos do Moji",-22.358205795,-46.1582863371239,4109,"BRA","BR",76,"BRL","3169059",NA,NA,"BRMG3169059",NA,"BRA.13.813_1"
"b22220a9",2021-11-09,385,9,NA,NA,7244,3624,3198,NA,NA,NA,1,1,1,-2,0,0,0,1,2,0,0,4,5,0,-30.89,-31.02,-33.51,-12.5,3,"Brazil","Minas Gerais","Tocos do Moji",-22.358205795,-46.1582863371239,4109,"BRA","BR",76,"BRL","3169059",NA,NA,"BRMG3169059",NA,"BRA.13.813_1"
"b22220a9",2021-11-10,385,9,NA,NA,7279,3624,3233,NA,NA,NA,1,1,1,-2,0,0,0,1,2,0,0,4,5,0,-30.89,-31.02,-33.51,-12.5,3,"Brazil","Minas Gerais","Tocos do Moji",-22.358205795,-46.1582863371239,4109,"BRA","BR",76,"BRL","3169059",NA,NA,"BRMG3169059",NA,"BRA.13.813_1"
"b22220a9",2021-11-11,385,9,NA,NA,7312,3624,3233,NA,NA,NA,1,1,1,-2,0,0,0,1,2,0,0,4,5,0,-30.89,-31.02,-33.51,-12.5,3,"Brazil","Minas Gerais","Tocos do Moji",-22.358205795,-46.1582863371239,4109,"BRA","BR",76,"BRL","3169059",NA,NA,"BRMG3169059",NA,"BRA.13.813_1"
"b22220a9",2021-11-12,385,9,NA,NA,NA,NA,NA,NA,NA,NA,1,1,1,-2,0,0,0,1,2,0,0,4,5,0,-30.89,-31.02,-33.51,-12.5,3,"Brazil","Minas Gerais","Tocos do Moji",-22.358205795,-46.1582863371239,4109,"BRA","BR",76,"BRL","3169059",NA,NA,"BRMG3169059",NA,"BRA.13.813_1"
"b22220a9",2021-11-13,385,9,NA,NA,NA,NA,NA,NA,NA,NA,1,1,1,-2,0,0,0,1,2,0,0,4,5,0,-30.89,-31.02,-33.51,-12.5,3,"Brazil","Minas Gerais","Tocos do Moji",-22.358205795,-46.1582863371239,4109,"BRA","BR",76,"BRL","3169059",NA,NA,"BRMG3169059",NA,"BRA.13.813_1"
"b22220a9",2021-11-14,385,9,NA,NA,NA,NA,NA,NA,NA,NA,1,1,1,-2,0,0,0,1,2,0,0,4,5,0,-30.89,-31.02,-33.51,-12.5,3,"Brazil","Minas Gerais","Tocos do Moji",-22.358205795,-46.1582863371239,4109,"BRA","BR",76,"BRL","3169059",NA,NA,"BRMG3169059",NA,"BRA.13.813_1"
"b22220a9",2021-11-15,385,9,NA,NA,NA,NA,NA,NA,NA,NA,1,1,1,-2,0,0,0,1,2,0,0,4,5,0,-30.89,-31.02,-33.51,-12.5,3,"Brazil","Minas Gerais","Tocos do Moji",-22.358205795,-46.1582863371239,4109,"BRA","BR",76,"BRL","3169059",NA,NA,"BRMG3169059",NA,"BRA.13.813_1"
"b22220a9",2021-11-16,385,9,NA,NA,7313,3625,3233,NA,NA,NA,1,1,1,-2,0,0,0,1,2,0,0,4,5,0,-30.89,-31.02,-33.51,-12.5,3,"Brazil","Minas Gerais","Tocos do Moji",-22.358205795,-46.1582863371239,4109,"BRA","BR",76,"BRL","3169059",NA,NA,"BRMG3169059",NA,"BRA.13.813_1"
"b22220a9",2021-11-17,385,9,NA,NA,7401,3625,3321,NA,NA,NA,1,1,1,-2,0,0,0,1,2,0,0,4,5,0,-30.89,-31.02,-33.51,-12.5,3,"Brazil","Minas Gerais","Tocos do Moji",-22.358205795,-46.1582863371239,4109,"BRA","BR",76,"BRL","3169059",NA,NA,"BRMG3169059",NA,"BRA.13.813_1"
"b22220a9",2021-11-18,385,9,NA,NA,7403,3625,3321,NA,NA,NA,1,1,1,-2,0,0,0,1,2,0,0,4,5,0,-30.89,-31.02,-33.51,-12.5,3,"Brazil","Minas Gerais","Tocos do Moji",-22.358205795,-46.1582863371239,4109,"BRA","BR",76,"BRL","3169059",NA,NA,"BRMG3169059",NA,"BRA.13.813_1"
"b22220a9",2021-11-19,385,9,NA,NA,NA,NA,NA,NA,NA,NA,1,1,1,-2,0,0,0,1,2,0,0,4,5,0,-30.89,-31.02,-33.51,-12.5,3,"Brazil","Minas Gerais","Tocos do Moji",-22.358205795,-46.1582863371239,4109,"BRA","BR",76,"BRL","3169059",NA,NA,"BRMG3169059",NA,"BRA.13.813_1"
"b22220a9",2021-11-20,385,9,NA,NA,NA,NA,NA,NA,NA,NA,1,1,1,-2,0,0,0,1,2,0,0,4,5,0,-30.89,-31.02,-33.51,-12.5,3,"Brazil","Minas Gerais","Tocos do Moji",-22.358205795,-46.1582863371239,4109,"BRA","BR",76,"BRL","3169059",NA,NA,"BRMG3169059",NA,"BRA.13.813_1"
"b22220a9",2021-11-21,385,9,NA,NA,NA,NA,NA,NA,NA,NA,1,1,1,-2,0,0,0,1,2,0,0,4,5,0,-30.89,-31.02,-33.51,-12.5,3,"Brazil","Minas Gerais","Tocos do Moji",-22.358205795,-46.1582863371239,4109,"BRA","BR",76,"BRL","3169059",NA,NA,"BRMG3169059",NA,"BRA.13.813_1"
"b22220a9",2021-11-22,385,9,NA,NA,7432,3625,3321,NA,NA,NA,1,1,1,-2,0,0,0,1,2,0,0,4,5,0,-30.89,-31.02,-33.51,-12.5,3,"Brazil","Minas Gerais","Tocos do Moji",-22.358205795,-46.1582863371239,4109,"BRA","BR",76,"BRL","3169059",NA,NA,"BRMG3169059",NA,"BRA.13.813_1"
"b22220a9",2021-11-23,385,9,NA,NA,7468,3625,3353,NA,NA,NA,1,1,1,-2,0,0,0,1,2,0,0,4,5,0,-30.89,-31.02,-33.51,-12.5,3,"Brazil","Minas Gerais","Tocos do Moji",-22.358205795,-46.1582863371239,4109,"BRA","BR",76,"BRL","3169059",NA,NA,"BRMG3169059",NA,"BRA.13.813_1"
"b22220a9",2021-11-24,385,9,NA,NA,7491,3625,3376,NA,NA,NA,1,1,1,-2,0,0,0,1,2,0,0,4,5,0,-30.89,-31.02,-33.51,-12.5,3,"Brazil","Minas Gerais","Tocos do Moji",-22.358205795,-46.1582863371239,4109,"BRA","BR",76,"BRL","3169059",NA,NA,"BRMG3169059",NA,"BRA.13.813_1"
"b22220a9",2021-11-25,385,9,NA,NA,7512,3636,3377,NA,NA,NA,1,1,1,-2,0,0,0,1,2,0,0,4,5,0,-30.89,-31.02,-33.51,-12.5,3,"Brazil","Minas Gerais","Tocos do Moji",-22.358205795,-46.1582863371239,4109,"BRA","BR",76,"BRL","3169059",NA,NA,"BRMG3169059",NA,"BRA.13.813_1"
"b22220a9",2021-11-26,385,9,NA,NA,7538,3636,3377,NA,NA,NA,1,1,1,-2,0,0,0,1,2,0,0,4,5,0,-30.89,-31.02,-33.51,-12.5,3,"Brazil","Minas Gerais","Tocos do Moji",-22.358205795,-46.1582863371239,4109,"BRA","BR",76,"BRL","3169059",NA,NA,"BRMG3169059",NA,"BRA.13.813_1"
"b22220a9",2021-11-27,385,9,NA,NA,7763,3636,3602,NA,NA,NA,1,1,1,-2,0,0,0,1,2,0,0,4,5,0,-30.89,-31.02,-33.51,-12.5,3,"Brazil","Minas Gerais","Tocos do Moji",-22.358205795,-46.1582863371239,4109,"BRA","BR",76,"BRL","3169059",NA,NA,"BRMG3169059",NA,"BRA.13.813_1"
"b22220a9",2021-11-28,385,9,NA,NA,NA,NA,NA,NA,NA,NA,1,1,1,-2,0,0,0,1,2,0,0,4,5,0,-30.89,-31.02,-33.51,-12.5,3,"Brazil","Minas Gerais","Tocos do Moji",-22.358205795,-46.1582863371239,4109,"BRA","BR",76,"BRL","3169059",NA,NA,"BRMG3169059",NA,"BRA.13.813_1"
"b22220a9",2021-11-29,385,9,NA,NA,NA,NA,NA,NA,NA,NA,1,1,1,-2,0,0,0,1,2,0,0,4,5,0,-30.89,-31.02,-33.51,-12.5,3,"Brazil","Minas Gerais","Tocos do Moji",-22.358205795,-46.1582863371239,4109,"BRA","BR",76,"BRL","3169059",NA,NA,"BRMG3169059",NA,"BRA.13.813_1"
"b22220a9",2021-11-30,385,9,NA,NA,NA,NA,NA,NA,NA,NA,1,1,1,-2,0,0,0,1,2,0,0,4,5,0,-30.89,-31.02,-33.51,-12.5,3,"Brazil","Minas Gerais","Tocos do Moji",-22.358205795,-46.1582863371239,4109,"BRA","BR",76,"BRL","3169059",NA,NA,"BRMG3169059",NA,"BRA.13.813_1"
"b22220a9",2021-12-01,385,9,NA,NA,NA,NA,NA,NA,NA,NA,1,1,1,-2,0,0,0,1,2,0,0,4,5,0,-30.89,-31.02,-33.51,-12.5,3,"Brazil","Minas Gerais","Tocos do Moji",-22.358205795,-46.1582863371239,4109,"BRA","BR",76,"BRL","3169059",NA,NA,"BRMG3169059",NA,"BRA.13.813_1"
"b22220a9",2021-12-02,385,9,NA,NA,NA,NA,NA,NA,NA,NA,1,1,1,-2,0,0,0,1,2,0,0,4,5,0,-30.89,-31.02,-33.51,-12.5,3,"Brazil","Minas Gerais","Tocos do Moji",-22.358205795,-46.1582863371239,4109,"BRA","BR",76,"BRL","3169059",NA,NA,"BRMG3169059",NA,"BRA.13.813_1"
"b22220a9",2021-12-03,385,9,NA,NA,7765,3636,3604,NA,NA,NA,1,1,1,-2,0,0,0,1,2,0,0,4,5,0,-30.89,-31.02,-33.51,-12.5,3,"Brazil","Minas Gerais","Tocos do Moji",-22.358205795,-46.1582863371239,4109,"BRA","BR",76,"BRL","3169059",NA,NA,"BRMG3169059",NA,"BRA.13.813_1"
"b22220a9",2021-12-04,385,9,NA,NA,NA,NA,NA,NA,NA,NA,1,1,1,-2,0,0,0,1,2,0,0,4,5,0,-30.89,-31.02,-33.51,-12.5,3,"Brazil","Minas Gerais","Tocos do Moji",-22.358205795,-46.1582863371239,4109,"BRA","BR",76,"BRL","3169059",NA,NA,"BRMG3169059",NA,"BRA.13.813_1"
"b22220a9",2021-12-05,385,9,NA,NA,NA,NA,NA,NA,NA,NA,1,1,1,-2,0,0,0,1,2,0,0,4,5,0,-30.89,-31.02,-33.51,-12.5,3,"Brazil","Minas Gerais","Tocos do Moji",-22.358205795,-46.1582863371239,4109,"BRA","BR",76,"BRL","3169059",NA,NA,"BRMG3169059",NA,"BRA.13.813_1"
"b22220a9",2021-12-06,385,9,NA,NA,7821,3636,3605,NA,NA,NA,1,1,1,-2,0,0,0,1,2,0,0,4,5,0,-30.89,-31.02,-33.51,-12.5,3,"Brazil","Minas Gerais","Tocos do Moji",-22.358205795,-46.1582863371239,4109,"BRA","BR",76,"BRL","3169059",NA,NA,"BRMG3169059",NA,"BRA.13.813_1"
"b22220a9",2021-12-07,385,9,NA,NA,NA,NA,NA,NA,NA,NA,1,1,1,-2,0,0,0,1,2,0,0,4,5,0,-30.89,-31.02,-33.51,-12.5,3,"Brazil","Minas Gerais","Tocos do Moji",-22.358205795,-46.1582863371239,4109,"BRA","BR",76,"BRL","3169059",NA,NA,"BRMG3169059",NA,"BRA.13.813_1"
"b22220a9",2021-12-08,385,9,NA,NA,NA,NA,NA,NA,NA,NA,1,1,1,-2,0,0,0,1,2,0,0,4,5,0,-30.89,-31.02,-33.51,-12.5,3,"Brazil","Minas Gerais","Tocos do Moji",-22.358205795,-46.1582863371239,4109,"BRA","BR",76,"BRL","3169059",NA,NA,"BRMG3169059",NA,"BRA.13.813_1"
"b22220a9",2021-12-09,385,9,NA,NA,NA,NA,NA,NA,NA,NA,1,1,1,-2,0,0,0,1,2,0,0,4,5,0,-30.89,-31.02,-33.51,-12.5,3,"Brazil","Minas Gerais","Tocos do Moji",-22.358205795,-46.1582863371239,4109,"BRA","BR",76,"BRL","3169059",NA,NA,"BRMG3169059",NA,"BRA.13.813_1"
"b22220a9",2021-12-10,385,9,NA,NA,NA,NA,NA,NA,NA,NA,1,1,1,-2,0,0,0,1,2,0,0,4,5,0,-30.89,-31.02,-33.51,-12.5,3,"Brazil","Minas Gerais","Tocos do Moji",-22.358205795,-46.1582863371239,4109,"BRA","BR",76,"BRL","3169059",NA,NA,"BRMG3169059",NA,"BRA.13.813_1"
"b22220a9",2021-12-11,385,9,NA,NA,NA,NA,NA,NA,NA,NA,1,1,1,-2,0,0,0,1,2,0,0,4,5,0,-30.89,-31.02,-33.51,-12.5,3,"Brazil","Minas Gerais","Tocos do Moji",-22.358205795,-46.1582863371239,4109,"BRA","BR",76,"BRL","3169059",NA,NA,"BRMG3169059",NA,"BRA.13.813_1"
"b22220a9",2021-12-12,385,9,NA,NA,NA,NA,NA,NA,NA,NA,1,1,1,-2,0,0,0,1,2,0,0,4,5,0,-30.89,-31.02,-33.51,-12.5,3,"Brazil","Minas Gerais","Tocos do Moji",-22.358205795,-46.1582863371239,4109,"BRA","BR",76,"BRL","3169059",NA,NA,"BRMG3169059",NA,"BRA.13.813_1"
"b22220a9",2021-12-13,385,9,NA,NA,NA,NA,NA,NA,NA,NA,1,1,1,-2,0,0,0,1,2,0,0,4,5,0,-30.89,-31.02,-33.51,-12.5,3,"Brazil","Minas Gerais","Tocos do Moji",-22.358205795,-46.1582863371239,4109,"BRA","BR",76,"BRL","3169059",NA,NA,"BRMG3169059",NA,"BRA.13.813_1"
"b22220a9",2021-12-14,385,9,NA,NA,NA,NA,NA,NA,NA,NA,1,1,1,-2,0,0,0,1,2,0,0,4,5,0,-30.89,-31.02,-33.51,-12.5,3,"Brazil","Minas Gerais","Tocos do Moji",-22.358205795,-46.1582863371239,4109,"BRA","BR",76,"BRL","3169059",NA,NA,"BRMG3169059",NA,"BRA.13.813_1"
"b22220a9",2021-12-15,385,9,NA,NA,NA,NA,NA,NA,NA,NA,1,1,1,-2,0,0,0,1,2,0,0,4,5,0,-30.89,-31.02,-33.51,-12.5,3,"Brazil","Minas Gerais","Tocos do Moji",-22.358205795,-46.1582863371239,4109,"BRA","BR",76,"BRL","3169059",NA,NA,"BRMG3169059",NA,"BRA.13.813_1"
"b22220a9",2021-12-16,385,9,NA,NA,7861,3641,3640,NA,NA,NA,1,1,1,-2,0,0,0,1,2,0,0,4,5,0,-30.89,-31.02,-33.51,-12.5,3,"Brazil","Minas Gerais","Tocos do Moji",-22.358205795,-46.1582863371239,4109,"BRA","BR",76,"BRL","3169059",NA,NA,"BRMG3169059",NA,"BRA.13.813_1"
"b22220a9",2021-12-17,385,9,NA,NA,7864,3641,3641,NA,NA,NA,1,1,1,-2,0,0,0,1,2,0,0,4,5,0,-30.89,-31.02,-33.51,-12.5,3,"Brazil","Minas Gerais","Tocos do Moji",-22.358205795,-46.1582863371239,4109,"BRA","BR",76,"BRL","3169059",NA,NA,"BRMG3169059",NA,"BRA.13.813_1"
"b22220a9",2021-12-18,385,9,NA,NA,NA,NA,NA,NA,NA,NA,1,1,1,-2,0,0,0,1,2,0,0,4,5,0,-30.89,-31.02,-33.51,-12.5,3,"Brazil","Minas Gerais","Tocos do Moji",-22.358205795,-46.1582863371239,4109,"BRA","BR",76,"BRL","3169059",NA,NA,"BRMG3169059",NA,"BRA.13.813_1"
"b22220a9",2021-12-19,385,9,NA,NA,NA,NA,NA,NA,NA,NA,1,1,1,-2,0,0,0,1,2,0,0,4,5,0,-30.89,-31.02,-33.51,-12.5,3,"Brazil","Minas Gerais","Tocos do Moji",-22.358205795,-46.1582863371239,4109,"BRA","BR",76,"BRL","3169059",NA,NA,"BRMG3169059",NA,"BRA.13.813_1"
"b22220a9",2021-12-20,385,9,NA,NA,7898,3641,3641,NA,NA,NA,1,1,1,-2,0,0,0,1,2,0,0,4,5,0,-30.89,-31.02,-33.51,-12.5,3,"Brazil","Minas Gerais","Tocos do Moji",-22.358205795,-46.1582863371239,4109,"BRA","BR",76,"BRL","3169059",NA,NA,"BRMG3169059",NA,"BRA.13.813_1"
"b22220a9",2021-12-21,385,9,NA,NA,NA,NA,NA,NA,NA,NA,1,1,1,-2,0,0,0,1,2,0,0,4,5,0,-30.89,-31.02,-33.51,-12.5,3,"Brazil","Minas Gerais","Tocos do Moji",-22.358205795,-46.1582863371239,4109,"BRA","BR",76,"BRL","3169059",NA,NA,"BRMG3169059",NA,"BRA.13.813_1"
"b22220a9",2021-12-22,385,9,NA,NA,7983,3641,3642,NA,NA,NA,1,1,1,-2,0,0,0,1,2,0,0,4,5,0,-30.89,-31.02,-33.51,-12.5,3,"Brazil","Minas Gerais","Tocos do Moji",-22.358205795,-46.1582863371239,4109,"BRA","BR",76,"BRL","3169059",NA,NA,"BRMG3169059",NA,"BRA.13.813_1"
"b22220a9",2021-12-23,385,9,NA,NA,NA,NA,NA,NA,NA,NA,1,1,1,0,0,0,0,1,2,0,0,4,5,0,-26.98,-26.85,-30.83,0,3,"Brazil","Minas Gerais","Tocos do Moji",-22.358205795,-46.1582863371239,4109,"BRA","BR",76,"BRL","3169059",NA,NA,"BRMG3169059",NA,"BRA.13.813_1"
"b22220a9",2021-12-24,385,9,NA,NA,NA,NA,NA,NA,NA,NA,1,1,1,0,0,0,0,1,2,0,0,4,5,0,-26.98,-26.85,-30.83,0,3,"Brazil","Minas Gerais","Tocos do Moji",-22.358205795,-46.1582863371239,4109,"BRA","BR",76,"BRL","3169059",NA,NA,"BRMG3169059",NA,"BRA.13.813_1"
"b22220a9",2021-12-25,385,9,NA,NA,NA,NA,NA,NA,NA,NA,1,1,1,0,0,0,0,1,2,0,0,4,5,0,-26.98,-26.85,-30.83,0,3,"Brazil","Minas Gerais","Tocos do Moji",-22.358205795,-46.1582863371239,4109,"BRA","BR",76,"BRL","3169059",NA,NA,"BRMG3169059",NA,"BRA.13.813_1"
"b22220a9",2021-12-26,385,9,NA,NA,NA,NA,NA,NA,NA,NA,1,1,1,0,0,0,0,1,2,0,0,4,5,0,-26.98,-26.85,-30.83,0,3,"Brazil","Minas Gerais","Tocos do Moji",-22.358205795,-46.1582863371239,4109,"BRA","BR",76,"BRL","3169059",NA,NA,"BRMG3169059",NA,"BRA.13.813_1"
"b22220a9",2021-12-27,385,9,NA,NA,7985,3641,3642,NA,NA,NA,1,1,1,0,0,0,0,1,2,0,0,4,5,0,-26.98,-26.85,-30.83,0,3,"Brazil","Minas Gerais","Tocos do Moji",-22.358205795,-46.1582863371239,4109,"BRA","BR",76,"BRL","3169059",NA,NA,"BRMG3169059",NA,"BRA.13.813_1"
"b22220a9",2021-12-28,385,9,NA,NA,8093,3641,3642,NA,NA,NA,1,1,1,0,0,0,0,1,2,0,0,4,5,0,-26.98,-26.85,-30.83,0,3,"Brazil","Minas Gerais","Tocos do Moji",-22.358205795,-46.1582863371239,4109,"BRA","BR",76,"BRL","3169059",NA,NA,"BRMG3169059",NA,"BRA.13.813_1"
"b22220a9",2021-12-29,385,9,NA,NA,NA,NA,NA,NA,NA,NA,1,1,1,0,0,0,0,1,2,0,0,4,5,0,-26.98,-26.85,-30.83,0,3,"Brazil","Minas Gerais","Tocos do Moji",-22.358205795,-46.1582863371239,4109,"BRA","BR",76,"BRL","3169059",NA,NA,"BRMG3169059",NA,"BRA.13.813_1"
"b22220a9",2021-12-30,385,9,NA,NA,8094,3641,3642,NA,NA,NA,1,1,1,0,0,0,0,1,2,0,0,4,5,0,-26.98,-26.85,-30.83,0,3,"Brazil","Minas Gerais","Tocos do Moji",-22.358205795,-46.1582863371239,4109,"BRA","BR",76,"BRL","3169059",NA,NA,"BRMG3169059",NA,"BRA.13.813_1"
"b22220a9",2021-12-31,386,9,NA,NA,NA,NA,NA,NA,NA,NA,1,1,1,0,0,0,0,1,2,0,0,4,5,0,-26.98,-26.85,-30.83,0,3,"Brazil","Minas Gerais","Tocos do Moji",-22.358205795,-46.1582863371239,4109,"BRA","BR",76,"BRL","3169059",NA,NA,"BRMG3169059",NA,"BRA.13.813_1"
"b22220a9",2022-01-01,392,9,NA,NA,NA,NA,NA,NA,NA,NA,1,1,1,0,0,0,0,1,2,0,0,4,5,0,-26.98,-26.85,-30.83,0,3,"Brazil","Minas Gerais","Tocos do Moji",-22.358205795,-46.1582863371239,4109,"BRA","BR",76,"BRL","3169059",NA,NA,"BRMG3169059",NA,"BRA.13.813_1"
"b22220a9",2022-01-02,392,9,NA,NA,NA,NA,NA,NA,NA,NA,1,1,1,0,0,0,0,1,2,0,0,4,5,0,-26.98,-26.85,-30.83,0,3,"Brazil","Minas Gerais","Tocos do Moji",-22.358205795,-46.1582863371239,4109,"BRA","BR",76,"BRL","3169059",NA,NA,"BRMG3169059",NA,"BRA.13.813_1"
"b22220a9",2022-01-03,392,9,NA,NA,NA,NA,NA,NA,NA,NA,1,1,1,0,0,0,0,1,2,0,0,4,5,0,-26.98,-26.85,-30.83,0,3,"Brazil","Minas Gerais","Tocos do Moji",-22.358205795,-46.1582863371239,4109,"BRA","BR",76,"BRL","3169059",NA,NA,"BRMG3169059",NA,"BRA.13.813_1"
"b22220a9",2022-01-04,392,9,NA,NA,8258,3641,3643,NA,NA,NA,1,1,1,0,0,0,0,1,2,0,0,4,5,0,-26.98,-26.85,-30.83,0,3,"Brazil","Minas Gerais","Tocos do Moji",-22.358205795,-46.1582863371239,4109,"BRA","BR",76,"BRL","3169059",NA,NA,"BRMG3169059",NA,"BRA.13.813_1"
"b22220a9",2022-01-05,395,9,NA,NA,8457,3641,3647,NA,NA,NA,1,1,1,0,0,0,0,1,2,0,0,4,5,0,-26.98,-26.85,-30.83,0,3,"Brazil","Minas Gerais","Tocos do Moji",-22.358205795,-46.1582863371239,4109,"BRA","BR",76,"BRL","3169059",NA,NA,"BRMG3169059",NA,"BRA.13.813_1"
"b22220a9",2022-01-06,403,9,NA,NA,NA,NA,NA,NA,NA,NA,1,1,1,0,0,0,0,1,2,0,0,4,5,0,-26.98,-26.85,-30.83,0,3,"Brazil","Minas Gerais","Tocos do Moji",-22.358205795,-46.1582863371239,4109,"BRA","BR",76,"BRL","3169059",NA,NA,"BRMG3169059",NA,"BRA.13.813_1"
"b22220a9",2022-01-07,415,9,NA,NA,8533,3646,3651,NA,NA,NA,1,1,1,0,0,0,0,1,2,0,0,4,5,0,-26.98,-26.85,-30.83,0,3,"Brazil","Minas Gerais","Tocos do Moji",-22.358205795,-46.1582863371239,4109,"BRA","BR",76,"BRL","3169059",NA,NA,"BRMG3169059",NA,"BRA.13.813_1"
"b22220a9",2022-01-08,426,9,NA,NA,NA,NA,NA,NA,NA,NA,1,1,1,0,0,0,0,1,2,0,0,4,5,0,-26.98,-26.85,-30.83,0,3,"Brazil","Minas Gerais","Tocos do Moji",-22.358205795,-46.1582863371239,4109,"BRA","BR",76,"BRL","3169059",NA,NA,"BRMG3169059",NA,"BRA.13.813_1"
"b22220a9",2022-01-09,432,9,NA,NA,NA,NA,NA,NA,NA,NA,1,1,1,0,0,0,0,1,2,0,0,4,5,0,-26.98,-26.85,-30.83,0,3,"Brazil","Minas Gerais","Tocos do Moji",-22.358205795,-46.1582863371239,4109,"BRA","BR",76,"BRL","3169059",NA,NA,"BRMG3169059",NA,"BRA.13.813_1"
"b22220a9",2022-01-10,432,9,NA,NA,NA,NA,NA,NA,NA,NA,1,1,1,0,0,0,0,1,2,0,0,4,5,0,-26.98,-26.85,-30.83,0,3,"Brazil","Minas Gerais","Tocos do Moji",-22.358205795,-46.1582863371239,4109,"BRA","BR",76,"BRL","3169059",NA,NA,"BRMG3169059",NA,"BRA.13.813_1"
"b22220a9",2022-01-11,438,9,NA,NA,NA,NA,NA,NA,NA,NA,1,1,1,0,0,0,0,1,2,0,0,4,5,0,-26.98,-26.85,-30.83,0,3,"Brazil","Minas Gerais","Tocos do Moji",-22.358205795,-46.1582863371239,4109,"BRA","BR",76,"BRL","3169059",NA,NA,"BRMG3169059",NA,"BRA.13.813_1"
"b22220a9",2022-01-12,465,9,NA,NA,8672,3646,3654,NA,NA,NA,1,1,-2,-1,0,0,0,1,2,0,0,4,5,0,-29.32,-31.02,-33.51,0,3,"Brazil","Minas Gerais","Tocos do Moji",-22.358205795,-46.1582863371239,4109,"BRA","BR",76,"BRL","3169059",NA,NA,"BRMG3169059",NA,"BRA.13.813_1"
"b22220a9",2022-01-13,485,9,NA,NA,NA,NA,NA,NA,NA,NA,1,1,-2,-1,0,0,0,1,2,0,0,4,5,0,-29.32,-31.02,-33.51,0,3,"Brazil","Minas Gerais","Tocos do Moji",-22.358205795,-46.1582863371239,4109,"BRA","BR",76,"BRL","3169059",NA,NA,"BRMG3169059",NA,"BRA.13.813_1"
"b22220a9",2022-01-14,485,9,NA,NA,NA,NA,NA,NA,NA,NA,1,1,-2,-1,0,0,0,1,2,0,0,4,5,0,-29.32,-31.02,-33.51,0,3,"Brazil","Minas Gerais","Tocos do Moji",-22.358205795,-46.1582863371239,4109,"BRA","BR",76,"BRL","3169059",NA,NA,"BRMG3169059",NA,"BRA.13.813_1"
"b22220a9",2022-01-15,521,9,NA,NA,NA,NA,NA,NA,NA,NA,1,1,-2,-1,0,0,0,1,2,0,0,4,5,0,-29.32,-31.02,-33.51,0,3,"Brazil","Minas Gerais","Tocos do Moji",-22.358205795,-46.1582863371239,4109,"BRA","BR",76,"BRL","3169059",NA,NA,"BRMG3169059",NA,"BRA.13.813_1"
"b22220a9",2022-01-16,521,9,NA,NA,NA,NA,NA,NA,NA,NA,1,1,-2,-1,0,0,0,1,2,0,0,4,5,0,-29.32,-31.02,-33.51,0,3,"Brazil","Minas Gerais","Tocos do Moji",-22.358205795,-46.1582863371239,4109,"BRA","BR",76,"BRL","3169059",NA,NA,"BRMG3169059",NA,"BRA.13.813_1"
"b22220a9",2022-01-17,541,9,NA,NA,NA,NA,NA,NA,NA,NA,1,1,-2,-1,0,0,0,1,2,0,0,4,5,0,-29.32,-31.02,-33.51,0,3,"Brazil","Minas Gerais","Tocos do Moji",-22.358205795,-46.1582863371239,4109,"BRA","BR",76,"BRL","3169059",NA,NA,"BRMG3169059",NA,"BRA.13.813_1"
"b22220a9",2022-01-18,541,9,NA,NA,NA,NA,NA,NA,NA,NA,1,1,-2,-1,0,0,0,1,2,0,0,4,5,0,-29.32,-31.02,-33.51,0,3,"Brazil","Minas Gerais","Tocos do Moji",-22.358205795,-46.1582863371239,4109,"BRA","BR",76,"BRL","3169059",NA,NA,"BRMG3169059",NA,"BRA.13.813_1"
"b22220a9",2022-01-19,575,9,NA,NA,8884,3647,3655,NA,NA,NA,1,1,-2,-1,0,0,0,1,2,0,0,4,5,0,-29.32,-31.02,-33.51,0,3,"Brazil","Minas Gerais","Tocos do Moji",-22.358205795,-46.1582863371239,4109,"BRA","BR",76,"BRL","3169059",NA,NA,"BRMG3169059",NA,"BRA.13.813_1"
"b22220a9",2022-01-20,589,9,NA,NA,8909,3648,3678,NA,NA,NA,1,1,2,-1,0,0,0,1,2,0,0,4,5,0,-30.89,-33.8,-35.3,0,3,"Brazil","Minas Gerais","Tocos do Moji",-22.358205795,-46.1582863371239,4109,"BRA","BR",76,"BRL","3169059",NA,NA,"BRMG3169059",NA,"BRA.13.813_1"
"b22220a9",2022-01-21,599,9,NA,NA,8915,3648,3678,NA,NA,NA,1,1,2,-1,0,0,0,1,2,0,0,4,5,0,-30.89,-33.8,-35.3,0,3,"Brazil","Minas Gerais","Tocos do Moji",-22.358205795,-46.1582863371239,4109,"BRA","BR",76,"BRL","3169059",NA,NA,"BRMG3169059",NA,"BRA.13.813_1"
"b22220a9",2022-01-22,604,9,NA,NA,NA,NA,NA,NA,NA,NA,1,1,2,-1,0,0,0,1,2,0,0,4,5,0,-30.89,-33.8,-35.3,0,3,"Brazil","Minas Gerais","Tocos do Moji",-22.358205795,-46.1582863371239,4109,"BRA","BR",76,"BRL","3169059",NA,NA,"BRMG3169059",NA,"BRA.13.813_1"
"b22220a9",2022-01-23,612,9,NA,NA,NA,NA,NA,NA,NA,NA,1,1,2,-1,0,0,0,1,2,0,0,4,5,0,-30.89,-33.8,-35.3,0,3,"Brazil","Minas Gerais","Tocos do Moji",-22.358205795,-46.1582863371239,4109,"BRA","BR",76,"BRL","3169059",NA,NA,"BRMG3169059",NA,"BRA.13.813_1"
"b22220a9",2022-01-24,612,9,NA,NA,NA,NA,NA,NA,NA,NA,1,1,2,-1,0,0,0,1,2,0,0,4,5,0,-30.89,-33.8,-35.3,0,3,"Brazil","Minas Gerais","Tocos do Moji",-22.358205795,-46.1582863371239,4109,"BRA","BR",76,"BRL","3169059",NA,NA,"BRMG3169059",NA,"BRA.13.813_1"
"b22220a9",2022-01-25,612,9,NA,NA,NA,NA,NA,NA,NA,NA,1,1,2,-1,0,0,0,1,2,0,0,4,5,0,-30.89,-33.8,-35.3,0,3,"Brazil","Minas Gerais","Tocos do Moji",-22.358205795,-46.1582863371239,4109,"BRA","BR",76,"BRL","3169059",NA,NA,"BRMG3169059",NA,"BRA.13.813_1"
"b22220a9",2022-01-26,628,9,NA,NA,9091,3649,3679,NA,NA,NA,1,1,2,-1,0,0,0,1,2,0,0,4,5,0,-30.89,-33.8,-35.3,0,3,"Brazil","Minas Gerais","Tocos do Moji",-22.358205795,-46.1582863371239,4109,"BRA","BR",76,"BRL","3169059",NA,NA,"BRMG3169059",NA,"BRA.13.813_1"
"b22220a9",2022-01-27,642,9,NA,NA,NA,NA,NA,NA,NA,NA,1,1,2,-1,0,0,0,1,2,0,0,4,5,0,-30.89,-33.8,-35.3,0,3,"Brazil","Minas Gerais","Tocos do Moji",-22.358205795,-46.1582863371239,4109,"BRA","BR",76,"BRL","3169059",NA,NA,"BRMG3169059",NA,"BRA.13.813_1"
"b22220a9",2022-01-28,642,9,NA,NA,NA,NA,NA,NA,NA,NA,1,1,2,-1,0,0,0,1,2,0,0,4,5,0,-30.89,-33.8,-35.3,0,3,"Brazil","Minas Gerais","Tocos do Moji",-22.358205795,-46.1582863371239,4109,"BRA","BR",76,"BRL","3169059",NA,NA,"BRMG3169059",NA,"BRA.13.813_1"
"b22220a9",2022-01-29,667,9,NA,NA,NA,NA,NA,NA,NA,NA,1,1,2,-1,0,0,0,1,2,0,0,4,5,0,-30.89,-33.8,-35.3,0,3,"Brazil","Minas Gerais","Tocos do Moji",-22.358205795,-46.1582863371239,4109,"BRA","BR",76,"BRL","3169059",NA,NA,"BRMG3169059",NA,"BRA.13.813_1"
"b22220a9",2022-01-30,671,9,NA,NA,NA,NA,NA,NA,NA,NA,1,1,2,-1,0,0,0,1,2,0,0,4,5,0,-30.89,-33.8,-35.3,0,3,"Brazil","Minas Gerais","Tocos do Moji",-22.358205795,-46.1582863371239,4109,"BRA","BR",76,"BRL","3169059",NA,NA,"BRMG3169059",NA,"BRA.13.813_1"
"b22220a9",2022-01-31,671,9,NA,NA,NA,NA,NA,NA,NA,NA,1,1,2,-1,0,0,0,1,2,0,0,4,5,0,-30.89,-33.8,-35.3,0,3,"Brazil","Minas Gerais","Tocos do Moji",-22.358205795,-46.1582863371239,4109,"BRA","BR",76,"BRL","3169059",NA,NA,"BRMG3169059",NA,"BRA.13.813_1"
"b22220a9",2022-02-01,680,9,NA,NA,9211,3769,3679,NA,NA,NA,1,1,2,-1,0,0,0,1,2,0,0,4,5,0,-30.89,-33.8,-35.3,0,3,"Brazil","Minas Gerais","Tocos do Moji",-22.358205795,-46.1582863371239,4109,"BRA","BR",76,"BRL","3169059",NA,NA,"BRMG3169059",NA,"BRA.13.813_1"
"b22220a9",2022-02-02,684,9,NA,NA,9251,3769,3681,NA,NA,NA,1,1,2,-1,0,0,0,1,2,0,0,4,5,0,-30.89,-33.8,-35.3,0,3,"Brazil","Minas Gerais","Tocos do Moji",-22.358205795,-46.1582863371239,4109,"BRA","BR",76,"BRL","3169059",NA,NA,"BRMG3169059",NA,"BRA.13.813_1"
"b22220a9",2022-02-03,687,9,NA,NA,NA,NA,NA,NA,NA,NA,1,1,2,-1,0,0,0,1,2,0,0,4,5,0,-30.89,-33.8,-35.3,0,3,"Brazil","Minas Gerais","Tocos do Moji",-22.358205795,-46.1582863371239,4109,"BRA","BR",76,"BRL","3169059",NA,NA,"BRMG3169059",NA,"BRA.13.813_1"
"b22220a9",2022-02-04,695,9,NA,NA,NA,NA,NA,NA,NA,NA,1,1,2,-1,0,0,0,1,2,0,0,4,5,0,-30.89,-33.8,-35.3,0,3,"Brazil","Minas Gerais","Tocos do Moji",-22.358205795,-46.1582863371239,4109,"BRA","BR",76,"BRL","3169059",NA,NA,"BRMG3169059",NA,"BRA.13.813_1"
"b22220a9",2022-02-05,698,9,NA,NA,NA,NA,NA,NA,NA,NA,1,1,2,-1,0,0,0,1,2,0,0,4,5,0,-30.89,-33.8,-35.3,0,3,"Brazil","Minas Gerais","Tocos do Moji",-22.358205795,-46.1582863371239,4109,"BRA","BR",76,"BRL","3169059",NA,NA,"BRMG3169059",NA,"BRA.13.813_1"
"b22220a9",2022-02-06,702,9,NA,NA,NA,NA,NA,NA,NA,NA,1,1,2,-1,0,0,0,1,2,0,0,4,5,0,-30.89,-33.8,-35.3,0,3,"Brazil","Minas Gerais","Tocos do Moji",-22.358205795,-46.1582863371239,4109,"BRA","BR",76,"BRL","3169059",NA,NA,"BRMG3169059",NA,"BRA.13.813_1"
"b22220a9",2022-02-07,702,9,NA,NA,NA,NA,NA,NA,NA,NA,1,1,2,-1,0,0,0,1,2,0,0,4,5,0,-30.89,-33.8,-35.3,0,3,"Brazil","Minas Gerais","Tocos do Moji",-22.358205795,-46.1582863371239,4109,"BRA","BR",76,"BRL","3169059",NA,NA,"BRMG3169059",NA,"BRA.13.813_1"
"b22220a9",2022-02-08,707,9,NA,NA,NA,NA,NA,NA,NA,NA,1,1,2,-1,0,0,0,1,2,0,0,4,5,0,-30.89,-33.8,-35.3,0,3,"Brazil","Minas Gerais","Tocos do Moji",-22.358205795,-46.1582863371239,4109,"BRA","BR",76,"BRL","3169059",NA,NA,"BRMG3169059",NA,"BRA.13.813_1"
"b22220a9",2022-02-09,716,9,NA,NA,9470,3770,3682,NA,NA,NA,1,1,2,-1,0,0,0,1,2,0,0,4,5,0,-30.89,-33.8,-35.3,0,3,"Brazil","Minas Gerais","Tocos do Moji",-22.358205795,-46.1582863371239,4109,"BRA","BR",76,"BRL","3169059",NA,NA,"BRMG3169059",NA,"BRA.13.813_1"
"b22220a9",2022-02-10,717,9,NA,NA,NA,NA,NA,NA,NA,NA,1,1,2,-1,0,0,0,1,2,0,0,4,5,0,-30.89,-33.8,-35.3,0,3,"Brazil","Minas Gerais","Tocos do Moji",-22.358205795,-46.1582863371239,4109,"BRA","BR",76,"BRL","3169059",NA,NA,"BRMG3169059",NA,"BRA.13.813_1"
"b22220a9",2022-02-11,726,9,NA,NA,9538,3838,3682,NA,NA,NA,1,1,2,-1,0,0,0,1,2,0,0,4,5,0,-30.89,-33.8,-35.3,0,3,"Brazil","Minas Gerais","Tocos do Moji",-22.358205795,-46.1582863371239,4109,"BRA","BR",76,"BRL","3169059",NA,NA,"BRMG3169059",NA,"BRA.13.813_1"
"b22220a9",2022-02-12,737,9,NA,NA,NA,NA,NA,NA,NA,NA,1,1,2,-1,0,0,0,1,2,0,0,4,5,0,-30.89,-33.8,-35.3,0,3,"Brazil","Minas Gerais","Tocos do Moji",-22.358205795,-46.1582863371239,4109,"BRA","BR",76,"BRL","3169059",NA,NA,"BRMG3169059",NA,"BRA.13.813_1"
"b22220a9",2022-02-13,742,9,NA,NA,NA,NA,NA,NA,NA,NA,1,1,2,-1,0,0,0,1,2,0,0,4,5,0,-30.89,-33.8,-35.3,0,3,"Brazil","Minas Gerais","Tocos do Moji",-22.358205795,-46.1582863371239,4109,"BRA","BR",76,"BRL","3169059",NA,NA,"BRMG3169059",NA,"BRA.13.813_1"
"b22220a9",2022-02-14,742,9,NA,NA,NA,NA,NA,NA,NA,NA,1,1,2,-1,0,0,0,1,2,0,0,4,5,0,-30.89,-33.8,-35.3,0,3,"Brazil","Minas Gerais","Tocos do Moji",-22.358205795,-46.1582863371239,4109,"BRA","BR",76,"BRL","3169059",NA,NA,"BRMG3169059",NA,"BRA.13.813_1"
"b22220a9",2022-02-15,747,9,NA,NA,NA,NA,NA,NA,NA,NA,2,1,-2,-1,0,0,0,1,2,0,0,4,5,0,-31.41,-34.72,-35.89,0,3,"Brazil","Minas Gerais","Tocos do Moji",-22.358205795,-46.1582863371239,4109,"BRA","BR",76,"BRL","3169059",NA,NA,"BRMG3169059",NA,"BRA.13.813_1"
"b22220a9",2022-02-16,754,9,NA,NA,9689,3838,3683,NA,NA,NA,2,1,-2,-1,0,0,0,1,2,0,0,4,5,0,-31.41,-34.72,-35.89,0,3,"Brazil","Minas Gerais","Tocos do Moji",-22.358205795,-46.1582863371239,4109,"BRA","BR",76,"BRL","3169059",NA,NA,"BRMG3169059",NA,"BRA.13.813_1"
"b22220a9",2022-02-17,760,9,NA,NA,NA,NA,NA,NA,NA,NA,2,1,-2,-1,0,0,0,1,2,0,0,4,5,0,-31.41,-34.72,-35.89,0,3,"Brazil","Minas Gerais","Tocos do Moji",-22.358205795,-46.1582863371239,4109,"BRA","BR",76,"BRL","3169059",NA,NA,"BRMG3169059",NA,"BRA.13.813_1"
"b22220a9",2022-02-18,770,9,NA,NA,9717,3866,3683,NA,NA,NA,2,1,-2,-1,0,0,0,1,2,0,0,4,5,0,-31.41,-34.72,-35.89,0,3,"Brazil","Minas Gerais","Tocos do Moji",-22.358205795,-46.1582863371239,4109,"BRA","BR",76,"BRL","3169059",NA,NA,"BRMG3169059",NA,"BRA.13.813_1"
"b22220a9",2022-02-19,789,9,NA,NA,NA,NA,NA,NA,NA,NA,2,1,-2,-1,0,0,0,1,2,0,0,4,5,0,-31.41,-34.72,-35.89,0,3,"Brazil","Minas Gerais","Tocos do Moji",-22.358205795,-46.1582863371239,4109,"BRA","BR",76,"BRL","3169059",NA,NA,"BRMG3169059",NA,"BRA.13.813_1"
"b22220a9",2022-02-20,796,9,NA,NA,NA,NA,NA,NA,NA,NA,2,1,-2,-1,0,0,0,1,2,0,0,4,5,0,-31.41,-34.72,-35.89,0,3,"Brazil","Minas Gerais","Tocos do Moji",-22.358205795,-46.1582863371239,4109,"BRA","BR",76,"BRL","3169059",NA,NA,"BRMG3169059",NA,"BRA.13.813_1"
"b22220a9",2022-02-21,796,9,NA,NA,NA,NA,NA,NA,NA,NA,2,1,-2,-1,0,0,0,1,2,0,0,4,5,0,-31.41,-34.72,-35.89,0,3,"Brazil","Minas Gerais","Tocos do Moji",-22.358205795,-46.1582863371239,4109,"BRA","BR",76,"BRL","3169059",NA,NA,"BRMG3169059",NA,"BRA.13.813_1"
"b22220a9",2022-02-22,800,9,NA,NA,NA,NA,NA,NA,NA,NA,2,1,-2,-1,0,0,0,1,2,0,0,4,5,0,-31.41,-34.72,-35.89,0,3,"Brazil","Minas Gerais","Tocos do Moji",-22.358205795,-46.1582863371239,4109,"BRA","BR",76,"BRL","3169059",NA,NA,"BRMG3169059",NA,"BRA.13.813_1"
"b22220a9",2022-02-23,822,9,NA,NA,9766,3866,3683,NA,NA,NA,2,1,-2,-1,0,0,0,1,2,0,0,4,5,0,-31.41,-34.72,-35.89,0,3,"Brazil","Minas Gerais","Tocos do Moji",-22.358205795,-46.1582863371239,4109,"BRA","BR",76,"BRL","3169059",NA,NA,"BRMG3169059",NA,"BRA.13.813_1"
"b22220a9",2022-02-24,836,9,NA,NA,NA,NA,NA,NA,NA,NA,2,1,-2,-1,0,0,0,1,2,0,0,4,5,0,-31.41,-34.72,-35.89,0,3,"Brazil","Minas Gerais","Tocos do Moji",-22.358205795,-46.1582863371239,4109,"BRA","BR",76,"BRL","3169059",NA,NA,"BRMG3169059",NA,"BRA.13.813_1"
"b22220a9",2022-02-25,836,9,NA,NA,9781,3881,3683,NA,NA,NA,2,1,-2,-1,0,0,0,1,2,0,0,4,5,0,-31.41,-34.72,-35.89,0,3,"Brazil","Minas Gerais","Tocos do Moji",-22.358205795,-46.1582863371239,4109,"BRA","BR",76,"BRL","3169059",NA,NA,"BRMG3169059",NA,"BRA.13.813_1"
"b22220a9",2022-02-26,847,9,NA,NA,NA,NA,NA,NA,NA,NA,2,1,-2,-1,0,0,0,1,2,0,0,4,5,0,-31.41,-34.72,-35.89,0,3,"Brazil","Minas Gerais","Tocos do Moji",-22.358205795,-46.1582863371239,4109,"BRA","BR",76,"BRL","3169059",NA,NA,"BRMG3169059",NA,"BRA.13.813_1"
"b22220a9",2022-02-27,850,9,NA,NA,NA,NA,NA,NA,NA,NA,2,1,-2,-1,0,0,0,1,2,0,0,4,5,0,-31.41,-34.72,-35.89,0,3,"Brazil","Minas Gerais","Tocos do Moji",-22.358205795,-46.1582863371239,4109,"BRA","BR",76,"BRL","3169059",NA,NA,"BRMG3169059",NA,"BRA.13.813_1"
"b22220a9",2022-02-28,850,9,NA,NA,NA,NA,NA,NA,NA,NA,2,1,-2,-1,0,0,0,1,2,0,0,4,5,0,-31.41,-34.72,-35.89,0,3,"Brazil","Minas Gerais","Tocos do Moji",-22.358205795,-46.1582863371239,4109,"BRA","BR",76,"BRL","3169059",NA,NA,"BRMG3169059",NA,"BRA.13.813_1"
"b22220a9",2022-03-01,850,9,NA,NA,NA,NA,NA,NA,NA,NA,2,1,-2,-1,0,0,0,1,2,0,0,4,5,0,-31.41,-34.72,-35.89,0,3,"Brazil","Minas Gerais","Tocos do Moji",-22.358205795,-46.1582863371239,4109,"BRA","BR",76,"BRL","3169059",NA,NA,"BRMG3169059",NA,"BRA.13.813_1"
"b22220a9",2022-03-02,850,9,NA,NA,10031,3881,3745,NA,NA,NA,2,1,-2,-1,0,0,0,1,2,0,0,4,5,0,-31.41,-34.72,-35.89,0,3,"Brazil","Minas Gerais","Tocos do Moji",-22.358205795,-46.1582863371239,4109,"BRA","BR",76,"BRL","3169059",NA,NA,"BRMG3169059",NA,"BRA.13.813_1"
"b22220a9",2022-03-03,855,9,NA,NA,10046,3881,3745,NA,NA,NA,2,1,-2,-1,0,0,0,1,2,0,0,4,5,0,-31.41,-34.72,-35.89,0,3,"Brazil","Minas Gerais","Tocos do Moji",-22.358205795,-46.1582863371239,4109,"BRA","BR",76,"BRL","3169059",NA,NA,"BRMG3169059",NA,"BRA.13.813_1"
"b22220a9",2022-03-04,864,9,NA,NA,10053,3881,3745,NA,NA,NA,2,1,-2,-1,0,0,0,1,2,0,0,4,5,0,-31.41,-34.72,-35.89,0,3,"Brazil","Minas Gerais","Tocos do Moji",-22.358205795,-46.1582863371239,4109,"BRA","BR",76,"BRL","3169059",NA,NA,"BRMG3169059",NA,"BRA.13.813_1"
"b22220a9",2022-03-05,873,10,NA,NA,NA,NA,NA,NA,NA,NA,2,1,-2,-1,0,0,0,1,2,0,0,4,5,0,-31.41,-34.72,-35.89,0,3,"Brazil","Minas Gerais","Tocos do Moji",-22.358205795,-46.1582863371239,4109,"BRA","BR",76,"BRL","3169059",NA,NA,"BRMG3169059",NA,"BRA.13.813_1"
"b22220a9",2022-03-06,885,10,NA,NA,NA,NA,NA,NA,NA,NA,2,1,-2,-1,0,0,0,1,2,0,0,4,5,0,-31.41,-34.72,-35.89,0,3,"Brazil","Minas Gerais","Tocos do Moji",-22.358205795,-46.1582863371239,4109,"BRA","BR",76,"BRL","3169059",NA,NA,"BRMG3169059",NA,"BRA.13.813_1"
"b22220a9",2022-03-07,885,10,NA,NA,NA,NA,NA,NA,NA,NA,2,1,-2,-1,0,0,0,1,2,0,0,4,5,0,-31.41,-34.72,-35.89,0,3,"Brazil","Minas Gerais","Tocos do Moji",-22.358205795,-46.1582863371239,4109,"BRA","BR",76,"BRL","3169059",NA,NA,"BRMG3169059",NA,"BRA.13.813_1"
"b22220a9",2022-03-08,887,10,NA,NA,NA,NA,NA,NA,NA,NA,2,1,-2,-1,0,0,0,1,2,0,0,4,5,0,-31.41,-34.72,-35.89,0,3,"Brazil","Minas Gerais","Tocos do Moji",-22.358205795,-46.1582863371239,4109,"BRA","BR",76,"BRL","3169059",NA,NA,"BRMG3169059",NA,"BRA.13.813_1"
"b22220a9",2022-03-09,892,10,NA,NA,10218,3881,3745,NA,NA,NA,2,1,-2,-1,0,0,0,1,2,0,0,4,5,0,-31.41,-34.72,-35.89,0,3,"Brazil","Minas Gerais","Tocos do Moji",-22.358205795,-46.1582863371239,4109,"BRA","BR",76,"BRL","3169059",NA,NA,"BRMG3169059",NA,"BRA.13.813_1"
"b22220a9",2022-03-10,895,10,NA,NA,10250,3881,3777,NA,NA,NA,2,1,-2,-1,0,0,0,1,2,0,0,4,5,0,-31.41,-34.72,-35.89,0,3,"Brazil","Minas Gerais","Tocos do Moji",-22.358205795,-46.1582863371239,4109,"BRA","BR",76,"BRL","3169059",NA,NA,"BRMG3169059",NA,"BRA.13.813_1"
"b22220a9",2022-03-11,896,10,NA,NA,10257,3888,3777,NA,NA,NA,2,1,-2,-1,0,0,0,1,2,0,0,4,5,0,-31.41,-34.72,-35.89,0,3,"Brazil","Minas Gerais","Tocos do Moji",-22.358205795,-46.1582863371239,4109,"BRA","BR",76,"BRL","3169059",NA,NA,"BRMG3169059",NA,"BRA.13.813_1"
"b22220a9",2022-03-12,897,10,NA,NA,NA,NA,NA,NA,NA,NA,2,1,-2,-1,0,0,0,1,2,0,0,4,5,0,-31.41,-34.72,-35.89,0,3,"Brazil","Minas Gerais","Tocos do Moji",-22.358205795,-46.1582863371239,4109,"BRA","BR",76,"BRL","3169059",NA,NA,"BRMG3169059",NA,"BRA.13.813_1"
"b22220a9",2022-03-13,900,10,NA,NA,NA,NA,NA,NA,NA,NA,2,1,-2,-1,0,0,0,1,2,0,0,4,5,0,-31.41,-34.72,-35.89,0,3,"Brazil","Minas Gerais","Tocos do Moji",-22.358205795,-46.1582863371239,4109,"BRA","BR",76,"BRL","3169059",NA,NA,"BRMG3169059",NA,"BRA.13.813_1"
"b22220a9",2022-03-14,900,10,NA,NA,NA,NA,NA,NA,NA,NA,2,1,-2,-1,0,0,0,1,2,0,0,4,5,0,-31.41,-34.72,-35.89,0,3,"Brazil","Minas Gerais","Tocos do Moji",-22.358205795,-46.1582863371239,4109,"BRA","BR",76,"BRL","3169059",NA,NA,"BRMG3169059",NA,"BRA.13.813_1"
"b22220a9",2022-03-15,900,10,NA,NA,NA,NA,NA,NA,NA,NA,2,1,-2,-1,0,0,0,1,2,0,0,4,5,0,-31.41,-34.72,-35.89,0,3,"Brazil","Minas Gerais","Tocos do Moji",-22.358205795,-46.1582863371239,4109,"BRA","BR",76,"BRL","3169059",NA,NA,"BRMG3169059",NA,"BRA.13.813_1"
"b22220a9",2022-03-16,900,10,NA,NA,10485,3888,3777,NA,NA,NA,2,1,-2,-1,0,0,0,1,2,0,0,4,5,0,-31.41,-34.72,-35.89,0,3,"Brazil","Minas Gerais","Tocos do Moji",-22.358205795,-46.1582863371239,4109,"BRA","BR",76,"BRL","3169059",NA,NA,"BRMG3169059",NA,"BRA.13.813_1"
"b22220a9",2022-03-17,900,10,NA,NA,10489,3889,3780,NA,NA,NA,2,1,-2,-1,0,0,0,1,2,0,0,4,5,0,-31.41,-34.72,-35.89,0,3,"Brazil","Minas Gerais","Tocos do Moji",-22.358205795,-46.1582863371239,4109,"BRA","BR",76,"BRL","3169059",NA,NA,"BRMG3169059",NA,"BRA.13.813_1"
"b22220a9",2022-03-18,900,10,NA,NA,NA,NA,NA,NA,NA,NA,2,1,-2,1,0,0,0,1,2,0,0,4,5,0,-32.19,-36.11,-36.79,0,3,"Brazil","Minas Gerais","Tocos do Moji",-22.358205795,-46.1582863371239,4109,"BRA","BR",76,"BRL","3169059",NA,NA,"BRMG3169059",NA,"BRA.13.813_1"
"b22220a9",2022-03-19,900,10,NA,NA,NA,NA,NA,NA,NA,NA,2,1,-2,1,0,0,0,1,2,0,0,4,5,0,-32.19,-36.11,-36.79,0,3,"Brazil","Minas Gerais","Tocos do Moji",-22.358205795,-46.1582863371239,4109,"BRA","BR",76,"BRL","3169059",NA,NA,"BRMG3169059",NA,"BRA.13.813_1"
"b22220a9",2022-03-20,900,10,NA,NA,NA,NA,NA,NA,NA,NA,2,1,-2,1,0,0,0,1,2,0,0,4,5,0,-32.19,-36.11,-36.79,0,3,"Brazil","Minas Gerais","Tocos do Moji",-22.358205795,-46.1582863371239,4109,"BRA","BR",76,"BRL","3169059",NA,NA,"BRMG3169059",NA,"BRA.13.813_1"
"b22220a9",2022-03-21,900,10,NA,NA,10490,3890,3780,NA,NA,NA,2,1,-2,1,0,0,0,1,2,0,0,4,5,0,-32.19,-36.11,-36.79,0,3,"Brazil","Minas Gerais","Tocos do Moji",-22.358205795,-46.1582863371239,4109,"BRA","BR",76,"BRL","3169059",NA,NA,"BRMG3169059",NA,"BRA.13.813_1"
"b22220a9",2022-03-22,900,10,NA,NA,NA,NA,NA,NA,NA,NA,2,1,-2,1,0,0,0,1,2,0,0,4,5,0,-32.19,-36.11,-36.79,0,3,"Brazil","Minas Gerais","Tocos do Moji",-22.358205795,-46.1582863371239,4109,"BRA","BR",76,"BRL","3169059",NA,NA,"BRMG3169059",NA,"BRA.13.813_1"
"b22220a9",2022-03-23,900,10,NA,NA,10603,3890,3782,NA,NA,NA,2,1,-2,1,0,0,0,1,2,0,0,4,5,0,-32.19,-36.11,-36.79,0,3,"Brazil","Minas Gerais","Tocos do Moji",-22.358205795,-46.1582863371239,4109,"BRA","BR",76,"BRL","3169059",NA,NA,"BRMG3169059",NA,"BRA.13.813_1"
"b22220a9",2022-03-24,900,10,NA,NA,10617,3892,3789,NA,NA,NA,2,1,-2,1,0,0,0,1,2,0,0,4,5,0,-32.19,-36.11,-36.79,0,3,"Brazil","Minas Gerais","Tocos do Moji",-22.358205795,-46.1582863371239,4109,"BRA","BR",76,"BRL","3169059",NA,NA,"BRMG3169059",NA,"BRA.13.813_1"
"b22220a9",2022-03-25,900,10,NA,NA,10619,3892,3789,NA,NA,NA,2,1,-2,1,0,0,0,1,2,0,0,4,5,0,-32.19,-36.11,-36.79,0,3,"Brazil","Minas Gerais","Tocos do Moji",-22.358205795,-46.1582863371239,4109,"BRA","BR",76,"BRL","3169059",NA,NA,"BRMG3169059",NA,"BRA.13.813_1"
"b22220a9",2022-03-26,900,10,NA,NA,NA,NA,NA,NA,NA,NA,2,1,-2,1,0,0,0,1,2,0,0,4,5,0,-32.19,-36.11,-36.79,0,3,"Brazil","Minas Gerais","Tocos do Moji",-22.358205795,-46.1582863371239,4109,"BRA","BR",76,"BRL","3169059",NA,NA,"BRMG3169059",NA,"BRA.13.813_1"
"b22220a9",2022-03-27,900,10,NA,NA,NA,NA,NA,NA,NA,NA,2,1,-2,1,0,0,0,1,2,0,0,4,5,0,-32.19,-36.11,-36.79,0,3,"Brazil","Minas Gerais","Tocos do Moji",-22.358205795,-46.1582863371239,4109,"BRA","BR",76,"BRL","3169059",NA,NA,"BRMG3169059",NA,"BRA.13.813_1"
"b22220a9",2022-03-28,900,10,NA,NA,NA,NA,NA,NA,NA,NA,2,-1,-2,-1,0,0,0,1,2,0,0,4,5,0,-30.36,-32.87,-34.7,0,3,"Brazil","Minas Gerais","Tocos do Moji",-22.358205795,-46.1582863371239,4109,"BRA","BR",76,"BRL","3169059",NA,NA,"BRMG3169059",NA,"BRA.13.813_1"
"b22220a9",2022-03-29,900,10,NA,NA,NA,NA,NA,NA,NA,NA,2,-1,-2,-1,0,0,0,1,2,0,0,4,5,0,-30.36,-32.87,-34.7,0,3,"Brazil","Minas Gerais","Tocos do Moji",-22.358205795,-46.1582863371239,4109,"BRA","BR",76,"BRL","3169059",NA,NA,"BRMG3169059",NA,"BRA.13.813_1"
"b22220a9",2022-03-30,900,10,NA,NA,10684,3892,3822,NA,NA,NA,2,-1,-2,-1,0,0,0,1,2,0,0,4,5,0,-30.36,-32.87,-34.7,0,3,"Brazil","Minas Gerais","Tocos do Moji",-22.358205795,-46.1582863371239,4109,"BRA","BR",76,"BRL","3169059",NA,NA,"BRMG3169059",NA,"BRA.13.813_1"
"b22220a9",2022-03-31,900,10,NA,NA,10694,3896,3828,NA,NA,NA,2,-1,-2,-1,0,0,0,1,2,0,0,4,5,0,-30.36,-32.87,-34.7,0,3,"Brazil","Minas Gerais","Tocos do Moji",-22.358205795,-46.1582863371239,4109,"BRA","BR",76,"BRL","3169059",NA,NA,"BRMG3169059",NA,"BRA.13.813_1"
"b22220a9",2022-04-01,900,10,NA,NA,10702,3896,3828,NA,NA,NA,2,-1,-2,-1,0,0,0,1,2,0,0,2,5,1,-29.32,-32.87,-33.51,0,3,"Brazil","Minas Gerais","Tocos do Moji",-22.358205795,-46.1582863371239,4109,"BRA","BR",76,"BRL","3169059",NA,NA,"BRMG3169059",NA,"BRA.13.813_1"
"b22220a9",2022-04-02,900,10,NA,NA,NA,NA,NA,NA,NA,NA,2,-1,-2,-1,0,0,0,1,2,0,0,2,5,1,-29.32,-32.87,-33.51,0,3,"Brazil","Minas Gerais","Tocos do Moji",-22.358205795,-46.1582863371239,4109,"BRA","BR",76,"BRL","3169059",NA,NA,"BRMG3169059",NA,"BRA.13.813_1"
"b22220a9",2022-04-03,900,10,NA,NA,NA,NA,NA,NA,NA,NA,2,-1,-2,-1,0,0,0,1,2,0,0,2,5,1,-29.32,-32.87,-33.51,0,3,"Brazil","Minas Gerais","Tocos do Moji",-22.358205795,-46.1582863371239,4109,"BRA","BR",76,"BRL","3169059",NA,NA,"BRMG3169059",NA,"BRA.13.813_1"
"b22220a9",2022-04-04,900,10,NA,NA,NA,NA,NA,NA,NA,NA,2,-1,-2,-1,0,0,0,1,2,0,0,2,5,1,-29.32,-32.87,-33.51,0,3,"Brazil","Minas Gerais","Tocos do Moji",-22.358205795,-46.1582863371239,4109,"BRA","BR",76,"BRL","3169059",NA,NA,"BRMG3169059",NA,"BRA.13.813_1"
"b22220a9",2022-04-05,900,10,NA,NA,NA,NA,NA,NA,NA,NA,2,-1,-2,-1,0,0,0,1,2,0,0,2,5,1,-29.32,-32.87,-33.51,0,3,"Brazil","Minas Gerais","Tocos do Moji",-22.358205795,-46.1582863371239,4109,"BRA","BR",76,"BRL","3169059",NA,NA,"BRMG3169059",NA,"BRA.13.813_1"
"b22220a9",2022-04-06,900,10,NA,NA,10792,3896,3828,NA,NA,NA,2,-1,-2,-1,0,0,0,1,2,0,0,2,5,1,-29.32,-32.87,-33.51,0,3,"Brazil","Minas Gerais","Tocos do Moji",-22.358205795,-46.1582863371239,4109,"BRA","BR",76,"BRL","3169059",NA,NA,"BRMG3169059",NA,"BRA.13.813_1"
"b22220a9",2022-04-07,900,10,NA,NA,10812,3896,3843,NA,NA,NA,2,-1,-2,-1,0,0,0,1,2,0,0,2,5,1,-29.32,-32.87,-33.51,0,3,"Brazil","Minas Gerais","Tocos do Moji",-22.358205795,-46.1582863371239,4109,"BRA","BR",76,"BRL","3169059",NA,NA,"BRMG3169059",NA,"BRA.13.813_1"
"b22220a9",2022-04-08,900,10,NA,NA,10814,3897,3843,NA,NA,NA,2,-1,-2,-1,0,0,0,1,2,0,0,2,5,1,-29.32,-32.87,-33.51,0,3,"Brazil","Minas Gerais","Tocos do Moji",-22.358205795,-46.1582863371239,4109,"BRA","BR",76,"BRL","3169059",NA,NA,"BRMG3169059",NA,"BRA.13.813_1"
"b22220a9",2022-04-09,900,10,NA,NA,NA,NA,NA,NA,NA,NA,2,-1,-2,-1,0,0,0,1,2,0,0,2,5,1,-29.32,-32.87,-33.51,0,3,"Brazil","Minas Gerais","Tocos do Moji",-22.358205795,-46.1582863371239,4109,"BRA","BR",76,"BRL","3169059",NA,NA,"BRMG3169059",NA,"BRA.13.813_1"
"b22220a9",2022-04-10,900,10,NA,NA,NA,NA,NA,NA,NA,NA,2,-1,-2,-1,0,0,0,1,2,0,0,2,5,1,-29.32,-32.87,-33.51,0,3,"Brazil","Minas Gerais","Tocos do Moji",-22.358205795,-46.1582863371239,4109,"BRA","BR",76,"BRL","3169059",NA,NA,"BRMG3169059",NA,"BRA.13.813_1"
"b22220a9",2022-04-11,900,10,NA,NA,10834,3897,3863,NA,NA,NA,2,-1,-2,-1,0,0,0,1,2,0,0,2,5,1,-29.32,-32.87,-33.51,0,3,"Brazil","Minas Gerais","Tocos do Moji",-22.358205795,-46.1582863371239,4109,"BRA","BR",76,"BRL","3169059",NA,NA,"BRMG3169059",NA,"BRA.13.813_1"
"b22220a9",2022-04-12,900,10,NA,NA,NA,NA,NA,NA,NA,NA,2,-1,-2,-1,0,0,0,1,2,0,0,2,5,1,-29.32,-32.87,-33.51,0,3,"Brazil","Minas Gerais","Tocos do Moji",-22.358205795,-46.1582863371239,4109,"BRA","BR",76,"BRL","3169059",NA,NA,"BRMG3169059",NA,"BRA.13.813_1"
"b22220a9",2022-04-13,900,10,NA,NA,11049,3897,3865,NA,NA,NA,2,-1,-2,-1,0,0,0,1,2,0,0,2,5,1,-29.32,-32.87,-33.51,0,3,"Brazil","Minas Gerais","Tocos do Moji",-22.358205795,-46.1582863371239,4109,"BRA","BR",76,"BRL","3169059",NA,NA,"BRMG3169059",NA,"BRA.13.813_1"
"b22220a9",2022-04-14,900,10,NA,NA,11060,3897,3865,NA,NA,NA,2,-1,-2,-1,0,0,0,1,2,0,0,2,5,1,-29.32,-32.87,-33.51,0,3,"Brazil","Minas Gerais","Tocos do Moji",-22.358205795,-46.1582863371239,4109,"BRA","BR",76,"BRL","3169059",NA,NA,"BRMG3169059",NA,"BRA.13.813_1"
"b22220a9",2022-04-15,900,10,NA,NA,NA,NA,NA,NA,NA,NA,2,-1,-2,-1,0,0,0,1,2,0,0,2,5,1,-29.32,-32.87,-33.51,0,3,"Brazil","Minas Gerais","Tocos do Moji",-22.358205795,-46.1582863371239,4109,"BRA","BR",76,"BRL","3169059",NA,NA,"BRMG3169059",NA,"BRA.13.813_1"
"b22220a9",2022-04-16,900,10,NA,NA,NA,NA,NA,NA,NA,NA,2,-1,-2,-1,0,0,0,1,2,0,0,2,5,1,-29.32,-32.87,-33.51,0,3,"Brazil","Minas Gerais","Tocos do Moji",-22.358205795,-46.1582863371239,4109,"BRA","BR",76,"BRL","3169059",NA,NA,"BRMG3169059",NA,"BRA.13.813_1"
"b22220a9",2022-04-17,900,10,NA,NA,NA,NA,NA,NA,NA,NA,2,-1,-2,-1,0,0,0,1,2,0,0,2,5,1,-29.32,-32.87,-33.51,0,3,"Brazil","Minas Gerais","Tocos do Moji",-22.358205795,-46.1582863371239,4109,"BRA","BR",76,"BRL","3169059",NA,NA,"BRMG3169059",NA,"BRA.13.813_1"
"b22220a9",2022-04-18,900,10,NA,NA,11085,3897,3890,NA,NA,NA,2,-1,-2,-1,0,0,0,1,2,0,0,2,5,1,-29.32,-32.87,-33.51,0,3,"Brazil","Minas Gerais","Tocos do Moji",-22.358205795,-46.1582863371239,4109,"BRA","BR",76,"BRL","3169059",NA,NA,"BRMG3169059",NA,"BRA.13.813_1"
"b22220a9",2022-04-19,900,10,NA,NA,11087,3897,3892,NA,NA,NA,2,-1,-2,-1,0,0,0,1,2,0,0,2,5,1,-29.32,-32.87,-33.51,0,3,"Brazil","Minas Gerais","Tocos do Moji",-22.358205795,-46.1582863371239,4109,"BRA","BR",76,"BRL","3169059",NA,NA,"BRMG3169059",NA,"BRA.13.813_1"
"b22220a9",2022-04-20,900,10,NA,NA,11123,3897,3892,NA,NA,NA,2,-1,-2,-1,0,0,0,1,2,0,0,2,5,1,-29.32,-32.87,-33.51,0,3,"Brazil","Minas Gerais","Tocos do Moji",-22.358205795,-46.1582863371239,4109,"BRA","BR",76,"BRL","3169059",NA,NA,"BRMG3169059",NA,"BRA.13.813_1"
"b22220a9",2022-04-21,900,10,NA,NA,NA,NA,NA,NA,NA,NA,2,-1,-2,-1,0,0,0,1,2,0,0,2,5,1,-29.32,-32.87,-33.51,0,3,"Brazil","Minas Gerais","Tocos do Moji",-22.358205795,-46.1582863371239,4109,"BRA","BR",76,"BRL","3169059",NA,NA,"BRMG3169059",NA,"BRA.13.813_1"
"b22220a9",2022-04-22,900,10,NA,NA,11124,3897,3893,NA,NA,NA,2,-1,-2,-1,0,0,0,1,2,0,0,2,5,1,-29.32,-32.87,-33.51,0,3,"Brazil","Minas Gerais","Tocos do Moji",-22.358205795,-46.1582863371239,4109,"BRA","BR",76,"BRL","3169059",NA,NA,"BRMG3169059",NA,"BRA.13.813_1"
"b22220a9",2022-04-23,900,10,NA,NA,NA,NA,NA,NA,NA,NA,2,-1,-2,-1,0,0,0,1,2,0,0,2,5,1,-29.32,-32.87,-33.51,0,3,"Brazil","Minas Gerais","Tocos do Moji",-22.358205795,-46.1582863371239,4109,"BRA","BR",76,"BRL","3169059",NA,NA,"BRMG3169059",NA,"BRA.13.813_1"
"b22220a9",2022-04-24,900,10,NA,NA,NA,NA,NA,NA,NA,NA,2,-1,-2,-1,0,0,0,1,2,0,0,2,5,1,-29.32,-32.87,-33.51,0,3,"Brazil","Minas Gerais","Tocos do Moji",-22.358205795,-46.1582863371239,4109,"BRA","BR",76,"BRL","3169059",NA,NA,"BRMG3169059",NA,"BRA.13.813_1"
"b22220a9",2022-04-25,900,10,NA,NA,NA,NA,NA,NA,NA,NA,2,-1,-2,-1,0,0,0,1,2,0,0,2,5,1,-29.32,-32.87,-33.51,0,3,"Brazil","Minas Gerais","Tocos do Moji",-22.358205795,-46.1582863371239,4109,"BRA","BR",76,"BRL","3169059",NA,NA,"BRMG3169059",NA,"BRA.13.813_1"
"b22220a9",2022-04-26,900,10,NA,NA,NA,NA,NA,NA,NA,NA,2,-1,-2,-1,0,0,0,1,2,0,0,2,5,1,-29.32,-32.87,-33.51,0,3,"Brazil","Minas Gerais","Tocos do Moji",-22.358205795,-46.1582863371239,4109,"BRA","BR",76,"BRL","3169059",NA,NA,"BRMG3169059",NA,"BRA.13.813_1"
"b22220a9",2022-04-27,900,10,NA,NA,11137,3897,3893,NA,NA,NA,2,-1,-2,-1,0,0,0,1,2,0,0,2,5,1,-29.32,-32.87,-33.51,0,3,"Brazil","Minas Gerais","Tocos do Moji",-22.358205795,-46.1582863371239,4109,"BRA","BR",76,"BRL","3169059",NA,NA,"BRMG3169059",NA,"BRA.13.813_1"
"b22220a9",2022-04-28,900,10,NA,NA,NA,NA,NA,NA,NA,NA,2,-1,-2,-1,0,0,0,1,2,0,0,2,5,1,-29.32,-32.87,-33.51,0,3,"Brazil","Minas Gerais","Tocos do Moji",-22.358205795,-46.1582863371239,4109,"BRA","BR",76,"BRL","3169059",NA,NA,"BRMG3169059",NA,"BRA.13.813_1"
"b22220a9",2022-04-29,900,10,NA,NA,11156,3897,3912,NA,NA,NA,2,-1,-2,-1,0,0,0,1,2,0,0,2,5,1,-29.32,-32.87,-33.51,0,3,"Brazil","Minas Gerais","Tocos do Moji",-22.358205795,-46.1582863371239,4109,"BRA","BR",76,"BRL","3169059",NA,NA,"BRMG3169059",NA,"BRA.13.813_1"
"b22220a9",2022-04-30,900,10,NA,NA,NA,NA,NA,NA,NA,NA,2,-1,-1,0,0,0,0,1,2,0,0,2,5,1,-25.42,-25.93,-29.05,0,3,"Brazil","Minas Gerais","Tocos do Moji",-22.358205795,-46.1582863371239,4109,"BRA","BR",76,"BRL","3169059",NA,NA,"BRMG3169059",NA,"BRA.13.813_1"
"b22220a9",2022-05-01,900,10,NA,NA,NA,NA,NA,NA,NA,NA,2,-1,-1,0,0,0,0,1,2,0,0,-2,5,1,-24.64,-25.93,-28.15,0,3,"Brazil","Minas Gerais","Tocos do Moji",-22.358205795,-46.1582863371239,4109,"BRA","BR",76,"BRL","3169059",NA,NA,"BRMG3169059",NA,"BRA.13.813_1"
"b22220a9",2022-05-02,900,10,NA,NA,NA,NA,NA,NA,NA,NA,2,-1,-1,0,0,0,0,1,2,0,0,-2,5,1,-24.64,-25.93,-28.15,0,3,"Brazil","Minas Gerais","Tocos do Moji",-22.358205795,-46.1582863371239,4109,"BRA","BR",76,"BRL","3169059",NA,NA,"BRMG3169059",NA,"BRA.13.813_1"
"b22220a9",2022-05-03,900,10,NA,NA,NA,NA,NA,NA,NA,NA,2,-1,-1,0,0,0,0,1,2,0,0,-2,5,1,-24.64,-25.93,-28.15,0,3,"Brazil","Minas Gerais","Tocos do Moji",-22.358205795,-46.1582863371239,4109,"BRA","BR",76,"BRL","3169059",NA,NA,"BRMG3169059",NA,"BRA.13.813_1"
"b22220a9",2022-05-04,900,10,NA,NA,11161,3897,3912,NA,NA,NA,2,-1,-1,0,0,0,0,1,2,1,0,-2,5,1,-26.72,-25.93,-30.54,0,3,"Brazil","Minas Gerais","Tocos do Moji",-22.358205795,-46.1582863371239,4109,"BRA","BR",76,"BRL","3169059",NA,NA,"BRMG3169059",NA,"BRA.13.813_1"
"b22220a9",2022-05-05,900,10,NA,NA,NA,NA,NA,NA,NA,NA,2,-1,-1,0,0,0,0,1,2,1,0,-2,5,1,-26.72,-25.93,-30.54,0,3,"Brazil","Minas Gerais","Tocos do Moji",-22.358205795,-46.1582863371239,4109,"BRA","BR",76,"BRL","3169059",NA,NA,"BRMG3169059",NA,"BRA.13.813_1"
"b22220a9",2022-05-06,900,10,NA,NA,11162,3897,3913,NA,NA,NA,2,-1,-1,0,0,0,0,1,2,1,0,-2,5,1,-26.72,-25.93,-30.54,0,3,"Brazil","Minas Gerais","Tocos do Moji",-22.358205795,-46.1582863371239,4109,"BRA","BR",76,"BRL","3169059",NA,NA,"BRMG3169059",NA,"BRA.13.813_1"
"b22220a9",2022-05-07,900,10,NA,NA,NA,NA,NA,NA,NA,NA,2,-1,-1,0,0,0,0,1,2,1,0,-2,5,1,-26.72,-25.93,-30.54,0,3,"Brazil","Minas Gerais","Tocos do Moji",-22.358205795,-46.1582863371239,4109,"BRA","BR",76,"BRL","3169059",NA,NA,"BRMG3169059",NA,"BRA.13.813_1"
"b22220a9",2022-05-08,900,10,NA,NA,NA,NA,NA,NA,NA,NA,2,-1,-1,0,0,0,0,1,2,1,0,-2,5,1,-26.72,-25.93,-30.54,0,3,"Brazil","Minas Gerais","Tocos do Moji",-22.358205795,-46.1582863371239,4109,"BRA","BR",76,"BRL","3169059",NA,NA,"BRMG3169059",NA,"BRA.13.813_1"
"b22220a9",2022-05-09,900,10,NA,NA,NA,NA,NA,NA,NA,NA,2,-1,-1,0,0,0,0,1,2,1,0,-2,5,1,-26.72,-25.93,-30.54,0,3,"Brazil","Minas Gerais","Tocos do Moji",-22.358205795,-46.1582863371239,4109,"BRA","BR",76,"BRL","3169059",NA,NA,"BRMG3169059",NA,"BRA.13.813_1"
"b22220a9",2022-05-10,900,10,NA,NA,NA,NA,NA,NA,NA,NA,2,-1,-1,0,0,0,0,1,2,1,0,-2,5,1,-26.72,-25.93,-30.54,0,3,"Brazil","Minas Gerais","Tocos do Moji",-22.358205795,-46.1582863371239,4109,"BRA","BR",76,"BRL","3169059",NA,NA,"BRMG3169059",NA,"BRA.13.813_1"
"b22220a9",2022-05-11,900,10,NA,NA,11195,3897,3913,NA,NA,NA,2,-1,-1,0,0,0,0,1,2,1,0,-2,5,1,-26.72,-25.93,-30.54,0,3,"Brazil","Minas Gerais","Tocos do Moji",-22.358205795,-46.1582863371239,4109,"BRA","BR",76,"BRL","3169059",NA,NA,"BRMG3169059",NA,"BRA.13.813_1"
"b22220a9",2022-05-12,900,10,NA,NA,NA,NA,NA,NA,NA,NA,2,-1,-1,0,0,0,0,1,2,1,0,-2,5,1,-26.72,-25.93,-30.54,0,3,"Brazil","Minas Gerais","Tocos do Moji",-22.358205795,-46.1582863371239,4109,"BRA","BR",76,"BRL","3169059",NA,NA,"BRMG3169059",NA,"BRA.13.813_1"
"b22220a9",2022-05-13,900,10,NA,NA,11201,3897,3913,NA,NA,NA,2,-1,-1,0,0,0,0,1,2,1,0,-2,5,1,-26.72,-25.93,-30.54,0,3,"Brazil","Minas Gerais","Tocos do Moji",-22.358205795,-46.1582863371239,4109,"BRA","BR",76,"BRL","3169059",NA,NA,"BRMG3169059",NA,"BRA.13.813_1"
"b22220a9",2022-05-14,900,10,NA,NA,NA,NA,NA,NA,NA,NA,2,-1,-1,0,0,0,0,1,2,1,0,-2,5,1,-26.72,-25.93,-30.54,0,3,"Brazil","Minas Gerais","Tocos do Moji",-22.358205795,-46.1582863371239,4109,"BRA","BR",76,"BRL","3169059",NA,NA,"BRMG3169059",NA,"BRA.13.813_1"
"b22220a9",2022-05-15,900,10,NA,NA,NA,NA,NA,NA,NA,NA,2,-1,-1,0,0,0,0,1,2,1,0,-2,5,1,-26.72,-25.93,-30.54,0,3,"Brazil","Minas Gerais","Tocos do Moji",-22.358205795,-46.1582863371239,4109,"BRA","BR",76,"BRL","3169059",NA,NA,"BRMG3169059",NA,"BRA.13.813_1"
"b22220a9",2022-05-16,909,10,NA,NA,NA,NA,NA,NA,NA,NA,2,-1,-1,0,0,0,0,1,2,1,0,-2,5,1,-26.72,-25.93,-30.54,0,3,"Brazil","Minas Gerais","Tocos do Moji",-22.358205795,-46.1582863371239,4109,"BRA","BR",76,"BRL","3169059",NA,NA,"BRMG3169059",NA,"BRA.13.813_1"
"b22220a9",2022-05-17,909,10,NA,NA,NA,NA,NA,NA,NA,NA,2,-1,-1,0,0,0,0,1,2,1,0,-2,5,1,-26.72,-25.93,-30.54,0,3,"Brazil","Minas Gerais","Tocos do Moji",-22.358205795,-46.1582863371239,4109,"BRA","BR",76,"BRL","3169059",NA,NA,"BRMG3169059",NA,"BRA.13.813_1"
"b22220a9",2022-05-18,922,10,NA,NA,11291,3897,3913,NA,NA,NA,2,-1,-1,0,0,0,0,1,2,1,0,-2,5,1,-26.72,-25.93,-30.54,0,3,"Brazil","Minas Gerais","Tocos do Moji",-22.358205795,-46.1582863371239,4109,"BRA","BR",76,"BRL","3169059",NA,NA,"BRMG3169059",NA,"BRA.13.813_1"
"b22220a9",2022-05-19,922,10,NA,NA,NA,NA,NA,NA,NA,NA,2,-1,-1,0,0,0,0,1,2,1,0,-2,5,1,-26.72,-25.93,-30.54,0,3,"Brazil","Minas Gerais","Tocos do Moji",-22.358205795,-46.1582863371239,4109,"BRA","BR",76,"BRL","3169059",NA,NA,"BRMG3169059",NA,"BRA.13.813_1"
"b22220a9",2022-05-20,943,10,NA,NA,11293,3897,3913,NA,NA,NA,2,-1,-1,0,0,0,0,1,2,1,0,2,5,1,-27.5,-25.93,-31.43,0,3,"Brazil","Minas Gerais","Tocos do Moji",-22.358205795,-46.1582863371239,4109,"BRA","BR",76,"BRL","3169059",NA,NA,"BRMG3169059",NA,"BRA.13.813_1"
"b22220a9",2022-05-21,943,10,NA,NA,NA,NA,NA,NA,NA,NA,2,-1,-1,0,0,0,0,1,2,1,0,2,5,1,-27.5,-25.93,-31.43,0,3,"Brazil","Minas Gerais","Tocos do Moji",-22.358205795,-46.1582863371239,4109,"BRA","BR",76,"BRL","3169059",NA,NA,"BRMG3169059",NA,"BRA.13.813_1"
"b22220a9",2022-05-22,943,10,NA,NA,NA,NA,NA,NA,NA,NA,2,-1,-1,0,0,0,0,1,2,1,0,2,5,1,-27.5,-25.93,-31.43,0,3,"Brazil","Minas Gerais","Tocos do Moji",-22.358205795,-46.1582863371239,4109,"BRA","BR",76,"BRL","3169059",NA,NA,"BRMG3169059",NA,"BRA.13.813_1"
"b22220a9",2022-05-23,961,10,NA,NA,NA,NA,NA,NA,NA,NA,2,-1,-1,0,0,0,0,1,2,1,0,2,5,1,-27.5,-25.93,-31.43,0,3,"Brazil","Minas Gerais","Tocos do Moji",-22.358205795,-46.1582863371239,4109,"BRA","BR",76,"BRL","3169059",NA,NA,"BRMG3169059",NA,"BRA.13.813_1"
"b22220a9",2022-05-24,961,10,NA,NA,NA,NA,NA,NA,NA,NA,2,-1,-1,0,0,0,0,1,2,1,0,2,5,1,-27.5,-25.93,-31.43,0,3,"Brazil","Minas Gerais","Tocos do Moji",-22.358205795,-46.1582863371239,4109,"BRA","BR",76,"BRL","3169059",NA,NA,"BRMG3169059",NA,"BRA.13.813_1"
"b22220a9",2022-05-25,961,10,NA,NA,NA,NA,NA,NA,NA,NA,2,-1,-1,0,0,0,0,1,2,1,0,2,5,1,-27.5,-25.93,-31.43,0,3,"Brazil","Minas Gerais","Tocos do Moji",-22.358205795,-46.1582863371239,4109,"BRA","BR",76,"BRL","3169059",NA,NA,"BRMG3169059",NA,"BRA.13.813_1"
"b22220a9",2022-05-26,978,10,NA,NA,11397,3897,3914,NA,NA,NA,2,-1,-1,0,0,0,0,1,2,1,0,2,5,1,-27.5,-25.93,-31.43,0,3,"Brazil","Minas Gerais","Tocos do Moji",-22.358205795,-46.1582863371239,4109,"BRA","BR",76,"BRL","3169059",NA,NA,"BRMG3169059",NA,"BRA.13.813_1"
"b22220a9",2022-05-27,990,10,NA,NA,NA,NA,NA,NA,NA,NA,2,-1,-1,0,0,0,0,1,2,1,0,2,5,1,-27.5,-25.93,-31.43,0,3,"Brazil","Minas Gerais","Tocos do Moji",-22.358205795,-46.1582863371239,4109,"BRA","BR",76,"BRL","3169059",NA,NA,"BRMG3169059",NA,"BRA.13.813_1"
"b22220a9",2022-05-28,990,10,NA,NA,NA,NA,NA,NA,NA,NA,2,-1,-1,0,0,0,0,1,2,1,0,2,5,1,-27.5,-25.93,-31.43,0,3,"Brazil","Minas Gerais","Tocos do Moji",-22.358205795,-46.1582863371239,4109,"BRA","BR",76,"BRL","3169059",NA,NA,"BRMG3169059",NA,"BRA.13.813_1"
"b22220a9",2022-05-29,990,10,NA,NA,NA,NA,NA,NA,NA,NA,2,-1,-1,0,0,0,0,1,2,1,0,2,5,1,-27.5,-25.93,-31.43,0,3,"Brazil","Minas Gerais","Tocos do Moji",-22.358205795,-46.1582863371239,4109,"BRA","BR",76,"BRL","3169059",NA,NA,"BRMG3169059",NA,"BRA.13.813_1"
"b22220a9",2022-05-30,1014,10,NA,NA,11415,3904,3925,NA,NA,NA,2,-1,-1,0,0,0,0,1,2,1,0,2,5,1,-27.5,-25.93,-31.43,0,3,"Brazil","Minas Gerais","Tocos do Moji",-22.358205795,-46.1582863371239,4109,"BRA","BR",76,"BRL","3169059",NA,NA,"BRMG3169059",NA,"BRA.13.813_1"
"b22220a9",2022-05-31,1014,10,NA,NA,NA,NA,NA,NA,NA,NA,2,-1,-1,0,0,0,0,1,2,1,0,2,5,1,-27.5,-25.93,-31.43,0,3,"Brazil","Minas Gerais","Tocos do Moji",-22.358205795,-46.1582863371239,4109,"BRA","BR",76,"BRL","3169059",NA,NA,"BRMG3169059",NA,"BRA.13.813_1"
"b22220a9",2022-06-01,1033,10,NA,NA,11527,3904,3925,NA,NA,NA,-1,-1,-1,0,0,0,0,1,2,0,0,-2,5,1,-21.51,-20.37,-24.58,0,3,"Brazil","Minas Gerais","Tocos do Moji",-22.358205795,-46.1582863371239,4109,"BRA","BR",76,"BRL","3169059",NA,NA,"BRMG3169059",NA,"BRA.13.813_1"
"b22220a9",2022-06-02,1037,10,NA,NA,NA,NA,NA,NA,NA,NA,-1,0,0,0,0,0,0,1,2,0,0,-2,5,1,-18.91,-15.74,-21.61,0,3,"Brazil","Minas Gerais","Tocos do Moji",-22.358205795,-46.1582863371239,4109,"BRA","BR",76,"BRL","3169059",NA,NA,"BRMG3169059",NA,"BRA.13.813_1"
"b22220a9",2022-06-03,1050,10,NA,NA,11531,3906,3927,NA,NA,NA,-1,0,0,0,0,0,0,1,2,0,0,-2,5,1,-18.91,-15.74,-21.61,0,3,"Brazil","Minas Gerais","Tocos do Moji",-22.358205795,-46.1582863371239,4109,"BRA","BR",76,"BRL","3169059",NA,NA,"BRMG3169059",NA,"BRA.13.813_1"
"b22220a9",2022-06-04,1050,10,NA,NA,NA,NA,NA,NA,NA,NA,-1,0,0,0,0,0,0,1,2,0,0,-2,5,1,-18.91,-15.74,-21.61,0,3,"Brazil","Minas Gerais","Tocos do Moji",-22.358205795,-46.1582863371239,4109,"BRA","BR",76,"BRL","3169059",NA,NA,"BRMG3169059",NA,"BRA.13.813_1"
"b22220a9",2022-06-05,1050,10,NA,NA,NA,NA,NA,NA,NA,NA,-1,0,0,0,0,0,0,1,2,0,0,-2,5,1,-18.91,-15.74,-21.61,0,3,"Brazil","Minas Gerais","Tocos do Moji",-22.358205795,-46.1582863371239,4109,"BRA","BR",76,"BRL","3169059",NA,NA,"BRMG3169059",NA,"BRA.13.813_1"
"b22220a9",2022-06-06,1081,10,NA,NA,NA,NA,NA,NA,NA,NA,-1,-1,0,0,0,0,0,1,2,0,0,-2,5,1,-19.95,-17.59,-22.8,0,3,"Brazil","Minas Gerais","Tocos do Moji",-22.358205795,-46.1582863371239,4109,"BRA","BR",76,"BRL","3169059",NA,NA,"BRMG3169059",NA,"BRA.13.813_1"
"b22220a9",2022-06-07,1081,10,NA,NA,NA,NA,NA,NA,NA,NA,-1,-1,0,0,0,0,0,1,2,0,0,-2,5,1,-19.95,-17.59,-22.8,0,3,"Brazil","Minas Gerais","Tocos do Moji",-22.358205795,-46.1582863371239,4109,"BRA","BR",76,"BRL","3169059",NA,NA,"BRMG3169059",NA,"BRA.13.813_1"
"b22220a9",2022-06-08,1115,10,NA,NA,NA,NA,NA,NA,NA,NA,-1,-1,0,0,0,0,0,1,2,0,0,-2,5,1,-19.95,-17.59,-22.8,0,3,"Brazil","Minas Gerais","Tocos do Moji",-22.358205795,-46.1582863371239,4109,"BRA","BR",76,"BRL","3169059",NA,NA,"BRMG3169059",NA,"BRA.13.813_1"
"b22220a9",2022-06-09,1131,10,NA,NA,NA,NA,NA,NA,NA,NA,-1,-1,0,0,0,0,0,1,2,0,0,-2,5,1,-19.95,-17.59,-22.8,0,3,"Brazil","Minas Gerais","Tocos do Moji",-22.358205795,-46.1582863371239,4109,"BRA","BR",76,"BRL","3169059",NA,NA,"BRMG3169059",NA,"BRA.13.813_1"
"b22220a9",2022-06-10,1158,10,NA,NA,NA,NA,NA,NA,NA,NA,-1,-1,0,0,0,0,0,1,2,0,0,-2,5,1,-19.95,-17.59,-22.8,0,3,"Brazil","Minas Gerais","Tocos do Moji",-22.358205795,-46.1582863371239,4109,"BRA","BR",76,"BRL","3169059",NA,NA,"BRMG3169059",NA,"BRA.13.813_1"
"b22220a9",2022-06-11,1158,10,NA,NA,NA,NA,NA,NA,NA,NA,-1,-1,0,0,0,0,0,1,2,0,0,-2,5,1,-19.95,-17.59,-22.8,0,3,"Brazil","Minas Gerais","Tocos do Moji",-22.358205795,-46.1582863371239,4109,"BRA","BR",76,"BRL","3169059",NA,NA,"BRMG3169059",NA,"BRA.13.813_1"
"b22220a9",2022-06-12,1158,10,NA,NA,NA,NA,NA,NA,NA,NA,-1,-1,0,0,0,0,0,1,2,0,0,-2,5,1,-19.95,-17.59,-22.8,0,3,"Brazil","Minas Gerais","Tocos do Moji",-22.358205795,-46.1582863371239,4109,"BRA","BR",76,"BRL","3169059",NA,NA,"BRMG3169059",NA,"BRA.13.813_1"
"b22220a9",2022-06-13,1196,10,NA,NA,11536,3906,3927,NA,NA,NA,-1,-1,0,0,0,0,0,1,2,0,0,-2,5,1,-19.95,-17.59,-22.8,0,3,"Brazil","Minas Gerais","Tocos do Moji",-22.358205795,-46.1582863371239,4109,"BRA","BR",76,"BRL","3169059",NA,NA,"BRMG3169059",NA,"BRA.13.813_1"
"b22220a9",2022-06-14,1196,10,NA,NA,11543,3906,3927,NA,NA,NA,-1,-1,0,0,0,0,0,1,2,0,0,-2,5,1,-19.95,-17.59,-22.8,0,3,"Brazil","Minas Gerais","Tocos do Moji",-22.358205795,-46.1582863371239,4109,"BRA","BR",76,"BRL","3169059",NA,NA,"BRMG3169059",NA,"BRA.13.813_1"
"b22220a9",2022-06-15,1217,10,NA,NA,11659,3906,3928,NA,NA,NA,-1,-1,0,0,0,0,0,1,2,0,0,-2,5,1,-19.95,-17.59,-22.8,0,3,"Brazil","Minas Gerais","Tocos do Moji",-22.358205795,-46.1582863371239,4109,"BRA","BR",76,"BRL","3169059",NA,NA,"BRMG3169059",NA,"BRA.13.813_1"
"b22220a9",2022-06-16,1217,10,NA,NA,NA,NA,NA,NA,NA,NA,-1,-1,0,0,0,0,0,1,2,0,0,-2,5,1,-19.95,-17.59,-22.8,0,3,"Brazil","Minas Gerais","Tocos do Moji",-22.358205795,-46.1582863371239,4109,"BRA","BR",76,"BRL","3169059",NA,NA,"BRMG3169059",NA,"BRA.13.813_1"
"b22220a9",2022-06-17,1217,10,NA,NA,NA,NA,NA,NA,NA,NA,-1,-1,0,0,0,0,0,1,2,0,0,-2,5,1,-19.95,-17.59,-22.8,0,3,"Brazil","Minas Gerais","Tocos do Moji",-22.358205795,-46.1582863371239,4109,"BRA","BR",76,"BRL","3169059",NA,NA,"BRMG3169059",NA,"BRA.13.813_1"
"b22220a9",2022-06-18,1217,10,NA,NA,NA,NA,NA,NA,NA,NA,-1,-1,0,0,0,0,0,1,2,0,0,-2,5,1,-19.95,-17.59,-22.8,0,3,"Brazil","Minas Gerais","Tocos do Moji",-22.358205795,-46.1582863371239,4109,"BRA","BR",76,"BRL","3169059",NA,NA,"BRMG3169059",NA,"BRA.13.813_1"
"b22220a9",2022-06-19,1217,10,NA,NA,NA,NA,NA,NA,NA,NA,-1,-1,0,0,0,0,0,1,2,0,0,-2,5,1,-19.95,-17.59,-22.8,0,3,"Brazil","Minas Gerais","Tocos do Moji",-22.358205795,-46.1582863371239,4109,"BRA","BR",76,"BRL","3169059",NA,NA,"BRMG3169059",NA,"BRA.13.813_1"
"b22220a9",2022-06-20,1236,10,NA,NA,NA,NA,NA,NA,NA,NA,-1,-1,0,0,0,0,0,1,2,0,0,-2,5,1,-19.95,-17.59,-22.8,0,3,"Brazil","Minas Gerais","Tocos do Moji",-22.358205795,-46.1582863371239,4109,"BRA","BR",76,"BRL","3169059",NA,NA,"BRMG3169059",NA,"BRA.13.813_1"
"b22220a9",2022-06-21,1236,10,NA,NA,NA,NA,NA,NA,NA,NA,-1,-1,0,0,0,0,0,1,2,0,0,-2,5,1,-19.95,-17.59,-22.8,0,3,"Brazil","Minas Gerais","Tocos do Moji",-22.358205795,-46.1582863371239,4109,"BRA","BR",76,"BRL","3169059",NA,NA,"BRMG3169059",NA,"BRA.13.813_1"
"b22220a9",2022-06-22,1252,10,NA,NA,11777,3906,3928,NA,NA,NA,-1,-1,0,0,0,0,0,1,2,0,0,-2,5,1,-19.95,-17.59,-22.8,0,3,"Brazil","Minas Gerais","Tocos do Moji",-22.358205795,-46.1582863371239,4109,"BRA","BR",76,"BRL","3169059",NA,NA,"BRMG3169059",NA,"BRA.13.813_1"
"b22220a9",2022-06-23,1257,10,NA,NA,NA,NA,NA,NA,NA,NA,-1,-1,0,0,0,0,0,1,2,0,0,-2,5,1,-19.95,-17.59,-22.8,0,3,"Brazil","Minas Gerais","Tocos do Moji",-22.358205795,-46.1582863371239,4109,"BRA","BR",76,"BRL","3169059",NA,NA,"BRMG3169059",NA,"BRA.13.813_1"
"b22220a9",2022-06-24,1265,10,NA,NA,NA,NA,NA,NA,NA,NA,-1,-1,0,0,0,0,0,1,2,0,0,-2,5,1,-19.95,-17.59,-22.8,0,3,"Brazil","Minas Gerais","Tocos do Moji",-22.358205795,-46.1582863371239,4109,"BRA","BR",76,"BRL","3169059",NA,NA,"BRMG3169059",NA,"BRA.13.813_1"
"b22220a9",2022-06-25,1265,10,NA,NA,NA,NA,NA,NA,NA,NA,-1,-1,0,0,0,0,0,1,2,0,0,-2,5,1,-19.95,-17.59,-22.8,0,3,"Brazil","Minas Gerais","Tocos do Moji",-22.358205795,-46.1582863371239,4109,"BRA","BR",76,"BRL","3169059",NA,NA,"BRMG3169059",NA,"BRA.13.813_1"
"b22220a9",2022-06-26,1265,10,NA,NA,NA,NA,NA,NA,NA,NA,-1,-1,0,0,0,0,0,1,2,0,0,-2,5,1,-19.95,-17.59,-22.8,0,3,"Brazil","Minas Gerais","Tocos do Moji",-22.358205795,-46.1582863371239,4109,"BRA","BR",76,"BRL","3169059",NA,NA,"BRMG3169059",NA,"BRA.13.813_1"
"b22220a9",2022-06-27,1289,10,NA,NA,11906,3906,3929,NA,NA,NA,-1,-1,0,0,0,0,0,1,2,0,0,-2,5,1,-19.95,-17.59,-22.8,0,3,"Brazil","Minas Gerais","Tocos do Moji",-22.358205795,-46.1582863371239,4109,"BRA","BR",76,"BRL","3169059",NA,NA,"BRMG3169059",NA,"BRA.13.813_1"
"b22220a9",2022-06-28,1289,10,NA,NA,NA,NA,NA,NA,NA,NA,-1,-1,0,0,0,0,0,1,2,0,0,-2,5,1,-19.95,-17.59,-22.8,0,3,"Brazil","Minas Gerais","Tocos do Moji",-22.358205795,-46.1582863371239,4109,"BRA","BR",76,"BRL","3169059",NA,NA,"BRMG3169059",NA,"BRA.13.813_1"
"b22220a9",2022-06-29,1297,10,NA,NA,12118,3906,3929,NA,NA,NA,-1,-1,0,0,0,0,0,1,2,0,0,-2,5,1,-19.95,-17.59,-22.8,0,3,"Brazil","Minas Gerais","Tocos do Moji",-22.358205795,-46.1582863371239,4109,"BRA","BR",76,"BRL","3169059",NA,NA,"BRMG3169059",NA,"BRA.13.813_1"
"b22220a9",2022-06-30,1298,10,NA,NA,12127,3906,3929,NA,NA,NA,-1,-1,0,0,0,0,0,1,2,0,0,-2,5,1,-19.95,-17.59,-22.8,0,3,"Brazil","Minas Gerais","Tocos do Moji",-22.358205795,-46.1582863371239,4109,"BRA","BR",76,"BRL","3169059",NA,NA,"BRMG3169059",NA,"BRA.13.813_1"
"b22220a9",2022-07-01,1300,10,NA,NA,12128,3907,3929,NA,NA,NA,-1,-1,0,0,0,0,0,1,2,0,0,-2,5,1,-19.95,-17.59,-22.8,0,3,"Brazil","Minas Gerais","Tocos do Moji",-22.358205795,-46.1582863371239,4109,"BRA","BR",76,"BRL","3169059",NA,NA,"BRMG3169059",NA,"BRA.13.813_1"
"b22220a9",2022-07-02,1300,10,NA,NA,NA,NA,NA,NA,NA,NA,-1,-1,0,0,0,0,0,1,2,0,0,-2,5,1,-19.95,-17.59,-22.8,0,3,"Brazil","Minas Gerais","Tocos do Moji",-22.358205795,-46.1582863371239,4109,"BRA","BR",76,"BRL","3169059",NA,NA,"BRMG3169059",NA,"BRA.13.813_1"
"b22220a9",2022-07-03,1300,10,NA,NA,NA,NA,NA,NA,NA,NA,-1,-1,0,0,0,0,0,1,2,0,0,-2,5,1,-19.95,-17.59,-22.8,0,3,"Brazil","Minas Gerais","Tocos do Moji",-22.358205795,-46.1582863371239,4109,"BRA","BR",76,"BRL","3169059",NA,NA,"BRMG3169059",NA,"BRA.13.813_1"
"b22220a9",2022-07-04,1314,10,NA,NA,NA,NA,NA,NA,NA,NA,-1,-1,0,0,0,0,0,1,2,0,0,-2,5,1,-19.95,-17.59,-22.8,0,3,"Brazil","Minas Gerais","Tocos do Moji",-22.358205795,-46.1582863371239,4109,"BRA","BR",76,"BRL","3169059",NA,NA,"BRMG3169059",NA,"BRA.13.813_1"
"b22220a9",2022-07-05,1314,10,NA,NA,NA,NA,NA,NA,NA,NA,-1,-1,0,0,0,0,0,1,2,0,0,-2,5,1,-19.95,-17.59,-22.8,0,3,"Brazil","Minas Gerais","Tocos do Moji",-22.358205795,-46.1582863371239,4109,"BRA","BR",76,"BRL","3169059",NA,NA,"BRMG3169059",NA,"BRA.13.813_1"
"b22220a9",2022-07-06,1324,10,NA,NA,12239,3907,3929,NA,NA,NA,-1,-1,0,0,0,0,0,1,2,0,0,-2,5,1,-19.95,-17.59,-22.8,0,3,"Brazil","Minas Gerais","Tocos do Moji",-22.358205795,-46.1582863371239,4109,"BRA","BR",76,"BRL","3169059",NA,NA,"BRMG3169059",NA,"BRA.13.813_1"
"b22220a9",2022-07-07,1326,10,NA,NA,NA,NA,NA,NA,NA,NA,-1,-1,0,0,0,0,0,1,2,0,0,-2,5,1,-19.95,-17.59,-22.8,0,3,"Brazil","Minas Gerais","Tocos do Moji",-22.358205795,-46.1582863371239,4109,"BRA","BR",76,"BRL","3169059",NA,NA,"BRMG3169059",NA,"BRA.13.813_1"
"b22220a9",2022-07-08,1329,10,NA,NA,NA,NA,NA,NA,NA,NA,-1,-1,0,0,0,0,0,1,2,0,0,-2,5,1,-19.95,-17.59,-22.8,0,3,"Brazil","Minas Gerais","Tocos do Moji",-22.358205795,-46.1582863371239,4109,"BRA","BR",76,"BRL","3169059",NA,NA,"BRMG3169059",NA,"BRA.13.813_1"
"b22220a9",2022-07-09,1329,10,NA,NA,NA,NA,NA,NA,NA,NA,-1,-1,0,0,0,0,0,1,2,0,0,-2,5,1,-19.95,-17.59,-22.8,0,3,"Brazil","Minas Gerais","Tocos do Moji",-22.358205795,-46.1582863371239,4109,"BRA","BR",76,"BRL","3169059",NA,NA,"BRMG3169059",NA,"BRA.13.813_1"
"b22220a9",2022-07-10,1329,10,NA,NA,NA,NA,NA,NA,NA,NA,-1,-1,0,0,0,0,0,1,2,0,0,-2,5,1,-19.95,-17.59,-22.8,0,3,"Brazil","Minas Gerais","Tocos do Moji",-22.358205795,-46.1582863371239,4109,"BRA","BR",76,"BRL","3169059",NA,NA,"BRMG3169059",NA,"BRA.13.813_1"
"b22220a9",2022-07-11,1333,10,NA,NA,NA,NA,NA,NA,NA,NA,-1,-1,0,0,0,0,0,1,2,0,0,-2,5,1,-19.95,-17.59,-22.8,0,3,"Brazil","Minas Gerais","Tocos do Moji",-22.358205795,-46.1582863371239,4109,"BRA","BR",76,"BRL","3169059",NA,NA,"BRMG3169059",NA,"BRA.13.813_1"
"b22220a9",2022-07-12,1333,10,NA,NA,NA,NA,NA,NA,NA,NA,-1,-1,0,0,0,0,0,1,2,0,0,-2,5,1,-19.95,-17.59,-22.8,0,3,"Brazil","Minas Gerais","Tocos do Moji",-22.358205795,-46.1582863371239,4109,"BRA","BR",76,"BRL","3169059",NA,NA,"BRMG3169059",NA,"BRA.13.813_1"
"b22220a9",2022-07-13,1340,10,NA,NA,12307,3907,3929,NA,NA,NA,-1,-1,0,0,0,0,0,1,2,0,0,1,5,1,-19.17,-17.59,-21.9,0,3,"Brazil","Minas Gerais","Tocos do Moji",-22.358205795,-46.1582863371239,4109,"BRA","BR",76,"BRL","3169059",NA,NA,"BRMG3169059",NA,"BRA.13.813_1"
"b22220a9",2022-07-14,1342,10,NA,NA,12313,3907,3929,NA,NA,NA,-1,-1,0,0,0,0,0,1,2,0,0,1,5,1,-19.17,-17.59,-21.9,0,3,"Brazil","Minas Gerais","Tocos do Moji",-22.358205795,-46.1582863371239,4109,"BRA","BR",76,"BRL","3169059",NA,NA,"BRMG3169059",NA,"BRA.13.813_1"
"b22220a9",2022-07-15,1343,10,NA,NA,12314,3907,3929,NA,NA,NA,-1,-1,0,0,0,0,0,1,2,0,0,1,5,1,-19.17,-17.59,-21.9,0,3,"Brazil","Minas Gerais","Tocos do Moji",-22.358205795,-46.1582863371239,4109,"BRA","BR",76,"BRL","3169059",NA,NA,"BRMG3169059",NA,"BRA.13.813_1"
"b22220a9",2022-07-16,1343,10,NA,NA,NA,NA,NA,NA,NA,NA,-1,-1,0,0,0,0,0,1,2,0,0,1,5,1,-19.17,-17.59,-21.9,0,3,"Brazil","Minas Gerais","Tocos do Moji",-22.358205795,-46.1582863371239,4109,"BRA","BR",76,"BRL","3169059",NA,NA,"BRMG3169059",NA,"BRA.13.813_1"
"b22220a9",2022-07-17,1343,10,NA,NA,NA,NA,NA,NA,NA,NA,-1,-1,0,0,0,0,0,1,2,0,0,1,5,1,-19.17,-17.59,-21.9,0,3,"Brazil","Minas Gerais","Tocos do Moji",-22.358205795,-46.1582863371239,4109,"BRA","BR",76,"BRL","3169059",NA,NA,"BRMG3169059",NA,"BRA.13.813_1"
"b22220a9",2022-07-18,1349,10,NA,NA,12334,3907,3929,NA,NA,NA,-1,-1,0,0,0,0,0,1,2,0,0,1,5,1,-19.17,-17.59,-21.9,0,3,"Brazil","Minas Gerais","Tocos do Moji",-22.358205795,-46.1582863371239,4109,"BRA","BR",76,"BRL","3169059",NA,NA,"BRMG3169059",NA,"BRA.13.813_1"
"b22220a9",2022-07-19,1349,10,NA,NA,12348,3907,3929,NA,NA,NA,-1,-1,0,0,0,0,0,1,2,0,0,1,5,1,-19.17,-17.59,-21.9,0,3,"Brazil","Minas Gerais","Tocos do Moji",-22.358205795,-46.1582863371239,4109,"BRA","BR",76,"BRL","3169059",NA,NA,"BRMG3169059",NA,"BRA.13.813_1"
"b22220a9",2022-07-20,1349,10,NA,NA,12539,3907,3929,NA,NA,NA,-1,-1,0,0,0,0,0,1,2,0,0,1,5,1,-19.17,-17.59,-21.9,0,3,"Brazil","Minas Gerais","Tocos do Moji",-22.358205795,-46.1582863371239,4109,"BRA","BR",76,"BRL","3169059",NA,NA,"BRMG3169059",NA,"BRA.13.813_1"
"b22220a9",2022-07-21,1351,10,NA,NA,12541,3907,3929,NA,NA,NA,-1,-1,0,0,0,0,0,1,2,0,0,1,5,1,-19.17,-17.59,-21.9,0,3,"Brazil","Minas Gerais","Tocos do Moji",-22.358205795,-46.1582863371239,4109,"BRA","BR",76,"BRL","3169059",NA,NA,"BRMG3169059",NA,"BRA.13.813_1"
"b22220a9",2022-07-22,1351,10,NA,NA,NA,NA,NA,NA,NA,NA,-1,-1,0,0,0,0,0,1,2,0,0,1,5,1,-19.17,-17.59,-21.9,0,3,"Brazil","Minas Gerais","Tocos do Moji",-22.358205795,-46.1582863371239,4109,"BRA","BR",76,"BRL","3169059",NA,NA,"BRMG3169059",NA,"BRA.13.813_1"
"b22220a9",2022-07-23,1351,10,NA,NA,NA,NA,NA,NA,NA,NA,-1,-1,0,0,0,0,0,1,2,0,0,1,5,1,-19.17,-17.59,-21.9,0,3,"Brazil","Minas Gerais","Tocos do Moji",-22.358205795,-46.1582863371239,4109,"BRA","BR",76,"BRL","3169059",NA,NA,"BRMG3169059",NA,"BRA.13.813_1"
"b22220a9",2022-07-24,1351,10,NA,NA,NA,NA,NA,NA,NA,NA,-1,-1,0,0,0,0,0,1,2,0,0,1,5,1,-19.17,-17.59,-21.9,0,3,"Brazil","Minas Gerais","Tocos do Moji",-22.358205795,-46.1582863371239,4109,"BRA","BR",76,"BRL","3169059",NA,NA,"BRMG3169059",NA,"BRA.13.813_1"
"b22220a9",2022-07-25,1352,10,NA,NA,NA,NA,NA,NA,NA,NA,-1,-1,0,0,0,0,0,1,2,0,0,1,5,1,-19.17,-17.59,-21.9,0,3,"Brazil","Minas Gerais","Tocos do Moji",-22.358205795,-46.1582863371239,4109,"BRA","BR",76,"BRL","3169059",NA,NA,"BRMG3169059",NA,"BRA.13.813_1"
"b22220a9",2022-07-26,1352,10,NA,NA,NA,NA,NA,NA,NA,NA,-1,-1,0,0,0,0,0,1,2,0,0,1,5,1,-19.17,-17.59,-21.9,0,3,"Brazil","Minas Gerais","Tocos do Moji",-22.358205795,-46.1582863371239,4109,"BRA","BR",76,"BRL","3169059",NA,NA,"BRMG3169059",NA,"BRA.13.813_1"
"b22220a9",2022-07-27,1353,10,NA,NA,12589,3907,3929,NA,NA,NA,-1,-1,0,0,0,0,0,1,2,0,0,1,5,1,-19.17,-17.59,-21.9,0,3,"Brazil","Minas Gerais","Tocos do Moji",-22.358205795,-46.1582863371239,4109,"BRA","BR",76,"BRL","3169059",NA,NA,"BRMG3169059",NA,"BRA.13.813_1"
"b22220a9",2022-07-28,1353,10,NA,NA,12600,3907,3936,NA,NA,NA,-1,-1,0,0,0,0,0,1,2,0,0,1,5,1,-19.17,-17.59,-21.9,0,3,"Brazil","Minas Gerais","Tocos do Moji",-22.358205795,-46.1582863371239,4109,"BRA","BR",76,"BRL","3169059",NA,NA,"BRMG3169059",NA,"BRA.13.813_1"
"b22220a9",2022-07-29,1354,10,NA,NA,NA,NA,NA,NA,NA,NA,-1,-1,0,0,0,0,0,1,2,0,0,1,5,1,-19.17,-17.59,-21.9,0,3,"Brazil","Minas Gerais","Tocos do Moji",-22.358205795,-46.1582863371239,4109,"BRA","BR",76,"BRL","3169059",NA,NA,"BRMG3169059",NA,"BRA.13.813_1"
"b22220a9",2022-07-30,1354,10,NA,NA,NA,NA,NA,NA,NA,NA,-1,-1,0,0,0,0,0,1,2,0,0,1,5,1,-19.17,-17.59,-21.9,0,3,"Brazil","Minas Gerais","Tocos do Moji",-22.358205795,-46.1582863371239,4109,"BRA","BR",76,"BRL","3169059",NA,NA,"BRMG3169059",NA,"BRA.13.813_1"
"b22220a9",2022-07-31,1354,10,NA,NA,NA,NA,NA,NA,NA,NA,-1,-1,0,0,0,0,0,1,2,0,0,1,5,1,-19.17,-17.59,-21.9,0,3,"Brazil","Minas Gerais","Tocos do Moji",-22.358205795,-46.1582863371239,4109,"BRA","BR",76,"BRL","3169059",NA,NA,"BRMG3169059",NA,"BRA.13.813_1"
"b22220a9",2022-08-01,1356,10,NA,NA,NA,NA,NA,NA,NA,NA,-1,-1,0,0,0,0,0,1,2,0,0,1,5,1,-19.17,-17.59,-21.9,0,3,"Brazil","Minas Gerais","Tocos do Moji",-22.358205795,-46.1582863371239,4109,"BRA","BR",76,"BRL","3169059",NA,NA,"BRMG3169059",NA,"BRA.13.813_1"
"b22220a9",2022-08-02,1356,10,NA,NA,NA,NA,NA,NA,NA,NA,-1,-1,0,0,0,0,0,1,2,0,0,1,5,1,-19.17,-17.59,-21.9,0,3,"Brazil","Minas Gerais","Tocos do Moji",-22.358205795,-46.1582863371239,4109,"BRA","BR",76,"BRL","3169059",NA,NA,"BRMG3169059",NA,"BRA.13.813_1"
"b22220a9",2022-08-03,1357,10,NA,NA,12640,3907,3936,NA,NA,NA,1,1,0,0,0,0,0,1,2,3,1,1,5,1,-33.75,-21.3,-35,-25,3,"Brazil","Minas Gerais","Tocos do Moji",-22.358205795,-46.1582863371239,4109,"BRA","BR",76,"BRL","3169059",NA,NA,"BRMG3169059",NA,"BRA.13.813_1"
"b22220a9",2022-08-04,1358,10,NA,NA,12641,3907,3936,NA,NA,NA,1,1,0,0,0,0,0,1,2,3,1,1,5,1,-33.75,-21.3,-35,-25,3,"Brazil","Minas Gerais","Tocos do Moji",-22.358205795,-46.1582863371239,4109,"BRA","BR",76,"BRL","3169059",NA,NA,"BRMG3169059",NA,"BRA.13.813_1"
"b22220a9",2022-08-05,1358,10,NA,NA,NA,NA,NA,NA,NA,NA,1,1,0,0,0,0,0,1,2,3,1,1,5,1,-33.75,-21.3,-35,-25,3,"Brazil","Minas Gerais","Tocos do Moji",-22.358205795,-46.1582863371239,4109,"BRA","BR",76,"BRL","3169059",NA,NA,"BRMG3169059",NA,"BRA.13.813_1"
"b22220a9",2022-08-06,1358,10,NA,NA,NA,NA,NA,NA,NA,NA,1,1,0,0,0,0,0,1,2,3,1,1,5,1,-33.75,-21.3,-35,-25,3,"Brazil","Minas Gerais","Tocos do Moji",-22.358205795,-46.1582863371239,4109,"BRA","BR",76,"BRL","3169059",NA,NA,"BRMG3169059",NA,"BRA.13.813_1"
"b22220a9",2022-08-07,1358,10,NA,NA,NA,NA,NA,NA,NA,NA,1,1,0,0,0,0,0,1,2,3,1,1,5,1,-33.75,-21.3,-35,-25,3,"Brazil","Minas Gerais","Tocos do Moji",-22.358205795,-46.1582863371239,4109,"BRA","BR",76,"BRL","3169059",NA,NA,"BRMG3169059",NA,"BRA.13.813_1"
"b22220a9",2022-08-08,1359,10,NA,NA,NA,NA,NA,NA,NA,NA,1,1,0,0,0,0,0,1,2,3,1,1,5,1,-33.75,-21.3,-35,-25,3,"Brazil","Minas Gerais","Tocos do Moji",-22.358205795,-46.1582863371239,4109,"BRA","BR",76,"BRL","3169059",NA,NA,"BRMG3169059",NA,"BRA.13.813_1"
"b22220a9",2022-08-09,1359,10,NA,NA,NA,NA,NA,NA,NA,NA,1,1,0,0,0,0,0,1,2,3,1,1,5,1,-33.75,-21.3,-35,-25,3,"Brazil","Minas Gerais","Tocos do Moji",-22.358205795,-46.1582863371239,4109,"BRA","BR",76,"BRL","3169059",NA,NA,"BRMG3169059",NA,"BRA.13.813_1"
"b22220a9",2022-08-10,1359,10,NA,NA,12658,3907,3936,NA,NA,NA,1,1,0,0,0,0,0,1,2,3,1,1,5,1,-33.75,-21.3,-35,-25,3,"Brazil","Minas Gerais","Tocos do Moji",-22.358205795,-46.1582863371239,4109,"BRA","BR",76,"BRL","3169059",NA,NA,"BRMG3169059",NA,"BRA.13.813_1"
"b22220a9",2022-08-11,1360,10,NA,NA,NA,NA,NA,NA,NA,NA,1,1,0,0,0,0,0,1,2,3,1,1,5,1,-33.75,-21.3,-35,-25,3,"Brazil","Minas Gerais","Tocos do Moji",-22.358205795,-46.1582863371239,4109,"BRA","BR",76,"BRL","3169059",NA,NA,"BRMG3169059",NA,"BRA.13.813_1"
"b22220a9",2022-08-12,1360,10,NA,NA,NA,NA,NA,NA,NA,NA,1,1,0,0,0,0,0,1,2,3,1,1,5,1,-33.75,-21.3,-35,-25,3,"Brazil","Minas Gerais","Tocos do Moji",-22.358205795,-46.1582863371239,4109,"BRA","BR",76,"BRL","3169059",NA,NA,"BRMG3169059",NA,"BRA.13.813_1"
"b22220a9",2022-08-13,1360,10,NA,NA,NA,NA,NA,NA,NA,NA,1,1,0,0,0,0,0,1,2,3,1,1,5,1,-33.75,-21.3,-35,-25,3,"Brazil","Minas Gerais","Tocos do Moji",-22.358205795,-46.1582863371239,4109,"BRA","BR",76,"BRL","3169059",NA,NA,"BRMG3169059",NA,"BRA.13.813_1"
"b22220a9",2022-08-14,1360,10,NA,NA,NA,NA,NA,NA,NA,NA,1,1,0,0,0,0,0,1,2,3,1,1,5,1,-33.75,-21.3,-35,-25,3,"Brazil","Minas Gerais","Tocos do Moji",-22.358205795,-46.1582863371239,4109,"BRA","BR",76,"BRL","3169059",NA,NA,"BRMG3169059",NA,"BRA.13.813_1"
"b22220a9",2022-08-15,1360,10,NA,NA,NA,NA,NA,NA,NA,NA,1,1,0,0,0,0,0,1,2,3,1,1,5,1,-33.75,-21.3,-35,-25,3,"Brazil","Minas Gerais","Tocos do Moji",-22.358205795,-46.1582863371239,4109,"BRA","BR",76,"BRL","3169059",NA,NA,"BRMG3169059",NA,"BRA.13.813_1"
"b22220a9",2022-08-16,1360,10,NA,NA,NA,NA,NA,NA,NA,NA,1,1,0,0,0,0,0,1,2,3,1,1,5,1,-33.75,-21.3,-35,-25,3,"Brazil","Minas Gerais","Tocos do Moji",-22.358205795,-46.1582863371239,4109,"BRA","BR",76,"BRL","3169059",NA,NA,"BRMG3169059",NA,"BRA.13.813_1"
"b22220a9",2022-08-17,1360,10,NA,NA,12670,3907,3936,NA,NA,NA,1,1,0,0,0,0,0,1,2,3,1,1,5,1,-33.75,-21.3,-35,-25,3,"Brazil","Minas Gerais","Tocos do Moji",-22.358205795,-46.1582863371239,4109,"BRA","BR",76,"BRL","3169059",NA,NA,"BRMG3169059",NA,"BRA.13.813_1"
"b22220a9",2022-08-18,1360,10,NA,NA,NA,NA,NA,NA,NA,NA,1,1,0,0,0,0,0,1,2,3,1,1,5,1,-33.75,-21.3,-35,-25,3,"Brazil","Minas Gerais","Tocos do Moji",-22.358205795,-46.1582863371239,4109,"BRA","BR",76,"BRL","3169059",NA,NA,"BRMG3169059",NA,"BRA.13.813_1"
"b22220a9",2022-08-19,1360,10,NA,NA,NA,NA,NA,NA,NA,NA,1,1,0,0,0,0,0,1,2,3,1,1,5,1,-33.75,-21.3,-35,-25,3,"Brazil","Minas Gerais","Tocos do Moji",-22.358205795,-46.1582863371239,4109,"BRA","BR",76,"BRL","3169059",NA,NA,"BRMG3169059",NA,"BRA.13.813_1"
"b22220a9",2022-08-20,1360,10,NA,NA,NA,NA,NA,NA,NA,NA,1,1,0,0,0,0,0,1,2,3,1,1,5,1,-33.75,-21.3,-35,-25,3,"Brazil","Minas Gerais","Tocos do Moji",-22.358205795,-46.1582863371239,4109,"BRA","BR",76,"BRL","3169059",NA,NA,"BRMG3169059",NA,"BRA.13.813_1"
"b22220a9",2022-08-21,1360,10,NA,NA,NA,NA,NA,NA,NA,NA,1,1,0,0,0,0,0,1,2,3,1,1,5,1,-33.75,-21.3,-35,-25,3,"Brazil","Minas Gerais","Tocos do Moji",-22.358205795,-46.1582863371239,4109,"BRA","BR",76,"BRL","3169059",NA,NA,"BRMG3169059",NA,"BRA.13.813_1"
"b22220a9",2022-08-22,1360,10,NA,NA,NA,NA,NA,NA,NA,NA,1,1,0,0,0,0,0,1,2,3,1,1,5,1,-33.75,-21.3,-35,-25,3,"Brazil","Minas Gerais","Tocos do Moji",-22.358205795,-46.1582863371239,4109,"BRA","BR",76,"BRL","3169059",NA,NA,"BRMG3169059",NA,"BRA.13.813_1"
"b22220a9",2022-08-23,1360,10,NA,NA,NA,NA,NA,NA,NA,NA,1,1,0,0,0,0,0,1,2,3,1,1,5,1,-33.75,-21.3,-35,-25,3,"Brazil","Minas Gerais","Tocos do Moji",-22.358205795,-46.1582863371239,4109,"BRA","BR",76,"BRL","3169059",NA,NA,"BRMG3169059",NA,"BRA.13.813_1"
"b22220a9",2022-08-24,1360,10,NA,NA,12679,3907,3936,NA,NA,NA,1,1,0,0,0,0,0,1,2,3,1,1,5,1,-33.75,-21.3,-35,-25,3,"Brazil","Minas Gerais","Tocos do Moji",-22.358205795,-46.1582863371239,4109,"BRA","BR",76,"BRL","3169059",NA,NA,"BRMG3169059",NA,"BRA.13.813_1"
"b22220a9",2022-08-25,1361,10,NA,NA,NA,NA,NA,NA,NA,NA,1,0,0,0,0,0,0,1,2,3,1,1,5,1,-31.67,-17.59,-32.62,-25,3,"Brazil","Minas Gerais","Tocos do Moji",-22.358205795,-46.1582863371239,4109,"BRA","BR",76,"BRL","3169059",NA,NA,"BRMG3169059",NA,"BRA.13.813_1"
"b22220a9",2022-08-26,1361,10,NA,NA,NA,NA,NA,NA,NA,NA,1,0,0,0,0,0,0,1,2,3,1,1,5,1,-31.67,-17.59,-32.62,-25,3,"Brazil","Minas Gerais","Tocos do Moji",-22.358205795,-46.1582863371239,4109,"BRA","BR",76,"BRL","3169059",NA,NA,"BRMG3169059",NA,"BRA.13.813_1"
"b22220a9",2022-08-27,1361,10,NA,NA,NA,NA,NA,NA,NA,NA,1,0,0,0,0,0,0,1,2,3,1,1,5,1,-31.67,-17.59,-32.62,-25,3,"Brazil","Minas Gerais","Tocos do Moji",-22.358205795,-46.1582863371239,4109,"BRA","BR",76,"BRL","3169059",NA,NA,"BRMG3169059",NA,"BRA.13.813_1"
"b22220a9",2022-08-28,1361,10,NA,NA,NA,NA,NA,NA,NA,NA,1,0,0,0,0,0,0,1,2,3,1,1,5,1,-31.67,-17.59,-32.62,-25,3,"Brazil","Minas Gerais","Tocos do Moji",-22.358205795,-46.1582863371239,4109,"BRA","BR",76,"BRL","3169059",NA,NA,"BRMG3169059",NA,"BRA.13.813_1"
"b22220a9",2022-08-29,1362,10,NA,NA,NA,NA,NA,NA,NA,NA,1,0,0,0,0,0,0,1,2,3,1,1,5,1,-31.67,-17.59,-32.62,-25,3,"Brazil","Minas Gerais","Tocos do Moji",-22.358205795,-46.1582863371239,4109,"BRA","BR",76,"BRL","3169059",NA,NA,"BRMG3169059",NA,"BRA.13.813_1"
"b22220a9",2022-08-30,1362,10,NA,NA,12685,3910,3939,NA,NA,NA,1,0,0,0,0,0,0,1,2,3,1,1,5,1,-31.67,-17.59,-32.62,-25,3,"Brazil","Minas Gerais","Tocos do Moji",-22.358205795,-46.1582863371239,4109,"BRA","BR",76,"BRL","3169059",NA,NA,"BRMG3169059",NA,"BRA.13.813_1"
"b22220a9",2022-08-31,1362,10,NA,NA,12690,3910,3939,NA,NA,NA,1,0,0,0,0,0,0,1,2,3,1,1,5,1,-31.67,-17.59,-32.62,-25,3,"Brazil","Minas Gerais","Tocos do Moji",-22.358205795,-46.1582863371239,4109,"BRA","BR",76,"BRL","3169059",NA,NA,"BRMG3169059",NA,"BRA.13.813_1"
"b22220a9",2022-09-01,1363,10,NA,NA,NA,NA,NA,NA,NA,NA,1,0,0,0,0,0,0,1,2,3,1,1,5,1,-31.67,-17.59,-32.62,-25,3,"Brazil","Minas Gerais","Tocos do Moji",-22.358205795,-46.1582863371239,4109,"BRA","BR",76,"BRL","3169059",NA,NA,"BRMG3169059",NA,"BRA.13.813_1"
"b22220a9",2022-09-02,1363,10,NA,NA,NA,NA,NA,NA,NA,NA,1,0,0,0,0,0,0,1,2,3,1,1,5,1,-31.67,-17.59,-32.62,-25,3,"Brazil","Minas Gerais","Tocos do Moji",-22.358205795,-46.1582863371239,4109,"BRA","BR",76,"BRL","3169059",NA,NA,"BRMG3169059",NA,"BRA.13.813_1"
"b22220a9",2022-09-03,1363,10,NA,NA,NA,NA,NA,NA,NA,NA,1,0,0,0,0,0,0,1,2,3,1,1,5,1,-31.67,-17.59,-32.62,-25,3,"Brazil","Minas Gerais","Tocos do Moji",-22.358205795,-46.1582863371239,4109,"BRA","BR",76,"BRL","3169059",NA,NA,"BRMG3169059",NA,"BRA.13.813_1"
"b22220a9",2022-09-04,1363,10,NA,NA,NA,NA,NA,NA,NA,NA,1,0,0,0,0,0,0,1,2,3,1,1,5,1,-31.67,-17.59,-32.62,-25,3,"Brazil","Minas Gerais","Tocos do Moji",-22.358205795,-46.1582863371239,4109,"BRA","BR",76,"BRL","3169059",NA,NA,"BRMG3169059",NA,"BRA.13.813_1"
"b22220a9",2022-09-05,1363,10,NA,NA,NA,NA,NA,NA,NA,NA,1,0,0,0,0,0,0,1,2,3,1,1,5,1,-31.67,-17.59,-32.62,-25,3,"Brazil","Minas Gerais","Tocos do Moji",-22.358205795,-46.1582863371239,4109,"BRA","BR",76,"BRL","3169059",NA,NA,"BRMG3169059",NA,"BRA.13.813_1"
"b22220a9",2022-09-06,1363,10,NA,NA,NA,NA,NA,NA,NA,NA,1,0,0,0,0,0,0,1,2,3,1,1,5,1,-31.67,-17.59,-32.62,-25,3,"Brazil","Minas Gerais","Tocos do Moji",-22.358205795,-46.1582863371239,4109,"BRA","BR",76,"BRL","3169059",NA,NA,"BRMG3169059",NA,"BRA.13.813_1"
"b22220a9",2022-09-07,1363,10,NA,NA,NA,NA,NA,NA,NA,NA,1,0,0,0,0,0,0,1,2,3,1,1,5,1,-31.67,-17.59,-32.62,-25,3,"Brazil","Minas Gerais","Tocos do Moji",-22.358205795,-46.1582863371239,4109,"BRA","BR",76,"BRL","3169059",NA,NA,"BRMG3169059",NA,"BRA.13.813_1"
"b22220a9",2022-09-08,1365,10,NA,NA,NA,NA,NA,NA,NA,NA,1,0,0,0,0,0,0,1,2,3,1,1,5,1,-31.67,-17.59,-32.62,-25,3,"Brazil","Minas Gerais","Tocos do Moji",-22.358205795,-46.1582863371239,4109,"BRA","BR",76,"BRL","3169059",NA,NA,"BRMG3169059",NA,"BRA.13.813_1"
"b22220a9",2022-09-09,1365,10,NA,NA,NA,NA,NA,NA,NA,NA,1,0,0,0,0,0,0,1,2,3,1,1,5,1,-31.67,-17.59,-32.62,-25,3,"Brazil","Minas Gerais","Tocos do Moji",-22.358205795,-46.1582863371239,4109,"BRA","BR",76,"BRL","3169059",NA,NA,"BRMG3169059",NA,"BRA.13.813_1"
"b22220a9",2022-09-10,1365,10,NA,NA,NA,NA,NA,NA,NA,NA,1,0,0,0,0,0,0,1,2,3,1,1,5,1,-31.67,-17.59,-32.62,-25,3,"Brazil","Minas Gerais","Tocos do Moji",-22.358205795,-46.1582863371239,4109,"BRA","BR",76,"BRL","3169059",NA,NA,"BRMG3169059",NA,"BRA.13.813_1"
"b22220a9",2022-09-11,1365,10,NA,NA,NA,NA,NA,NA,NA,NA,1,0,0,0,0,0,0,1,2,3,1,1,5,1,-31.67,-17.59,-32.62,-25,3,"Brazil","Minas Gerais","Tocos do Moji",-22.358205795,-46.1582863371239,4109,"BRA","BR",76,"BRL","3169059",NA,NA,"BRMG3169059",NA,"BRA.13.813_1"
"b22220a9",2022-09-12,1365,10,NA,NA,NA,NA,NA,NA,NA,NA,1,0,0,0,0,0,0,1,2,3,1,1,5,1,-31.67,-17.59,-32.62,-25,3,"Brazil","Minas Gerais","Tocos do Moji",-22.358205795,-46.1582863371239,4109,"BRA","BR",76,"BRL","3169059",NA,NA,"BRMG3169059",NA,"BRA.13.813_1"
"b22220a9",2022-09-13,1365,10,NA,NA,NA,NA,NA,NA,NA,NA,1,0,0,0,0,0,0,1,2,3,1,1,5,1,-31.67,-17.59,-32.62,-25,3,"Brazil","Minas Gerais","Tocos do Moji",-22.358205795,-46.1582863371239,4109,"BRA","BR",76,"BRL","3169059",NA,NA,"BRMG3169059",NA,"BRA.13.813_1"
"b22220a9",2022-09-14,1366,10,NA,NA,12691,3910,3939,NA,NA,NA,1,0,0,0,0,0,0,1,2,3,1,1,5,1,-31.67,-17.59,-32.62,-25,3,"Brazil","Minas Gerais","Tocos do Moji",-22.358205795,-46.1582863371239,4109,"BRA","BR",76,"BRL","3169059",NA,NA,"BRMG3169059",NA,"BRA.13.813_1"
"b22220a9",2022-09-15,1366,10,NA,NA,12692,3910,3939,NA,NA,NA,1,0,0,0,0,0,0,1,2,3,1,1,5,1,-31.67,-17.59,-32.62,-25,3,"Brazil","Minas Gerais","Tocos do Moji",-22.358205795,-46.1582863371239,4109,"BRA","BR",76,"BRL","3169059",NA,NA,"BRMG3169059",NA,"BRA.13.813_1"
"b22220a9",2022-09-16,1368,10,NA,NA,NA,NA,NA,NA,NA,NA,1,0,0,0,0,0,0,1,2,3,1,1,5,1,-31.67,-17.59,-32.62,-25,3,"Brazil","Minas Gerais","Tocos do Moji",-22.358205795,-46.1582863371239,4109,"BRA","BR",76,"BRL","3169059",NA,NA,"BRMG3169059",NA,"BRA.13.813_1"
"b22220a9",2022-09-17,1368,10,NA,NA,NA,NA,NA,NA,NA,NA,1,0,0,0,0,0,0,1,2,3,1,1,5,1,-31.67,-17.59,-32.62,-25,3,"Brazil","Minas Gerais","Tocos do Moji",-22.358205795,-46.1582863371239,4109,"BRA","BR",76,"BRL","3169059",NA,NA,"BRMG3169059",NA,"BRA.13.813_1"
"b22220a9",2022-09-18,1368,10,NA,NA,NA,NA,NA,NA,NA,NA,1,0,0,0,0,0,0,1,2,3,1,1,5,1,-31.67,-17.59,-32.62,-25,3,"Brazil","Minas Gerais","Tocos do Moji",-22.358205795,-46.1582863371239,4109,"BRA","BR",76,"BRL","3169059",NA,NA,"BRMG3169059",NA,"BRA.13.813_1"
"b22220a9",2022-09-19,1373,10,NA,NA,NA,NA,NA,NA,NA,NA,1,0,0,0,0,0,0,1,2,3,1,1,5,1,-31.67,-17.59,-32.62,-25,3,"Brazil","Minas Gerais","Tocos do Moji",-22.358205795,-46.1582863371239,4109,"BRA","BR",76,"BRL","3169059",NA,NA,"BRMG3169059",NA,"BRA.13.813_1"
"b22220a9",2022-09-20,1377,10,NA,NA,NA,NA,NA,NA,NA,NA,1,0,0,0,0,0,0,1,2,3,1,1,5,1,-31.67,-17.59,-32.62,-25,3,"Brazil","Minas Gerais","Tocos do Moji",-22.358205795,-46.1582863371239,4109,"BRA","BR",76,"BRL","3169059",NA,NA,"BRMG3169059",NA,"BRA.13.813_1"
"b22220a9",2022-09-21,1378,10,NA,NA,12722,3931,3939,NA,NA,NA,1,0,0,0,0,0,0,1,2,3,1,1,5,1,-31.67,-17.59,-32.62,-25,3,"Brazil","Minas Gerais","Tocos do Moji",-22.358205795,-46.1582863371239,4109,"BRA","BR",76,"BRL","3169059",NA,NA,"BRMG3169059",NA,"BRA.13.813_1"
"b22220a9",2022-09-22,1378,10,NA,NA,NA,NA,NA,NA,NA,NA,1,0,0,0,0,0,0,1,2,3,1,1,5,1,-31.67,-17.59,-32.62,-25,3,"Brazil","Minas Gerais","Tocos do Moji",-22.358205795,-46.1582863371239,4109,"BRA","BR",76,"BRL","3169059",NA,NA,"BRMG3169059",NA,"BRA.13.813_1"
"b22220a9",2022-09-23,1379,10,NA,NA,NA,NA,NA,NA,NA,NA,1,0,0,0,0,0,0,1,2,3,1,1,5,1,-31.67,-17.59,-32.62,-25,3,"Brazil","Minas Gerais","Tocos do Moji",-22.358205795,-46.1582863371239,4109,"BRA","BR",76,"BRL","3169059",NA,NA,"BRMG3169059",NA,"BRA.13.813_1"
"b22220a9",2022-09-24,1379,10,NA,NA,NA,NA,NA,NA,NA,NA,1,0,0,0,0,0,0,1,2,3,1,1,5,1,-31.67,-17.59,-32.62,-25,3,"Brazil","Minas Gerais","Tocos do Moji",-22.358205795,-46.1582863371239,4109,"BRA","BR",76,"BRL","3169059",NA,NA,"BRMG3169059",NA,"BRA.13.813_1"
"b22220a9",2022-09-25,1379,10,NA,NA,NA,NA,NA,NA,NA,NA,1,0,0,0,0,0,0,1,2,3,1,1,5,1,-31.67,-17.59,-32.62,-25,3,"Brazil","Minas Gerais","Tocos do Moji",-22.358205795,-46.1582863371239,4109,"BRA","BR",76,"BRL","3169059",NA,NA,"BRMG3169059",NA,"BRA.13.813_1"
"b22220a9",2022-09-26,1381,10,NA,NA,NA,NA,NA,NA,NA,NA,1,0,0,0,0,0,0,1,2,3,1,1,5,1,-31.67,-17.59,-32.62,-25,3,"Brazil","Minas Gerais","Tocos do Moji",-22.358205795,-46.1582863371239,4109,"BRA","BR",76,"BRL","3169059",NA,NA,"BRMG3169059",NA,"BRA.13.813_1"
"b22220a9",2022-09-27,1381,10,NA,NA,NA,NA,NA,NA,NA,NA,1,0,0,0,0,0,0,1,2,3,1,1,5,1,-31.67,-17.59,-32.62,-25,3,"Brazil","Minas Gerais","Tocos do Moji",-22.358205795,-46.1582863371239,4109,"BRA","BR",76,"BRL","3169059",NA,NA,"BRMG3169059",NA,"BRA.13.813_1"
"b22220a9",2022-09-28,1382,10,NA,NA,NA,NA,NA,NA,NA,NA,1,0,0,0,0,0,0,1,2,3,1,1,5,1,-31.67,-17.59,-32.62,-25,3,"Brazil","Minas Gerais","Tocos do Moji",-22.358205795,-46.1582863371239,4109,"BRA","BR",76,"BRL","3169059",NA,NA,"BRMG3169059",NA,"BRA.13.813_1"
"b22220a9",2022-09-29,1382,10,NA,NA,NA,NA,NA,NA,NA,NA,1,0,0,0,0,0,0,1,2,3,1,1,5,1,-31.67,-17.59,-32.62,-25,3,"Brazil","Minas Gerais","Tocos do Moji",-22.358205795,-46.1582863371239,4109,"BRA","BR",76,"BRL","3169059",NA,NA,"BRMG3169059",NA,"BRA.13.813_1"
"b22220a9",2022-09-30,1382,10,NA,NA,NA,NA,NA,NA,NA,NA,1,0,0,0,0,0,0,1,2,3,1,1,5,1,-31.67,-17.59,-32.62,-25,3,"Brazil","Minas Gerais","Tocos do Moji",-22.358205795,-46.1582863371239,4109,"BRA","BR",76,"BRL","3169059",NA,NA,"BRMG3169059",NA,"BRA.13.813_1"
"b22220a9",2022-10-01,1382,10,NA,NA,NA,NA,NA,NA,NA,NA,1,0,0,0,0,0,0,1,2,3,1,1,5,1,-31.67,-17.59,-32.62,-25,3,"Brazil","Minas Gerais","Tocos do Moji",-22.358205795,-46.1582863371239,4109,"BRA","BR",76,"BRL","3169059",NA,NA,"BRMG3169059",NA,"BRA.13.813_1"
"b22220a9",2022-10-02,1382,10,NA,NA,NA,NA,NA,NA,NA,NA,1,0,0,0,0,0,0,1,2,3,1,1,5,1,-31.67,-17.59,-32.62,-25,3,"Brazil","Minas Gerais","Tocos do Moji",-22.358205795,-46.1582863371239,4109,"BRA","BR",76,"BRL","3169059",NA,NA,"BRMG3169059",NA,"BRA.13.813_1"
"b22220a9",2022-10-03,1383,10,NA,NA,NA,NA,NA,NA,NA,NA,1,0,0,0,0,0,0,1,2,3,1,1,5,1,-31.67,-17.59,-32.62,-25,3,"Brazil","Minas Gerais","Tocos do Moji",-22.358205795,-46.1582863371239,4109,"BRA","BR",76,"BRL","3169059",NA,NA,"BRMG3169059",NA,"BRA.13.813_1"
"b22220a9",2022-10-04,1383,10,NA,NA,NA,NA,NA,NA,NA,NA,1,0,0,0,0,0,0,1,2,3,1,1,5,1,-31.67,-17.59,-32.62,-25,3,"Brazil","Minas Gerais","Tocos do Moji",-22.358205795,-46.1582863371239,4109,"BRA","BR",76,"BRL","3169059",NA,NA,"BRMG3169059",NA,"BRA.13.813_1"
"b22220a9",2022-10-05,1383,10,NA,NA,NA,NA,NA,NA,NA,NA,1,0,0,0,0,0,0,1,2,3,1,1,5,1,-31.67,-17.59,-32.62,-25,3,"Brazil","Minas Gerais","Tocos do Moji",-22.358205795,-46.1582863371239,4109,"BRA","BR",76,"BRL","3169059",NA,NA,"BRMG3169059",NA,"BRA.13.813_1"
"b22220a9",2022-10-06,1384,10,NA,NA,NA,NA,NA,NA,NA,NA,0,0,0,0,0,0,0,1,2,3,1,1,5,1,-29.58,-13.89,-30.24,-25,3,"Brazil","Minas Gerais","Tocos do Moji",-22.358205795,-46.1582863371239,4109,"BRA","BR",76,"BRL","3169059",NA,NA,"BRMG3169059",NA,"BRA.13.813_1"
"b22220a9",2022-10-07,1384,10,NA,NA,NA,NA,NA,NA,NA,NA,0,0,0,0,0,0,0,1,2,3,1,1,5,1,-29.58,-13.89,-30.24,-25,3,"Brazil","Minas Gerais","Tocos do Moji",-22.358205795,-46.1582863371239,4109,"BRA","BR",76,"BRL","3169059",NA,NA,"BRMG3169059",NA,"BRA.13.813_1"
"b22220a9",2022-10-08,1384,10,NA,NA,NA,NA,NA,NA,NA,NA,0,0,0,0,0,0,0,1,2,3,1,1,5,1,-29.58,-13.89,-30.24,-25,3,"Brazil","Minas Gerais","Tocos do Moji",-22.358205795,-46.1582863371239,4109,"BRA","BR",76,"BRL","3169059",NA,NA,"BRMG3169059",NA,"BRA.13.813_1"
"b22220a9",2022-10-09,1384,10,NA,NA,NA,NA,NA,NA,NA,NA,0,0,0,0,0,0,0,1,2,3,1,1,5,1,-29.58,-13.89,-30.24,-25,3,"Brazil","Minas Gerais","Tocos do Moji",-22.358205795,-46.1582863371239,4109,"BRA","BR",76,"BRL","3169059",NA,NA,"BRMG3169059",NA,"BRA.13.813_1"
"b22220a9",2022-10-10,1384,10,NA,NA,12724,3931,3939,NA,NA,NA,0,0,0,0,0,0,0,1,2,3,1,1,5,1,-29.58,-13.89,-30.24,-25,3,"Brazil","Minas Gerais","Tocos do Moji",-22.358205795,-46.1582863371239,4109,"BRA","BR",76,"BRL","3169059",NA,NA,"BRMG3169059",NA,"BRA.13.813_1"
"b22220a9",2022-10-11,1384,10,NA,NA,NA,NA,NA,NA,NA,NA,0,0,0,0,0,0,0,1,2,3,1,1,5,1,-29.58,-13.89,-30.24,-25,3,"Brazil","Minas Gerais","Tocos do Moji",-22.358205795,-46.1582863371239,4109,"BRA","BR",76,"BRL","3169059",NA,NA,"BRMG3169059",NA,"BRA.13.813_1"
"b22220a9",2022-10-12,1384,10,NA,NA,NA,NA,NA,NA,NA,NA,0,0,0,0,0,0,0,1,2,3,1,1,5,1,-29.58,-13.89,-30.24,-25,3,"Brazil","Minas Gerais","Tocos do Moji",-22.358205795,-46.1582863371239,4109,"BRA","BR",76,"BRL","3169059",NA,NA,"BRMG3169059",NA,"BRA.13.813_1"
"b22220a9",2022-10-13,1384,10,NA,NA,NA,NA,NA,NA,NA,NA,0,0,0,0,0,0,0,1,2,3,1,1,5,1,-29.58,-13.89,-30.24,-25,3,"Brazil","Minas Gerais","Tocos do Moji",-22.358205795,-46.1582863371239,4109,"BRA","BR",76,"BRL","3169059",NA,NA,"BRMG3169059",NA,"BRA.13.813_1"
"b22220a9",2022-10-14,1384,10,NA,NA,NA,NA,NA,NA,NA,NA,0,0,0,0,0,0,0,1,2,3,1,1,5,1,-29.58,-13.89,-30.24,-25,3,"Brazil","Minas Gerais","Tocos do Moji",-22.358205795,-46.1582863371239,4109,"BRA","BR",76,"BRL","3169059",NA,NA,"BRMG3169059",NA,"BRA.13.813_1"
"b22220a9",2022-10-15,1384,10,NA,NA,NA,NA,NA,NA,NA,NA,0,0,0,0,0,0,0,1,2,3,1,1,5,1,-29.58,-13.89,-30.24,-25,3,"Brazil","Minas Gerais","Tocos do Moji",-22.358205795,-46.1582863371239,4109,"BRA","BR",76,"BRL","3169059",NA,NA,"BRMG3169059",NA,"BRA.13.813_1"
"b22220a9",2022-10-16,1384,10,NA,NA,NA,NA,NA,NA,NA,NA,0,0,0,0,0,0,0,1,2,3,1,1,5,1,-29.58,-13.89,-30.24,-25,3,"Brazil","Minas Gerais","Tocos do Moji",-22.358205795,-46.1582863371239,4109,"BRA","BR",76,"BRL","3169059",NA,NA,"BRMG3169059",NA,"BRA.13.813_1"
"b22220a9",2022-10-17,1384,10,NA,NA,NA,NA,NA,NA,NA,NA,0,0,0,0,0,0,0,1,2,3,1,1,5,1,-29.58,-13.89,-30.24,-25,3,"Brazil","Minas Gerais","Tocos do Moji",-22.358205795,-46.1582863371239,4109,"BRA","BR",76,"BRL","3169059",NA,NA,"BRMG3169059",NA,"BRA.13.813_1"
"b22220a9",2022-10-18,1384,10,NA,NA,NA,NA,NA,NA,NA,NA,0,0,0,0,0,0,0,1,2,3,1,1,5,1,-29.58,-13.89,-30.24,-25,3,"Brazil","Minas Gerais","Tocos do Moji",-22.358205795,-46.1582863371239,4109,"BRA","BR",76,"BRL","3169059",NA,NA,"BRMG3169059",NA,"BRA.13.813_1"
"b22220a9",2022-10-19,1384,10,NA,NA,12752,3941,3957,NA,NA,NA,0,0,0,0,0,0,0,1,2,3,1,1,5,1,-29.58,-13.89,-30.24,-25,3,"Brazil","Minas Gerais","Tocos do Moji",-22.358205795,-46.1582863371239,4109,"BRA","BR",76,"BRL","3169059",NA,NA,"BRMG3169059",NA,"BRA.13.813_1"
"b22220a9",2022-10-20,1384,10,NA,NA,NA,NA,NA,NA,NA,NA,0,0,0,0,0,0,0,1,2,3,1,1,5,1,-29.58,-13.89,-30.24,-25,3,"Brazil","Minas Gerais","Tocos do Moji",-22.358205795,-46.1582863371239,4109,"BRA","BR",76,"BRL","3169059",NA,NA,"BRMG3169059",NA,"BRA.13.813_1"
"b22220a9",2022-10-21,1384,10,NA,NA,NA,NA,NA,NA,NA,NA,0,0,0,0,0,0,0,1,2,3,1,1,5,1,-29.58,-13.89,-30.24,-25,3,"Brazil","Minas Gerais","Tocos do Moji",-22.358205795,-46.1582863371239,4109,"BRA","BR",76,"BRL","3169059",NA,NA,"BRMG3169059",NA,"BRA.13.813_1"
"b22220a9",2022-10-22,1384,10,NA,NA,NA,NA,NA,NA,NA,NA,0,0,0,0,0,0,0,1,2,3,1,1,5,1,-29.58,-13.89,-30.24,-25,3,"Brazil","Minas Gerais","Tocos do Moji",-22.358205795,-46.1582863371239,4109,"BRA","BR",76,"BRL","3169059",NA,NA,"BRMG3169059",NA,"BRA.13.813_1"
"b22220a9",2022-10-23,1384,10,NA,NA,NA,NA,NA,NA,NA,NA,0,0,0,0,0,0,0,1,2,3,1,1,5,1,-29.58,-13.89,-30.24,-25,3,"Brazil","Minas Gerais","Tocos do Moji",-22.358205795,-46.1582863371239,4109,"BRA","BR",76,"BRL","3169059",NA,NA,"BRMG3169059",NA,"BRA.13.813_1"
"b22220a9",2022-10-24,1384,10,NA,NA,NA,NA,NA,NA,NA,NA,0,0,0,0,0,0,0,1,2,3,1,1,5,1,-29.58,-13.89,-30.24,-25,3,"Brazil","Minas Gerais","Tocos do Moji",-22.358205795,-46.1582863371239,4109,"BRA","BR",76,"BRL","3169059",NA,NA,"BRMG3169059",NA,"BRA.13.813_1"
"b22220a9",2022-10-25,1384,10,NA,NA,12761,3946,3961,NA,NA,NA,0,0,0,0,0,0,0,1,2,3,1,1,5,1,-29.58,-13.89,-30.24,-25,3,"Brazil","Minas Gerais","Tocos do Moji",-22.358205795,-46.1582863371239,4109,"BRA","BR",76,"BRL","3169059",NA,NA,"BRMG3169059",NA,"BRA.13.813_1"
"b22220a9",2022-10-26,1384,10,NA,NA,12766,3946,3961,NA,NA,NA,0,0,0,0,0,0,0,1,2,3,1,1,5,1,-29.58,-13.89,-30.24,-25,3,"Brazil","Minas Gerais","Tocos do Moji",-22.358205795,-46.1582863371239,4109,"BRA","BR",76,"BRL","3169059",NA,NA,"BRMG3169059",NA,"BRA.13.813_1"
"b22220a9",2022-10-27,1384,10,NA,NA,NA,NA,NA,NA,NA,NA,0,0,0,0,0,0,0,1,2,3,1,1,5,1,-29.58,-13.89,-30.24,-25,3,"Brazil","Minas Gerais","Tocos do Moji",-22.358205795,-46.1582863371239,4109,"BRA","BR",76,"BRL","3169059",NA,NA,"BRMG3169059",NA,"BRA.13.813_1"
"b22220a9",2022-10-28,1384,10,NA,NA,NA,NA,NA,NA,NA,NA,0,0,0,0,0,0,0,1,2,3,1,1,5,1,-29.58,-13.89,-30.24,-25,3,"Brazil","Minas Gerais","Tocos do Moji",-22.358205795,-46.1582863371239,4109,"BRA","BR",76,"BRL","3169059",NA,NA,"BRMG3169059",NA,"BRA.13.813_1"
"b22220a9",2022-10-29,1384,10,NA,NA,NA,NA,NA,NA,NA,NA,0,0,0,0,0,0,0,1,2,3,1,1,5,1,-29.58,-13.89,-30.24,-25,3,"Brazil","Minas Gerais","Tocos do Moji",-22.358205795,-46.1582863371239,4109,"BRA","BR",76,"BRL","3169059",NA,NA,"BRMG3169059",NA,"BRA.13.813_1"
"b22220a9",2022-10-30,1384,10,NA,NA,NA,NA,NA,NA,NA,NA,0,0,0,0,0,0,0,1,2,3,1,1,5,1,-29.58,-13.89,-30.24,-25,3,"Brazil","Minas Gerais","Tocos do Moji",-22.358205795,-46.1582863371239,4109,"BRA","BR",76,"BRL","3169059",NA,NA,"BRMG3169059",NA,"BRA.13.813_1"
"b22220a9",2022-10-31,1384,10,NA,NA,NA,NA,NA,NA,NA,NA,0,0,0,0,0,0,0,1,2,3,1,1,5,1,-29.58,-13.89,-30.24,-25,3,"Brazil","Minas Gerais","Tocos do Moji",-22.358205795,-46.1582863371239,4109,"BRA","BR",76,"BRL","3169059",NA,NA,"BRMG3169059",NA,"BRA.13.813_1"
"b22220a9",2022-11-01,1384,10,NA,NA,NA,NA,NA,NA,NA,NA,0,0,0,0,0,0,0,1,2,3,1,1,5,1,-29.58,-13.89,-30.24,-25,3,"Brazil","Minas Gerais","Tocos do Moji",-22.358205795,-46.1582863371239,4109,"BRA","BR",76,"BRL","3169059",NA,NA,"BRMG3169059",NA,"BRA.13.813_1"
"b22220a9",2022-11-02,1384,10,NA,NA,NA,NA,NA,NA,NA,NA,0,0,0,0,0,0,0,1,2,3,1,1,5,1,-29.58,-13.89,-30.24,-25,3,"Brazil","Minas Gerais","Tocos do Moji",-22.358205795,-46.1582863371239,4109,"BRA","BR",76,"BRL","3169059",NA,NA,"BRMG3169059",NA,"BRA.13.813_1"
"b22220a9",2022-11-03,1384,10,NA,NA,NA,NA,NA,NA,NA,NA,0,0,0,0,0,0,0,1,2,3,1,1,5,1,-29.58,-13.89,-30.24,-25,3,"Brazil","Minas Gerais","Tocos do Moji",-22.358205795,-46.1582863371239,4109,"BRA","BR",76,"BRL","3169059",NA,NA,"BRMG3169059",NA,"BRA.13.813_1"
"b22220a9",2022-11-04,1384,10,NA,NA,NA,NA,NA,NA,NA,NA,0,0,0,0,0,0,0,1,2,3,1,1,5,1,-29.58,-13.89,-30.24,-25,3,"Brazil","Minas Gerais","Tocos do Moji",-22.358205795,-46.1582863371239,4109,"BRA","BR",76,"BRL","3169059",NA,NA,"BRMG3169059",NA,"BRA.13.813_1"
"b22220a9",2022-11-05,1384,10,NA,NA,NA,NA,NA,NA,NA,NA,0,0,0,0,0,0,0,1,2,3,1,1,5,1,-29.58,-13.89,-30.24,-25,3,"Brazil","Minas Gerais","Tocos do Moji",-22.358205795,-46.1582863371239,4109,"BRA","BR",76,"BRL","3169059",NA,NA,"BRMG3169059",NA,"BRA.13.813_1"
"b22220a9",2022-11-06,1384,10,NA,NA,NA,NA,NA,NA,NA,NA,0,0,0,0,0,0,0,1,2,3,1,1,5,1,-29.58,-13.89,-30.24,-25,3,"Brazil","Minas Gerais","Tocos do Moji",-22.358205795,-46.1582863371239,4109,"BRA","BR",76,"BRL","3169059",NA,NA,"BRMG3169059",NA,"BRA.13.813_1"
"b22220a9",2022-11-07,1384,10,NA,NA,NA,NA,NA,NA,NA,NA,0,0,0,0,0,0,0,1,2,3,1,1,5,1,-29.58,-13.89,-30.24,-25,3,"Brazil","Minas Gerais","Tocos do Moji",-22.358205795,-46.1582863371239,4109,"BRA","BR",76,"BRL","3169059",NA,NA,"BRMG3169059",NA,"BRA.13.813_1"
"b22220a9",2022-11-08,1384,10,NA,NA,12767,3947,3961,NA,NA,NA,0,0,0,0,0,0,0,1,2,3,1,1,5,1,-29.58,-13.89,-30.24,-25,3,"Brazil","Minas Gerais","Tocos do Moji",-22.358205795,-46.1582863371239,4109,"BRA","BR",76,"BRL","3169059",NA,NA,"BRMG3169059",NA,"BRA.13.813_1"
"b22220a9",2022-11-09,1384,10,NA,NA,12774,3949,3961,NA,NA,NA,0,0,0,0,0,0,0,1,2,3,1,1,5,1,-29.58,-13.89,-30.24,-25,3,"Brazil","Minas Gerais","Tocos do Moji",-22.358205795,-46.1582863371239,4109,"BRA","BR",76,"BRL","3169059",NA,NA,"BRMG3169059",NA,"BRA.13.813_1"
"b22220a9",2022-11-10,1384,10,NA,NA,12778,3949,3961,NA,NA,NA,0,0,0,0,0,0,0,1,2,3,1,1,5,1,-29.58,-13.89,-30.24,-25,3,"Brazil","Minas Gerais","Tocos do Moji",-22.358205795,-46.1582863371239,4109,"BRA","BR",76,"BRL","3169059",NA,NA,"BRMG3169059",NA,"BRA.13.813_1"
"b22220a9",2022-11-11,1384,10,NA,NA,NA,NA,NA,NA,NA,NA,0,0,0,0,0,0,0,1,2,3,1,1,5,1,-29.58,-13.89,-30.24,-25,3,"Brazil","Minas Gerais","Tocos do Moji",-22.358205795,-46.1582863371239,4109,"BRA","BR",76,"BRL","3169059",NA,NA,"BRMG3169059",NA,"BRA.13.813_1"
"b22220a9",2022-11-12,1384,10,NA,NA,NA,NA,NA,NA,NA,NA,0,0,0,0,0,0,0,1,2,3,1,1,5,1,-29.58,-13.89,-30.24,-25,3,"Brazil","Minas Gerais","Tocos do Moji",-22.358205795,-46.1582863371239,4109,"BRA","BR",76,"BRL","3169059",NA,NA,"BRMG3169059",NA,"BRA.13.813_1"
"b22220a9",2022-11-13,1384,10,NA,NA,NA,NA,NA,NA,NA,NA,0,0,0,0,0,0,0,1,2,3,1,1,5,1,-29.58,-13.89,-30.24,-25,3,"Brazil","Minas Gerais","Tocos do Moji",-22.358205795,-46.1582863371239,4109,"BRA","BR",76,"BRL","3169059",NA,NA,"BRMG3169059",NA,"BRA.13.813_1"
"b22220a9",2022-11-14,1384,10,NA,NA,12782,3949,3961,NA,NA,NA,0,0,0,0,0,0,0,1,2,3,1,1,5,1,-29.58,-13.89,-30.24,-25,3,"Brazil","Minas Gerais","Tocos do Moji",-22.358205795,-46.1582863371239,4109,"BRA","BR",76,"BRL","3169059",NA,NA,"BRMG3169059",NA,"BRA.13.813_1"
"b22220a9",2022-11-15,1384,10,NA,NA,NA,NA,NA,NA,NA,NA,0,0,0,0,0,0,0,1,2,3,1,1,5,1,-29.58,-13.89,-30.24,-25,3,"Brazil","Minas Gerais","Tocos do Moji",-22.358205795,-46.1582863371239,4109,"BRA","BR",76,"BRL","3169059",NA,NA,"BRMG3169059",NA,"BRA.13.813_1"
"b22220a9",2022-11-16,1384,10,NA,NA,12812,3951,3971,NA,NA,NA,0,0,0,0,0,0,0,1,2,3,1,1,5,1,-29.58,-13.89,-30.24,-25,3,"Brazil","Minas Gerais","Tocos do Moji",-22.358205795,-46.1582863371239,4109,"BRA","BR",76,"BRL","3169059",NA,NA,"BRMG3169059",NA,"BRA.13.813_1"
"b22220a9",2022-11-17,1384,10,NA,NA,NA,NA,NA,NA,NA,NA,0,0,0,0,0,0,0,1,2,3,1,1,5,1,-29.58,-13.89,-30.24,-25,3,"Brazil","Minas Gerais","Tocos do Moji",-22.358205795,-46.1582863371239,4109,"BRA","BR",76,"BRL","3169059",NA,NA,"BRMG3169059",NA,"BRA.13.813_1"
"b22220a9",2022-11-18,1386,10,NA,NA,NA,NA,NA,NA,NA,NA,0,0,0,0,0,0,0,1,2,3,1,2,5,1,-31.15,-13.89,-32.02,-25,3,"Brazil","Minas Gerais","Tocos do Moji",-22.358205795,-46.1582863371239,4109,"BRA","BR",76,"BRL","3169059",NA,NA,"BRMG3169059",NA,"BRA.13.813_1"
"b22220a9",2022-11-19,1386,10,NA,NA,NA,NA,NA,NA,NA,NA,0,0,0,0,0,0,0,1,2,3,1,2,5,1,-31.15,-13.89,-32.02,-25,3,"Brazil","Minas Gerais","Tocos do Moji",-22.358205795,-46.1582863371239,4109,"BRA","BR",76,"BRL","3169059",NA,NA,"BRMG3169059",NA,"BRA.13.813_1"
"b22220a9",2022-11-20,1386,10,NA,NA,NA,NA,NA,NA,NA,NA,0,0,0,0,0,0,0,1,2,3,1,2,5,1,-31.15,-13.89,-32.02,-25,3,"Brazil","Minas Gerais","Tocos do Moji",-22.358205795,-46.1582863371239,4109,"BRA","BR",76,"BRL","3169059",NA,NA,"BRMG3169059",NA,"BRA.13.813_1"
"b22220a9",2022-11-21,1387,10,NA,NA,NA,NA,NA,NA,NA,NA,0,0,0,0,0,0,0,1,2,3,1,2,5,1,-31.15,-13.89,-32.02,-25,3,"Brazil","Minas Gerais","Tocos do Moji",-22.358205795,-46.1582863371239,4109,"BRA","BR",76,"BRL","3169059",NA,NA,"BRMG3169059",NA,"BRA.13.813_1"
"b22220a9",2022-11-22,1389,10,NA,NA,NA,NA,NA,NA,NA,NA,0,0,0,0,0,0,0,1,2,3,1,2,5,1,-31.15,-13.89,-32.02,-25,3,"Brazil","Minas Gerais","Tocos do Moji",-22.358205795,-46.1582863371239,4109,"BRA","BR",76,"BRL","3169059",NA,NA,"BRMG3169059",NA,"BRA.13.813_1"
"b22220a9",2022-11-23,1390,10,NA,NA,12842,3951,3971,NA,NA,NA,0,0,0,0,0,0,0,1,2,3,1,2,5,1,-31.15,-13.89,-32.02,-25,3,"Brazil","Minas Gerais","Tocos do Moji",-22.358205795,-46.1582863371239,4109,"BRA","BR",76,"BRL","3169059",NA,NA,"BRMG3169059",NA,"BRA.13.813_1"
"b22220a9",2022-11-24,1393,10,NA,NA,NA,NA,NA,NA,NA,NA,0,0,0,0,0,0,0,1,2,3,1,2,5,1,-31.15,-13.89,-32.02,-25,3,"Brazil","Minas Gerais","Tocos do Moji",-22.358205795,-46.1582863371239,4109,"BRA","BR",76,"BRL","3169059",NA,NA,"BRMG3169059",NA,"BRA.13.813_1"
"b22220a9",2022-11-25,1395,10,NA,NA,NA,NA,NA,NA,NA,NA,0,0,0,0,0,0,0,1,2,3,1,2,5,1,-31.15,-13.89,-32.02,-25,3,"Brazil","Minas Gerais","Tocos do Moji",-22.358205795,-46.1582863371239,4109,"BRA","BR",76,"BRL","3169059",NA,NA,"BRMG3169059",NA,"BRA.13.813_1"
"b22220a9",2022-11-26,1395,10,NA,NA,NA,NA,NA,NA,NA,NA,0,0,0,0,0,0,0,1,2,3,1,2,5,1,-31.15,-13.89,-32.02,-25,3,"Brazil","Minas Gerais","Tocos do Moji",-22.358205795,-46.1582863371239,4109,"BRA","BR",76,"BRL","3169059",NA,NA,"BRMG3169059",NA,"BRA.13.813_1"
"b22220a9",2022-11-27,1395,10,NA,NA,NA,NA,NA,NA,NA,NA,0,0,0,0,0,0,0,1,2,3,1,2,5,1,-31.15,-13.89,-32.02,-25,3,"Brazil","Minas Gerais","Tocos do Moji",-22.358205795,-46.1582863371239,4109,"BRA","BR",76,"BRL","3169059",NA,NA,"BRMG3169059",NA,"BRA.13.813_1"
"b22220a9",2022-11-28,1401,10,NA,NA,NA,NA,NA,NA,NA,NA,0,0,0,0,0,0,0,1,2,3,1,2,5,1,-31.15,-13.89,-32.02,-25,3,"Brazil","Minas Gerais","Tocos do Moji",-22.358205795,-46.1582863371239,4109,"BRA","BR",76,"BRL","3169059",NA,NA,"BRMG3169059",NA,"BRA.13.813_1"
"b22220a9",2022-11-29,1408,10,NA,NA,NA,NA,NA,NA,NA,NA,0,0,0,0,0,0,0,1,2,3,1,2,5,1,-31.15,-13.89,-32.02,-25,3,"Brazil","Minas Gerais","Tocos do Moji",-22.358205795,-46.1582863371239,4109,"BRA","BR",76,"BRL","3169059",NA,NA,"BRMG3169059",NA,"BRA.13.813_1"
"b22220a9",2022-11-30,1415,10,NA,NA,12872,3951,3971,NA,NA,NA,0,0,0,0,0,0,0,1,2,3,1,2,5,1,-31.15,-13.89,-32.02,-25,3,"Brazil","Minas Gerais","Tocos do Moji",-22.358205795,-46.1582863371239,4109,"BRA","BR",76,"BRL","3169059",NA,NA,"BRMG3169059",NA,"BRA.13.813_1"
"b22220a9",2022-12-01,1415,10,NA,NA,12882,3961,3971,NA,NA,NA,0,0,0,0,0,0,0,1,2,3,1,2,5,1,-31.15,-13.89,-32.02,-25,3,"Brazil","Minas Gerais","Tocos do Moji",-22.358205795,-46.1582863371239,4109,"BRA","BR",76,"BRL","3169059",NA,NA,"BRMG3169059",NA,"BRA.13.813_1"
"b22220a9",2022-12-02,1417,10,NA,NA,NA,NA,NA,NA,NA,NA,0,0,0,0,0,0,0,1,2,3,1,2,5,1,-31.15,-13.89,-32.02,-25,3,"Brazil","Minas Gerais","Tocos do Moji",-22.358205795,-46.1582863371239,4109,"BRA","BR",76,"BRL","3169059",NA,NA,"BRMG3169059",NA,"BRA.13.813_1"
"b22220a9",2022-12-03,1417,10,NA,NA,NA,NA,NA,NA,NA,NA,0,0,0,0,0,0,0,1,2,3,1,2,5,1,-31.15,-13.89,-32.02,-25,3,"Brazil","Minas Gerais","Tocos do Moji",-22.358205795,-46.1582863371239,4109,"BRA","BR",76,"BRL","3169059",NA,NA,"BRMG3169059",NA,"BRA.13.813_1"
"b22220a9",2022-12-04,1417,10,NA,NA,NA,NA,NA,NA,NA,NA,0,0,0,0,0,0,0,1,2,3,1,2,5,1,-31.15,-13.89,-32.02,-25,3,"Brazil","Minas Gerais","Tocos do Moji",-22.358205795,-46.1582863371239,4109,"BRA","BR",76,"BRL","3169059",NA,NA,"BRMG3169059",NA,"BRA.13.813_1"
"b22220a9",2022-12-05,1424,10,NA,NA,NA,NA,NA,NA,NA,NA,0,0,0,0,0,0,0,1,2,3,1,2,5,1,-31.15,-13.89,-32.02,-25,3,"Brazil","Minas Gerais","Tocos do Moji",-22.358205795,-46.1582863371239,4109,"BRA","BR",76,"BRL","3169059",NA,NA,"BRMG3169059",NA,"BRA.13.813_1"
"b22220a9",2022-12-06,1426,10,NA,NA,NA,NA,NA,NA,NA,NA,0,0,0,0,0,0,0,1,2,3,1,2,5,1,-31.15,-13.89,-32.02,-25,3,"Brazil","Minas Gerais","Tocos do Moji",-22.358205795,-46.1582863371239,4109,"BRA","BR",76,"BRL","3169059",NA,NA,"BRMG3169059",NA,"BRA.13.813_1"
"b22220a9",2022-12-07,1427,10,NA,NA,12888,3961,3971,NA,NA,NA,0,0,0,0,0,0,0,1,2,3,1,2,5,1,-31.15,-13.89,-32.02,-25,3,"Brazil","Minas Gerais","Tocos do Moji",-22.358205795,-46.1582863371239,4109,"BRA","BR",76,"BRL","3169059",NA,NA,"BRMG3169059",NA,"BRA.13.813_1"
"b22220a9",2022-12-08,1427,10,NA,NA,NA,NA,NA,NA,NA,NA,0,0,0,0,0,0,0,1,2,3,1,2,5,1,-31.15,-13.89,-32.02,-25,3,"Brazil","Minas Gerais","Tocos do Moji",-22.358205795,-46.1582863371239,4109,"BRA","BR",76,"BRL","3169059",NA,NA,"BRMG3169059",NA,"BRA.13.813_1"
"b22220a9",2022-12-09,1427,10,NA,NA,NA,NA,NA,NA,NA,NA,0,0,0,0,0,0,0,1,2,3,1,2,5,1,-31.15,-13.89,-32.02,-25,3,"Brazil","Minas Gerais","Tocos do Moji",-22.358205795,-46.1582863371239,4109,"BRA","BR",76,"BRL","3169059",NA,NA,"BRMG3169059",NA,"BRA.13.813_1"
"b22220a9",2022-12-10,1427,10,NA,NA,NA,NA,NA,NA,NA,NA,0,0,0,0,0,0,0,1,2,3,1,2,5,1,-31.15,-13.89,-32.02,-25,3,"Brazil","Minas Gerais","Tocos do Moji",-22.358205795,-46.1582863371239,4109,"BRA","BR",76,"BRL","3169059",NA,NA,"BRMG3169059",NA,"BRA.13.813_1"
"b22220a9",2022-12-11,1427,10,NA,NA,NA,NA,NA,NA,NA,NA,0,0,0,0,0,0,0,1,2,3,1,2,5,1,-31.15,-13.89,-32.02,-25,3,"Brazil","Minas Gerais","Tocos do Moji",-22.358205795,-46.1582863371239,4109,"BRA","BR",76,"BRL","3169059",NA,NA,"BRMG3169059",NA,"BRA.13.813_1"
"b22220a9",2022-12-12,1438,10,NA,NA,NA,NA,NA,NA,NA,NA,0,0,0,0,0,0,0,1,2,3,1,2,5,1,-31.15,-13.89,-32.02,-25,3,"Brazil","Minas Gerais","Tocos do Moji",-22.358205795,-46.1582863371239,4109,"BRA","BR",76,"BRL","3169059",NA,NA,"BRMG3169059",NA,"BRA.13.813_1"
"b22220a9",2022-12-13,1440,10,NA,NA,NA,NA,NA,NA,NA,NA,0,0,0,0,0,0,0,1,2,3,1,2,5,1,-31.15,-13.89,-32.02,-25,3,"Brazil","Minas Gerais","Tocos do Moji",-22.358205795,-46.1582863371239,4109,"BRA","BR",76,"BRL","3169059",NA,NA,"BRMG3169059",NA,"BRA.13.813_1"
"b22220a9",2022-12-14,1440,10,NA,NA,12896,3961,3971,NA,NA,NA,0,0,0,0,0,0,0,1,2,3,1,2,5,1,-31.15,-13.89,-32.02,-25,3,"Brazil","Minas Gerais","Tocos do Moji",-22.358205795,-46.1582863371239,4109,"BRA","BR",76,"BRL","3169059",NA,NA,"BRMG3169059",NA,"BRA.13.813_1"
"b22220a9",2022-12-15,1442,10,NA,NA,NA,NA,NA,NA,NA,NA,0,0,0,0,0,0,0,1,2,3,1,2,5,1,-31.15,-13.89,-32.02,-25,3,"Brazil","Minas Gerais","Tocos do Moji",-22.358205795,-46.1582863371239,4109,"BRA","BR",76,"BRL","3169059",NA,NA,"BRMG3169059",NA,"BRA.13.813_1"
"b22220a9",2022-12-16,1444,10,NA,NA,NA,NA,NA,NA,NA,NA,0,0,0,0,0,0,0,1,2,3,1,2,5,1,-31.15,-13.89,-32.02,-25,3,"Brazil","Minas Gerais","Tocos do Moji",-22.358205795,-46.1582863371239,4109,"BRA","BR",76,"BRL","3169059",NA,NA,"BRMG3169059",NA,"BRA.13.813_1"
"b22220a9",2022-12-17,1444,10,NA,NA,NA,NA,NA,NA,NA,NA,0,0,0,0,0,0,0,1,2,3,1,2,5,1,-31.15,-13.89,-32.02,-25,3,"Brazil","Minas Gerais","Tocos do Moji",-22.358205795,-46.1582863371239,4109,"BRA","BR",76,"BRL","3169059",NA,NA,"BRMG3169059",NA,"BRA.13.813_1"
"b22220a9",2022-12-18,1444,10,NA,NA,NA,NA,NA,NA,NA,NA,0,0,0,0,0,0,0,1,2,3,1,2,5,1,-31.15,-13.89,-32.02,-25,3,"Brazil","Minas Gerais","Tocos do Moji",-22.358205795,-46.1582863371239,4109,"BRA","BR",76,"BRL","3169059",NA,NA,"BRMG3169059",NA,"BRA.13.813_1"
"b22220a9",2022-12-19,1447,10,NA,NA,NA,NA,NA,NA,NA,NA,0,0,0,0,0,0,0,1,2,3,1,2,5,1,-31.15,-13.89,-32.02,-25,3,"Brazil","Minas Gerais","Tocos do Moji",-22.358205795,-46.1582863371239,4109,"BRA","BR",76,"BRL","3169059",NA,NA,"BRMG3169059",NA,"BRA.13.813_1"
"b22220a9",2022-12-20,1448,10,NA,NA,NA,NA,NA,NA,NA,NA,0,0,0,0,0,0,0,1,2,3,1,2,5,1,-31.15,-13.89,-32.02,-25,3,"Brazil","Minas Gerais","Tocos do Moji",-22.358205795,-46.1582863371239,4109,"BRA","BR",76,"BRL","3169059",NA,NA,"BRMG3169059",NA,"BRA.13.813_1"
"b22220a9",2022-12-21,1444,10,NA,NA,12899,3961,3971,NA,NA,NA,0,0,0,0,0,0,0,1,2,3,1,2,5,1,-31.15,-13.89,-32.02,-25,3,"Brazil","Minas Gerais","Tocos do Moji",-22.358205795,-46.1582863371239,4109,"BRA","BR",76,"BRL","3169059",NA,NA,"BRMG3169059",NA,"BRA.13.813_1"
"b22220a9",2022-12-22,1448,10,NA,NA,NA,NA,NA,NA,NA,NA,0,0,0,0,0,0,0,1,2,3,1,2,5,1,-31.15,-13.89,-32.02,-25,3,"Brazil","Minas Gerais","Tocos do Moji",-22.358205795,-46.1582863371239,4109,"BRA","BR",76,"BRL","3169059",NA,NA,"BRMG3169059",NA,"BRA.13.813_1"
"b22220a9",2022-12-23,1444,10,NA,NA,12901,3961,3973,NA,NA,NA,0,0,0,0,0,0,0,1,2,3,1,2,5,1,-31.15,-13.89,-32.02,-25,3,"Brazil","Minas Gerais","Tocos do Moji",-22.358205795,-46.1582863371239,4109,"BRA","BR",76,"BRL","3169059",NA,NA,"BRMG3169059",NA,"BRA.13.813_1"
"b22220a9",2022-12-24,1444,10,NA,NA,NA,NA,NA,NA,NA,NA,0,0,0,0,0,0,0,1,2,3,1,2,5,1,-31.15,-13.89,-32.02,-25,3,"Brazil","Minas Gerais","Tocos do Moji",-22.358205795,-46.1582863371239,4109,"BRA","BR",76,"BRL","3169059",NA,NA,"BRMG3169059",NA,"BRA.13.813_1"
"b22220a9",2022-12-25,1444,10,NA,NA,NA,NA,NA,NA,NA,NA,0,0,0,0,0,0,0,1,2,3,1,2,5,1,-31.15,-13.89,-32.02,-25,3,"Brazil","Minas Gerais","Tocos do Moji",-22.358205795,-46.1582863371239,4109,"BRA","BR",76,"BRL","3169059",NA,NA,"BRMG3169059",NA,"BRA.13.813_1"
"b22220a9",2022-12-26,1459,10,NA,NA,12909,3969,3973,NA,NA,NA,0,0,0,0,0,0,0,1,2,3,1,2,5,1,-31.15,-13.89,-32.02,-25,3,"Brazil","Minas Gerais","Tocos do Moji",-22.358205795,-46.1582863371239,4109,"BRA","BR",76,"BRL","3169059",NA,NA,"BRMG3169059",NA,"BRA.13.813_1"
"b22220a9",2022-12-27,1459,10,NA,NA,NA,NA,NA,NA,NA,NA,0,0,0,0,0,0,0,1,2,3,1,2,5,1,-31.15,-13.89,-32.02,-25,3,"Brazil","Minas Gerais","Tocos do Moji",-22.358205795,-46.1582863371239,4109,"BRA","BR",76,"BRL","3169059",NA,NA,"BRMG3169059",NA,"BRA.13.813_1"
"b22220a9",2022-12-28,1460,10,NA,NA,NA,NA,NA,NA,NA,NA,0,0,0,0,0,0,0,1,2,3,1,2,5,1,-31.15,-13.89,-32.02,-25,3,"Brazil","Minas Gerais","Tocos do Moji",-22.358205795,-46.1582863371239,4109,"BRA","BR",76,"BRL","3169059",NA,NA,"BRMG3169059",NA,"BRA.13.813_1"
"b22220a9",2022-12-29,1460,10,NA,NA,NA,NA,NA,NA,NA,NA,0,0,0,0,0,0,0,1,2,3,1,2,5,1,-31.15,-13.89,-32.02,-25,3,"Brazil","Minas Gerais","Tocos do Moji",-22.358205795,-46.1582863371239,4109,"BRA","BR",76,"BRL","3169059",NA,NA,"BRMG3169059",NA,"BRA.13.813_1"
"b22220a9",2022-12-30,1460,10,NA,NA,NA,NA,NA,NA,NA,NA,0,0,0,0,0,0,0,1,2,3,1,2,5,1,-31.15,-13.89,-32.02,-25,3,"Brazil","Minas Gerais","Tocos do Moji",-22.358205795,-46.1582863371239,4109,"BRA","BR",76,"BRL","3169059",NA,NA,"BRMG3169059",NA,"BRA.13.813_1"
"b22220a9",2022-12-31,1460,10,NA,NA,NA,NA,NA,NA,NA,NA,0,0,0,0,0,0,0,1,2,3,1,2,5,1,-31.15,-13.89,-32.02,-25,3,"Brazil","Minas Gerais","Tocos do Moji",-22.358205795,-46.1582863371239,4109,"BRA","BR",76,"BRL","3169059",NA,NA,"BRMG3169059",NA,"BRA.13.813_1"
"b22220a9",2023-01-01,1460,10,NA,NA,NA,NA,NA,NA,NA,NA,NA,NA,NA,NA,NA,NA,NA,NA,NA,NA,NA,NA,NA,NA,NA,NA,NA,NA,3,"Brazil","Minas Gerais","Tocos do Moji",-22.358205795,-46.1582863371239,4109,"BRA","BR",76,"BRL","3169059",NA,NA,"BRMG3169059",NA,"BRA.13.813_1"
"b22220a9",2023-01-02,1460,10,NA,NA,12918,3969,3982,NA,NA,NA,NA,NA,NA,NA,NA,NA,NA,NA,NA,NA,NA,NA,NA,NA,NA,NA,NA,NA,3,"Brazil","Minas Gerais","Tocos do Moji",-22.358205795,-46.1582863371239,4109,"BRA","BR",76,"BRL","3169059",NA,NA,"BRMG3169059",NA,"BRA.13.813_1"
"b22220a9",2023-01-03,1461,10,NA,NA,NA,NA,NA,NA,NA,NA,NA,NA,NA,NA,NA,NA,NA,NA,NA,NA,NA,NA,NA,NA,NA,NA,NA,NA,3,"Brazil","Minas Gerais","Tocos do Moji",-22.358205795,-46.1582863371239,4109,"BRA","BR",76,"BRL","3169059",NA,NA,"BRMG3169059",NA,"BRA.13.813_1"
"b22220a9",2023-01-04,1461,10,NA,NA,12925,3969,3982,NA,NA,NA,NA,NA,NA,NA,NA,NA,NA,NA,NA,NA,NA,NA,NA,NA,NA,NA,NA,NA,3,"Brazil","Minas Gerais","Tocos do Moji",-22.358205795,-46.1582863371239,4109,"BRA","BR",76,"BRL","3169059",NA,NA,"BRMG3169059",NA,"BRA.13.813_1"
"b22220a9",2023-01-05,1462,10,NA,NA,NA,NA,NA,NA,NA,NA,NA,NA,NA,NA,NA,NA,NA,NA,NA,NA,NA,NA,NA,NA,NA,NA,NA,NA,3,"Brazil","Minas Gerais","Tocos do Moji",-22.358205795,-46.1582863371239,4109,"BRA","BR",76,"BRL","3169059",NA,NA,"BRMG3169059",NA,"BRA.13.813_1"
"b22220a9",2023-01-06,1462,10,NA,NA,NA,NA,NA,NA,NA,NA,NA,NA,NA,NA,NA,NA,NA,NA,NA,NA,NA,NA,NA,NA,NA,NA,NA,NA,3,"Brazil","Minas Gerais","Tocos do Moji",-22.358205795,-46.1582863371239,4109,"BRA","BR",76,"BRL","3169059",NA,NA,"BRMG3169059",NA,"BRA.13.813_1"
"b22220a9",2023-01-07,1462,10,NA,NA,NA,NA,NA,NA,NA,NA,NA,NA,NA,NA,NA,NA,NA,NA,NA,NA,NA,NA,NA,NA,NA,NA,NA,NA,3,"Brazil","Minas Gerais","Tocos do Moji",-22.358205795,-46.1582863371239,4109,"BRA","BR",76,"BRL","3169059",NA,NA,"BRMG3169059",NA,"BRA.13.813_1"
"b22220a9",2023-01-08,1462,10,NA,NA,NA,NA,NA,NA,NA,NA,NA,NA,NA,NA,NA,NA,NA,NA,NA,NA,NA,NA,NA,NA,NA,NA,NA,NA,3,"Brazil","Minas Gerais","Tocos do Moji",-22.358205795,-46.1582863371239,4109,"BRA","BR",76,"BRL","3169059",NA,NA,"BRMG3169059",NA,"BRA.13.813_1"
"b22220a9",2023-01-09,1462,10,NA,NA,NA,NA,NA,NA,NA,NA,NA,NA,NA,NA,NA,NA,NA,NA,NA,NA,NA,NA,NA,NA,NA,NA,NA,NA,3,"Brazil","Minas Gerais","Tocos do Moji",-22.358205795,-46.1582863371239,4109,"BRA","BR",76,"BRL","3169059",NA,NA,"BRMG3169059",NA,"BRA.13.813_1"
"b22220a9",2023-01-10,1462,10,NA,NA,NA,NA,NA,NA,NA,NA,NA,NA,NA,NA,NA,NA,NA,NA,NA,NA,NA,NA,NA,NA,NA,NA,NA,NA,3,"Brazil","Minas Gerais","Tocos do Moji",-22.358205795,-46.1582863371239,4109,"BRA","BR",76,"BRL","3169059",NA,NA,"BRMG3169059",NA,"BRA.13.813_1"
"b22220a9",2023-01-11,1462,10,NA,NA,12928,3969,3984,NA,NA,NA,NA,NA,NA,NA,NA,NA,NA,NA,NA,NA,NA,NA,NA,NA,NA,NA,NA,NA,3,"Brazil","Minas Gerais","Tocos do Moji",-22.358205795,-46.1582863371239,4109,"BRA","BR",76,"BRL","3169059",NA,NA,"BRMG3169059",NA,"BRA.13.813_1"
"b22220a9",2023-01-12,1462,10,NA,NA,NA,NA,NA,NA,NA,NA,NA,NA,NA,NA,NA,NA,NA,NA,NA,NA,NA,NA,NA,NA,NA,NA,NA,NA,3,"Brazil","Minas Gerais","Tocos do Moji",-22.358205795,-46.1582863371239,4109,"BRA","BR",76,"BRL","3169059",NA,NA,"BRMG3169059",NA,"BRA.13.813_1"
"b22220a9",2023-01-13,1464,10,NA,NA,NA,NA,NA,NA,NA,NA,NA,NA,NA,NA,NA,NA,NA,NA,NA,NA,NA,NA,NA,NA,NA,NA,NA,NA,3,"Brazil","Minas Gerais","Tocos do Moji",-22.358205795,-46.1582863371239,4109,"BRA","BR",76,"BRL","3169059",NA,NA,"BRMG3169059",NA,"BRA.13.813_1"
"b22220a9",2023-01-14,1464,10,NA,NA,NA,NA,NA,NA,NA,NA,NA,NA,NA,NA,NA,NA,NA,NA,NA,NA,NA,NA,NA,NA,NA,NA,NA,NA,3,"Brazil","Minas Gerais","Tocos do Moji",-22.358205795,-46.1582863371239,4109,"BRA","BR",76,"BRL","3169059",NA,NA,"BRMG3169059",NA,"BRA.13.813_1"
"b22220a9",2023-01-15,1464,10,NA,NA,NA,NA,NA,NA,NA,NA,NA,NA,NA,NA,NA,NA,NA,NA,NA,NA,NA,NA,NA,NA,NA,NA,NA,NA,3,"Brazil","Minas Gerais","Tocos do Moji",-22.358205795,-46.1582863371239,4109,"BRA","BR",76,"BRL","3169059",NA,NA,"BRMG3169059",NA,"BRA.13.813_1"
"b22220a9",2023-01-16,1464,10,NA,NA,NA,NA,NA,NA,NA,NA,NA,NA,NA,NA,NA,NA,NA,NA,NA,NA,NA,NA,NA,NA,NA,NA,NA,NA,3,"Brazil","Minas Gerais","Tocos do Moji",-22.358205795,-46.1582863371239,4109,"BRA","BR",76,"BRL","3169059",NA,NA,"BRMG3169059",NA,"BRA.13.813_1"
"b22220a9",2023-01-17,1467,10,NA,NA,NA,NA,NA,NA,NA,NA,NA,NA,NA,NA,NA,NA,NA,NA,NA,NA,NA,NA,NA,NA,NA,NA,NA,NA,3,"Brazil","Minas Gerais","Tocos do Moji",-22.358205795,-46.1582863371239,4109,"BRA","BR",76,"BRL","3169059",NA,NA,"BRMG3169059",NA,"BRA.13.813_1"
"b22220a9",2023-01-18,1467,10,NA,NA,12929,3969,3984,NA,NA,NA,NA,NA,NA,NA,NA,NA,NA,NA,NA,NA,NA,NA,NA,NA,NA,NA,NA,NA,3,"Brazil","Minas Gerais","Tocos do Moji",-22.358205795,-46.1582863371239,4109,"BRA","BR",76,"BRL","3169059",NA,NA,"BRMG3169059",NA,"BRA.13.813_1"
"b22220a9",2023-01-19,1467,10,NA,NA,12932,3969,3985,NA,NA,NA,NA,NA,NA,NA,NA,NA,NA,NA,NA,NA,NA,NA,NA,NA,NA,NA,NA,NA,3,"Brazil","Minas Gerais","Tocos do Moji",-22.358205795,-46.1582863371239,4109,"BRA","BR",76,"BRL","3169059",NA,NA,"BRMG3169059",NA,"BRA.13.813_1"
"b22220a9",2023-01-20,1467,10,NA,NA,NA,NA,NA,NA,NA,NA,NA,NA,NA,NA,NA,NA,NA,NA,NA,NA,NA,NA,NA,NA,NA,NA,NA,NA,3,"Brazil","Minas Gerais","Tocos do Moji",-22.358205795,-46.1582863371239,4109,"BRA","BR",76,"BRL","3169059",NA,NA,"BRMG3169059",NA,"BRA.13.813_1"
"b22220a9",2023-01-21,1467,10,NA,NA,NA,NA,NA,NA,NA,NA,NA,NA,NA,NA,NA,NA,NA,NA,NA,NA,NA,NA,NA,NA,NA,NA,NA,NA,3,"Brazil","Minas Gerais","Tocos do Moji",-22.358205795,-46.1582863371239,4109,"BRA","BR",76,"BRL","3169059",NA,NA,"BRMG3169059",NA,"BRA.13.813_1"
"b22220a9",2023-01-22,1467,10,NA,NA,NA,NA,NA,NA,NA,NA,NA,NA,NA,NA,NA,NA,NA,NA,NA,NA,NA,NA,NA,NA,NA,NA,NA,NA,3,"Brazil","Minas Gerais","Tocos do Moji",-22.358205795,-46.1582863371239,4109,"BRA","BR",76,"BRL","3169059",NA,NA,"BRMG3169059",NA,"BRA.13.813_1"
"b22220a9",2023-01-23,1467,10,NA,NA,NA,NA,NA,NA,NA,NA,NA,NA,NA,NA,NA,NA,NA,NA,NA,NA,NA,NA,NA,NA,NA,NA,NA,NA,3,"Brazil","Minas Gerais","Tocos do Moji",-22.358205795,-46.1582863371239,4109,"BRA","BR",76,"BRL","3169059",NA,NA,"BRMG3169059",NA,"BRA.13.813_1"
"b22220a9",2023-01-24,1467,10,NA,NA,12940,3969,3993,NA,NA,NA,NA,NA,NA,NA,NA,NA,NA,NA,NA,NA,NA,NA,NA,NA,NA,NA,NA,NA,3,"Brazil","Minas Gerais","Tocos do Moji",-22.358205795,-46.1582863371239,4109,"BRA","BR",76,"BRL","3169059",NA,NA,"BRMG3169059",NA,"BRA.13.813_1"
"b22220a9",2023-01-25,1467,10,NA,NA,12945,3969,3996,NA,NA,NA,NA,NA,NA,NA,NA,NA,NA,NA,NA,NA,NA,NA,NA,NA,NA,NA,NA,NA,3,"Brazil","Minas Gerais","Tocos do Moji",-22.358205795,-46.1582863371239,4109,"BRA","BR",76,"BRL","3169059",NA,NA,"BRMG3169059",NA,"BRA.13.813_1"
"b22220a9",2023-01-26,1467,10,NA,NA,NA,NA,NA,NA,NA,NA,NA,NA,NA,NA,NA,NA,NA,NA,NA,NA,NA,NA,NA,NA,NA,NA,NA,NA,3,"Brazil","Minas Gerais","Tocos do Moji",-22.358205795,-46.1582863371239,4109,"BRA","BR",76,"BRL","3169059",NA,NA,"BRMG3169059",NA,"BRA.13.813_1"
"b22220a9",2023-01-27,1467,10,NA,NA,NA,NA,NA,NA,NA,NA,NA,NA,NA,NA,NA,NA,NA,NA,NA,NA,NA,NA,NA,NA,NA,NA,NA,NA,3,"Brazil","Minas Gerais","Tocos do Moji",-22.358205795,-46.1582863371239,4109,"BRA","BR",76,"BRL","3169059",NA,NA,"BRMG3169059",NA,"BRA.13.813_1"
"b22220a9",2023-01-28,1467,10,NA,NA,NA,NA,NA,NA,NA,NA,NA,NA,NA,NA,NA,NA,NA,NA,NA,NA,NA,NA,NA,NA,NA,NA,NA,NA,3,"Brazil","Minas Gerais","Tocos do Moji",-22.358205795,-46.1582863371239,4109,"BRA","BR",76,"BRL","3169059",NA,NA,"BRMG3169059",NA,"BRA.13.813_1"
"b22220a9",2023-01-29,1467,10,NA,NA,NA,NA,NA,NA,NA,NA,NA,NA,NA,NA,NA,NA,NA,NA,NA,NA,NA,NA,NA,NA,NA,NA,NA,NA,3,"Brazil","Minas Gerais","Tocos do Moji",-22.358205795,-46.1582863371239,4109,"BRA","BR",76,"BRL","3169059",NA,NA,"BRMG3169059",NA,"BRA.13.813_1"
"b22220a9",2023-01-30,1467,10,NA,NA,NA,NA,NA,NA,NA,NA,NA,NA,NA,NA,NA,NA,NA,NA,NA,NA,NA,NA,NA,NA,NA,NA,NA,NA,3,"Brazil","Minas Gerais","Tocos do Moji",-22.358205795,-46.1582863371239,4109,"BRA","BR",76,"BRL","3169059",NA,NA,"BRMG3169059",NA,"BRA.13.813_1"
"b22220a9",2023-01-31,1467,10,NA,NA,NA,NA,NA,NA,NA,NA,NA,NA,NA,NA,NA,NA,NA,NA,NA,NA,NA,NA,NA,NA,NA,NA,NA,NA,3,"Brazil","Minas Gerais","Tocos do Moji",-22.358205795,-46.1582863371239,4109,"BRA","BR",76,"BRL","3169059",NA,NA,"BRMG3169059",NA,"BRA.13.813_1"
"b22220a9",2023-02-01,1467,10,NA,NA,12951,3969,4001,NA,NA,NA,NA,NA,NA,NA,NA,NA,NA,NA,NA,NA,NA,NA,NA,NA,NA,NA,NA,NA,3,"Brazil","Minas Gerais","Tocos do Moji",-22.358205795,-46.1582863371239,4109,"BRA","BR",76,"BRL","3169059",NA,NA,"BRMG3169059",NA,"BRA.13.813_1"
"b22220a9",2023-02-02,1567,10,NA,NA,NA,NA,NA,NA,NA,NA,NA,NA,NA,NA,NA,NA,NA,NA,NA,NA,NA,NA,NA,NA,NA,NA,NA,NA,3,"Brazil","Minas Gerais","Tocos do Moji",-22.358205795,-46.1582863371239,4109,"BRA","BR",76,"BRL","3169059",NA,NA,"BRMG3169059",NA,"BRA.13.813_1"
"b22220a9",2023-02-03,1567,10,NA,NA,NA,NA,NA,NA,NA,NA,NA,NA,NA,NA,NA,NA,NA,NA,NA,NA,NA,NA,NA,NA,NA,NA,NA,NA,3,"Brazil","Minas Gerais","Tocos do Moji",-22.358205795,-46.1582863371239,4109,"BRA","BR",76,"BRL","3169059",NA,NA,"BRMG3169059",NA,"BRA.13.813_1"
"b22220a9",2023-02-04,1567,10,NA,NA,NA,NA,NA,NA,NA,NA,NA,NA,NA,NA,NA,NA,NA,NA,NA,NA,NA,NA,NA,NA,NA,NA,NA,NA,3,"Brazil","Minas Gerais","Tocos do Moji",-22.358205795,-46.1582863371239,4109,"BRA","BR",76,"BRL","3169059",NA,NA,"BRMG3169059",NA,"BRA.13.813_1"
"b22220a9",2023-02-05,1567,10,NA,NA,NA,NA,NA,NA,NA,NA,NA,NA,NA,NA,NA,NA,NA,NA,NA,NA,NA,NA,NA,NA,NA,NA,NA,NA,3,"Brazil","Minas Gerais","Tocos do Moji",-22.358205795,-46.1582863371239,4109,"BRA","BR",76,"BRL","3169059",NA,NA,"BRMG3169059",NA,"BRA.13.813_1"
"b22220a9",2023-02-06,1467,10,NA,NA,NA,NA,NA,NA,NA,NA,NA,NA,NA,NA,NA,NA,NA,NA,NA,NA,NA,NA,NA,NA,NA,NA,NA,NA,3,"Brazil","Minas Gerais","Tocos do Moji",-22.358205795,-46.1582863371239,4109,"BRA","BR",76,"BRL","3169059",NA,NA,"BRMG3169059",NA,"BRA.13.813_1"
"b22220a9",2023-02-07,1467,10,NA,NA,NA,NA,NA,NA,NA,NA,NA,NA,NA,NA,NA,NA,NA,NA,NA,NA,NA,NA,NA,NA,NA,NA,NA,NA,3,"Brazil","Minas Gerais","Tocos do Moji",-22.358205795,-46.1582863371239,4109,"BRA","BR",76,"BRL","3169059",NA,NA,"BRMG3169059",NA,"BRA.13.813_1"
"b22220a9",2023-02-08,1467,10,NA,NA,12953,3969,4001,NA,NA,NA,NA,NA,NA,NA,NA,NA,NA,NA,NA,NA,NA,NA,NA,NA,NA,NA,NA,NA,3,"Brazil","Minas Gerais","Tocos do Moji",-22.358205795,-46.1582863371239,4109,"BRA","BR",76,"BRL","3169059",NA,NA,"BRMG3169059",NA,"BRA.13.813_1"
"b22220a9",2023-02-09,1467,10,NA,NA,NA,NA,NA,NA,NA,NA,NA,NA,NA,NA,NA,NA,NA,NA,NA,NA,NA,NA,NA,NA,NA,NA,NA,NA,3,"Brazil","Minas Gerais","Tocos do Moji",-22.358205795,-46.1582863371239,4109,"BRA","BR",76,"BRL","3169059",NA,NA,"BRMG3169059",NA,"BRA.13.813_1"
"b22220a9",2023-02-10,1467,10,NA,NA,NA,NA,NA,NA,NA,NA,NA,NA,NA,NA,NA,NA,NA,NA,NA,NA,NA,NA,NA,NA,NA,NA,NA,NA,3,"Brazil","Minas Gerais","Tocos do Moji",-22.358205795,-46.1582863371239,4109,"BRA","BR",76,"BRL","3169059",NA,NA,"BRMG3169059",NA,"BRA.13.813_1"
"b22220a9",2023-02-11,1467,10,NA,NA,NA,NA,NA,NA,NA,NA,NA,NA,NA,NA,NA,NA,NA,NA,NA,NA,NA,NA,NA,NA,NA,NA,NA,NA,3,"Brazil","Minas Gerais","Tocos do Moji",-22.358205795,-46.1582863371239,4109,"BRA","BR",76,"BRL","3169059",NA,NA,"BRMG3169059",NA,"BRA.13.813_1"
"b22220a9",2023-02-12,1467,10,NA,NA,NA,NA,NA,NA,NA,NA,NA,NA,NA,NA,NA,NA,NA,NA,NA,NA,NA,NA,NA,NA,NA,NA,NA,NA,3,"Brazil","Minas Gerais","Tocos do Moji",-22.358205795,-46.1582863371239,4109,"BRA","BR",76,"BRL","3169059",NA,NA,"BRMG3169059",NA,"BRA.13.813_1"
"b22220a9",2023-02-13,1467,10,NA,NA,NA,NA,NA,NA,NA,NA,NA,NA,NA,NA,NA,NA,NA,NA,NA,NA,NA,NA,NA,NA,NA,NA,NA,NA,3,"Brazil","Minas Gerais","Tocos do Moji",-22.358205795,-46.1582863371239,4109,"BRA","BR",76,"BRL","3169059",NA,NA,"BRMG3169059",NA,"BRA.13.813_1"
"b22220a9",2023-02-14,1467,10,NA,NA,NA,NA,NA,NA,NA,NA,NA,NA,NA,NA,NA,NA,NA,NA,NA,NA,NA,NA,NA,NA,NA,NA,NA,NA,3,"Brazil","Minas Gerais","Tocos do Moji",-22.358205795,-46.1582863371239,4109,"BRA","BR",76,"BRL","3169059",NA,NA,"BRMG3169059",NA,"BRA.13.813_1"
"b22220a9",2023-02-15,1467,10,NA,NA,12954,3969,4001,NA,NA,NA,NA,NA,NA,NA,NA,NA,NA,NA,NA,NA,NA,NA,NA,NA,NA,NA,NA,NA,3,"Brazil","Minas Gerais","Tocos do Moji",-22.358205795,-46.1582863371239,4109,"BRA","BR",76,"BRL","3169059",NA,NA,"BRMG3169059",NA,"BRA.13.813_1"
"b22220a9",2023-02-16,1467,10,NA,NA,NA,NA,NA,NA,NA,NA,NA,NA,NA,NA,NA,NA,NA,NA,NA,NA,NA,NA,NA,NA,NA,NA,NA,NA,3,"Brazil","Minas Gerais","Tocos do Moji",-22.358205795,-46.1582863371239,4109,"BRA","BR",76,"BRL","3169059",NA,NA,"BRMG3169059",NA,"BRA.13.813_1"
"b22220a9",2023-02-17,1468,10,NA,NA,NA,NA,NA,NA,NA,NA,NA,NA,NA,NA,NA,NA,NA,NA,NA,NA,NA,NA,NA,NA,NA,NA,NA,NA,3,"Brazil","Minas Gerais","Tocos do Moji",-22.358205795,-46.1582863371239,4109,"BRA","BR",76,"BRL","3169059",NA,NA,"BRMG3169059",NA,"BRA.13.813_1"
"b22220a9",2023-02-18,1468,10,NA,NA,NA,NA,NA,NA,NA,NA,NA,NA,NA,NA,NA,NA,NA,NA,NA,NA,NA,NA,NA,NA,NA,NA,NA,NA,3,"Brazil","Minas Gerais","Tocos do Moji",-22.358205795,-46.1582863371239,4109,"BRA","BR",76,"BRL","3169059",NA,NA,"BRMG3169059",NA,"BRA.13.813_1"
"b22220a9",2023-02-19,1468,10,NA,NA,NA,NA,NA,NA,NA,NA,NA,NA,NA,NA,NA,NA,NA,NA,NA,NA,NA,NA,NA,NA,NA,NA,NA,NA,3,"Brazil","Minas Gerais","Tocos do Moji",-22.358205795,-46.1582863371239,4109,"BRA","BR",76,"BRL","3169059",NA,NA,"BRMG3169059",NA,"BRA.13.813_1"
"b22220a9",2023-02-20,1468,10,NA,NA,NA,NA,NA,NA,NA,NA,NA,NA,NA,NA,NA,NA,NA,NA,NA,NA,NA,NA,NA,NA,NA,NA,NA,NA,3,"Brazil","Minas Gerais","Tocos do Moji",-22.358205795,-46.1582863371239,4109,"BRA","BR",76,"BRL","3169059",NA,NA,"BRMG3169059",NA,"BRA.13.813_1"
"b22220a9",2023-02-21,1468,10,NA,NA,NA,NA,NA,NA,NA,NA,NA,NA,NA,NA,NA,NA,NA,NA,NA,NA,NA,NA,NA,NA,NA,NA,NA,NA,3,"Brazil","Minas Gerais","Tocos do Moji",-22.358205795,-46.1582863371239,4109,"BRA","BR",76,"BRL","3169059",NA,NA,"BRMG3169059",NA,"BRA.13.813_1"
"b22220a9",2023-02-22,1468,10,NA,NA,NA,NA,NA,NA,NA,NA,NA,NA,NA,NA,NA,NA,NA,NA,NA,NA,NA,NA,NA,NA,NA,NA,NA,NA,3,"Brazil","Minas Gerais","Tocos do Moji",-22.358205795,-46.1582863371239,4109,"BRA","BR",76,"BRL","3169059",NA,NA,"BRMG3169059",NA,"BRA.13.813_1"
"b22220a9",2023-02-23,1469,10,NA,NA,NA,NA,NA,NA,NA,NA,NA,NA,NA,NA,NA,NA,NA,NA,NA,NA,NA,NA,NA,NA,NA,NA,NA,NA,3,"Brazil","Minas Gerais","Tocos do Moji",-22.358205795,-46.1582863371239,4109,"BRA","BR",76,"BRL","3169059",NA,NA,"BRMG3169059",NA,"BRA.13.813_1"
"b22220a9",2023-02-24,1469,10,NA,NA,NA,NA,NA,NA,NA,NA,NA,NA,NA,NA,NA,NA,NA,NA,NA,NA,NA,NA,NA,NA,NA,NA,NA,NA,3,"Brazil","Minas Gerais","Tocos do Moji",-22.358205795,-46.1582863371239,4109,"BRA","BR",76,"BRL","3169059",NA,NA,"BRMG3169059",NA,"BRA.13.813_1"
"b22220a9",2023-02-25,1469,10,NA,NA,NA,NA,NA,NA,NA,NA,NA,NA,NA,NA,NA,NA,NA,NA,NA,NA,NA,NA,NA,NA,NA,NA,NA,NA,3,"Brazil","Minas Gerais","Tocos do Moji",-22.358205795,-46.1582863371239,4109,"BRA","BR",76,"BRL","3169059",NA,NA,"BRMG3169059",NA,"BRA.13.813_1"
"b22220a9",2023-02-26,1469,10,NA,NA,NA,NA,NA,NA,NA,NA,NA,NA,NA,NA,NA,NA,NA,NA,NA,NA,NA,NA,NA,NA,NA,NA,NA,NA,3,"Brazil","Minas Gerais","Tocos do Moji",-22.358205795,-46.1582863371239,4109,"BRA","BR",76,"BRL","3169059",NA,NA,"BRMG3169059",NA,"BRA.13.813_1"
"b22220a9",2023-02-27,1472,10,NA,NA,NA,NA,NA,NA,NA,NA,NA,NA,NA,NA,NA,NA,NA,NA,NA,NA,NA,NA,NA,NA,NA,NA,NA,NA,3,"Brazil","Minas Gerais","Tocos do Moji",-22.358205795,-46.1582863371239,4109,"BRA","BR",76,"BRL","3169059",NA,NA,"BRMG3169059",NA,"BRA.13.813_1"
"b22220a9",2023-02-28,1472,10,NA,NA,12964,3979,4001,NA,NA,NA,NA,NA,NA,NA,NA,NA,NA,NA,NA,NA,NA,NA,NA,NA,NA,NA,NA,NA,3,"Brazil","Minas Gerais","Tocos do Moji",-22.358205795,-46.1582863371239,4109,"BRA","BR",76,"BRL","3169059",NA,NA,"BRMG3169059",NA,"BRA.13.813_1"
"b22220a9",2023-03-01,1473,10,NA,NA,NA,NA,NA,NA,NA,NA,NA,NA,NA,NA,NA,NA,NA,NA,NA,NA,NA,NA,NA,NA,NA,NA,NA,NA,3,"Brazil","Minas Gerais","Tocos do Moji",-22.358205795,-46.1582863371239,4109,"BRA","BR",76,"BRL","3169059",NA,NA,"BRMG3169059",NA,"BRA.13.813_1"
"b22220a9",2023-03-02,1474,10,NA,NA,NA,NA,NA,NA,NA,NA,NA,NA,NA,NA,NA,NA,NA,NA,NA,NA,NA,NA,NA,NA,NA,NA,NA,NA,3,"Brazil","Minas Gerais","Tocos do Moji",-22.358205795,-46.1582863371239,4109,"BRA","BR",76,"BRL","3169059",NA,NA,"BRMG3169059",NA,"BRA.13.813_1"
"b22220a9",2023-03-03,1474,10,NA,NA,NA,NA,NA,NA,NA,NA,NA,NA,NA,NA,NA,NA,NA,NA,NA,NA,NA,NA,NA,NA,NA,NA,NA,NA,3,"Brazil","Minas Gerais","Tocos do Moji",-22.358205795,-46.1582863371239,4109,"BRA","BR",76,"BRL","3169059",NA,NA,"BRMG3169059",NA,"BRA.13.813_1"
"b22220a9",2023-03-04,1474,10,NA,NA,NA,NA,NA,NA,NA,NA,NA,NA,NA,NA,NA,NA,NA,NA,NA,NA,NA,NA,NA,NA,NA,NA,NA,NA,3,"Brazil","Minas Gerais","Tocos do Moji",-22.358205795,-46.1582863371239,4109,"BRA","BR",76,"BRL","3169059",NA,NA,"BRMG3169059",NA,"BRA.13.813_1"
"b22220a9",2023-03-05,1474,10,NA,NA,NA,NA,NA,NA,NA,NA,NA,NA,NA,NA,NA,NA,NA,NA,NA,NA,NA,NA,NA,NA,NA,NA,NA,NA,3,"Brazil","Minas Gerais","Tocos do Moji",-22.358205795,-46.1582863371239,4109,"BRA","BR",76,"BRL","3169059",NA,NA,"BRMG3169059",NA,"BRA.13.813_1"
"b22220a9",2023-03-06,1474,10,NA,NA,NA,NA,NA,NA,NA,NA,NA,NA,NA,NA,NA,NA,NA,NA,NA,NA,NA,NA,NA,NA,NA,NA,NA,NA,3,"Brazil","Minas Gerais","Tocos do Moji",-22.358205795,-46.1582863371239,4109,"BRA","BR",76,"BRL","3169059",NA,NA,"BRMG3169059",NA,"BRA.13.813_1"
"b22220a9",2023-03-07,1474,10,NA,NA,NA,NA,NA,NA,NA,NA,NA,NA,NA,NA,NA,NA,NA,NA,NA,NA,NA,NA,NA,NA,NA,NA,NA,NA,3,"Brazil","Minas Gerais","Tocos do Moji",-22.358205795,-46.1582863371239,4109,"BRA","BR",76,"BRL","3169059",NA,NA,"BRMG3169059",NA,"BRA.13.813_1"
"b22220a9",2023-03-08,1474,10,NA,NA,13038,3979,4001,NA,NA,NA,NA,NA,NA,NA,NA,NA,NA,NA,NA,NA,NA,NA,NA,NA,NA,NA,NA,NA,3,"Brazil","Minas Gerais","Tocos do Moji",-22.358205795,-46.1582863371239,4109,"BRA","BR",76,"BRL","3169059",NA,NA,"BRMG3169059",NA,"BRA.13.813_1"
"b22220a9",2023-03-09,1474,10,NA,NA,NA,NA,NA,NA,NA,NA,NA,NA,NA,NA,NA,NA,NA,NA,NA,NA,NA,NA,NA,NA,NA,NA,NA,NA,3,"Brazil","Minas Gerais","Tocos do Moji",-22.358205795,-46.1582863371239,4109,"BRA","BR",76,"BRL","3169059",NA,NA,"BRMG3169059",NA,"BRA.13.813_1"
"b22220a9",2023-03-10,1474,10,NA,NA,13039,3979,4001,NA,NA,NA,NA,NA,NA,NA,NA,NA,NA,NA,NA,NA,NA,NA,NA,NA,NA,NA,NA,NA,3,"Brazil","Minas Gerais","Tocos do Moji",-22.358205795,-46.1582863371239,4109,"BRA","BR",76,"BRL","3169059",NA,NA,"BRMG3169059",NA,"BRA.13.813_1"
"b22220a9",2023-03-11,1479,10,NA,NA,NA,NA,NA,NA,NA,NA,NA,NA,NA,NA,NA,NA,NA,NA,NA,NA,NA,NA,NA,NA,NA,NA,NA,NA,3,"Brazil","Minas Gerais","Tocos do Moji",-22.358205795,-46.1582863371239,4109,"BRA","BR",76,"BRL","3169059",NA,NA,"BRMG3169059",NA,"BRA.13.813_1"
"b22220a9",2023-03-12,1479,10,NA,NA,NA,NA,NA,NA,NA,NA,NA,NA,NA,NA,NA,NA,NA,NA,NA,NA,NA,NA,NA,NA,NA,NA,NA,NA,3,"Brazil","Minas Gerais","Tocos do Moji",-22.358205795,-46.1582863371239,4109,"BRA","BR",76,"BRL","3169059",NA,NA,"BRMG3169059",NA,"BRA.13.813_1"
"b22220a9",2023-03-13,1479,10,NA,NA,13079,3979,4001,NA,NA,NA,NA,NA,NA,NA,NA,NA,NA,NA,NA,NA,NA,NA,NA,NA,NA,NA,NA,NA,3,"Brazil","Minas Gerais","Tocos do Moji",-22.358205795,-46.1582863371239,4109,"BRA","BR",76,"BRL","3169059",NA,NA,"BRMG3169059",NA,"BRA.13.813_1"
"b22220a9",2023-03-14,1479,10,NA,NA,NA,NA,NA,NA,NA,NA,NA,NA,NA,NA,NA,NA,NA,NA,NA,NA,NA,NA,NA,NA,NA,NA,NA,NA,3,"Brazil","Minas Gerais","Tocos do Moji",-22.358205795,-46.1582863371239,4109,"BRA","BR",76,"BRL","3169059",NA,NA,"BRMG3169059",NA,"BRA.13.813_1"
"b22220a9",2023-03-15,1479,10,NA,NA,13085,3979,4001,NA,NA,NA,NA,NA,NA,NA,NA,NA,NA,NA,NA,NA,NA,NA,NA,NA,NA,NA,NA,NA,3,"Brazil","Minas Gerais","Tocos do Moji",-22.358205795,-46.1582863371239,4109,"BRA","BR",76,"BRL","3169059",NA,NA,"BRMG3169059",NA,"BRA.13.813_1"
"b22220a9",2023-03-16,1479,10,NA,NA,NA,NA,NA,NA,NA,NA,NA,NA,NA,NA,NA,NA,NA,NA,NA,NA,NA,NA,NA,NA,NA,NA,NA,NA,3,"Brazil","Minas Gerais","Tocos do Moji",-22.358205795,-46.1582863371239,4109,"BRA","BR",76,"BRL","3169059",NA,NA,"BRMG3169059",NA,"BRA.13.813_1"
"b22220a9",2023-03-17,1479,10,NA,NA,NA,NA,NA,NA,NA,NA,NA,NA,NA,NA,NA,NA,NA,NA,NA,NA,NA,NA,NA,NA,NA,NA,NA,NA,3,"Brazil","Minas Gerais","Tocos do Moji",-22.358205795,-46.1582863371239,4109,"BRA","BR",76,"BRL","3169059",NA,NA,"BRMG3169059",NA,"BRA.13.813_1"
"b22220a9",2023-03-18,1479,10,NA,NA,NA,NA,NA,NA,NA,NA,NA,NA,NA,NA,NA,NA,NA,NA,NA,NA,NA,NA,NA,NA,NA,NA,NA,NA,3,"Brazil","Minas Gerais","Tocos do Moji",-22.358205795,-46.1582863371239,4109,"BRA","BR",76,"BRL","3169059",NA,NA,"BRMG3169059",NA,"BRA.13.813_1"
"b22220a9",2023-03-20,NA,NA,NA,NA,13089,3979,4002,NA,NA,NA,NA,NA,NA,NA,NA,NA,NA,NA,NA,NA,NA,NA,NA,NA,NA,NA,NA,NA,3,"Brazil","Minas Gerais","Tocos do Moji",-22.358205795,-46.1582863371239,4109,"BRA","BR",76,"BRL","3169059",NA,NA,"BRMG3169059",NA,"BRA.13.813_1"
"b22220a9",2023-03-21,NA,NA,NA,NA,13096,3979,4002,NA,NA,NA,NA,NA,NA,NA,NA,NA,NA,NA,NA,NA,NA,NA,NA,NA,NA,NA,NA,NA,3,"Brazil","Minas Gerais","Tocos do Moji",-22.358205795,-46.1582863371239,4109,"BRA","BR",76,"BRL","3169059",NA,NA,"BRMG3169059",NA,"BRA.13.813_1"
"b22220a9",2023-03-22,NA,NA,NA,NA,13181,3979,4002,NA,NA,NA,NA,NA,NA,NA,NA,NA,NA,NA,NA,NA,NA,NA,NA,NA,NA,NA,NA,NA,3,"Brazil","Minas Gerais","Tocos do Moji",-22.358205795,-46.1582863371239,4109,"BRA","BR",76,"BRL","3169059",NA,NA,"BRMG3169059",NA,"BRA.13.813_1"
"b22220a9",2023-03-23,NA,NA,NA,NA,13276,3979,4002,NA,NA,NA,NA,NA,NA,NA,NA,NA,NA,NA,NA,NA,NA,NA,NA,NA,NA,NA,NA,NA,3,"Brazil","Minas Gerais","Tocos do Moji",-22.358205795,-46.1582863371239,4109,"BRA","BR",76,"BRL","3169059",NA,NA,"BRMG3169059",NA,"BRA.13.813_1"
"b22220a9",2023-03-27,NA,NA,NA,NA,13281,3979,4002,NA,NA,NA,NA,NA,NA,NA,NA,NA,NA,NA,NA,NA,NA,NA,NA,NA,NA,NA,NA,NA,3,"Brazil","Minas Gerais","Tocos do Moji",-22.358205795,-46.1582863371239,4109,"BRA","BR",76,"BRL","3169059",NA,NA,"BRMG3169059",NA,"BRA.13.813_1"
"b22220a9",2023-03-28,NA,NA,NA,NA,13299,3989,4010,NA,NA,NA,NA,NA,NA,NA,NA,NA,NA,NA,NA,NA,NA,NA,NA,NA,NA,NA,NA,NA,3,"Brazil","Minas Gerais","Tocos do Moji",-22.358205795,-46.1582863371239,4109,"BRA","BR",76,"BRL","3169059",NA,NA,"BRMG3169059",NA,"BRA.13.813_1"
"b22220a9",2023-03-29,NA,NA,NA,NA,13318,3989,4010,NA,NA,NA,NA,NA,NA,NA,NA,NA,NA,NA,NA,NA,NA,NA,NA,NA,NA,NA,NA,NA,3,"Brazil","Minas Gerais","Tocos do Moji",-22.358205795,-46.1582863371239,4109,"BRA","BR",76,"BRL","3169059",NA,NA,"BRMG3169059",NA,"BRA.13.813_1"
"b22220a9",2023-03-30,NA,NA,NA,NA,13332,3989,4010,NA,NA,NA,NA,NA,NA,NA,NA,NA,NA,NA,NA,NA,NA,NA,NA,NA,NA,NA,NA,NA,3,"Brazil","Minas Gerais","Tocos do Moji",-22.358205795,-46.1582863371239,4109,"BRA","BR",76,"BRL","3169059",NA,NA,"BRMG3169059",NA,"BRA.13.813_1"
"b22220a9",2023-04-04,NA,NA,NA,NA,13346,3989,4010,NA,NA,NA,NA,NA,NA,NA,NA,NA,NA,NA,NA,NA,NA,NA,NA,NA,NA,NA,NA,NA,3,"Brazil","Minas Gerais","Tocos do Moji",-22.358205795,-46.1582863371239,4109,"BRA","BR",76,"BRL","3169059",NA,NA,"BRMG3169059",NA,"BRA.13.813_1"
"b22220a9",2023-04-05,NA,NA,NA,NA,13446,3989,4010,NA,NA,NA,NA,NA,NA,NA,NA,NA,NA,NA,NA,NA,NA,NA,NA,NA,NA,NA,NA,NA,3,"Brazil","Minas Gerais","Tocos do Moji",-22.358205795,-46.1582863371239,4109,"BRA","BR",76,"BRL","3169059",NA,NA,"BRMG3169059",NA,"BRA.13.813_1"
"b22220a9",2023-04-12,NA,NA,NA,NA,13582,3989,4010,NA,NA,NA,NA,NA,NA,NA,NA,NA,NA,NA,NA,NA,NA,NA,NA,NA,NA,NA,NA,NA,3,"Brazil","Minas Gerais","Tocos do Moji",-22.358205795,-46.1582863371239,4109,"BRA","BR",76,"BRL","3169059",NA,NA,"BRMG3169059",NA,"BRA.13.813_1"
"b22220a9",2023-04-25,NA,NA,NA,NA,13592,3989,4020,NA,NA,NA,NA,NA,NA,NA,NA,NA,NA,NA,NA,NA,NA,NA,NA,NA,NA,NA,NA,NA,3,"Brazil","Minas Gerais","Tocos do Moji",-22.358205795,-46.1582863371239,4109,"BRA","BR",76,"BRL","3169059",NA,NA,"BRMG3169059",NA,"BRA.13.813_1"
"b22220a9",2023-05-09,NA,NA,NA,NA,13600,3989,4027,NA,NA,NA,NA,NA,NA,NA,NA,NA,NA,NA,NA,NA,NA,NA,NA,NA,NA,NA,NA,NA,3,"Brazil","Minas Gerais","Tocos do Moji",-22.358205795,-46.1582863371239,4109,"BRA","BR",76,"BRL","3169059",NA,NA,"BRMG3169059",NA,"BRA.13.813_1"
"b22220a9",2023-05-10,NA,NA,NA,NA,13719,3989,4027,NA,NA,NA,NA,NA,NA,NA,NA,NA,NA,NA,NA,NA,NA,NA,NA,NA,NA,NA,NA,NA,3,"Brazil","Minas Gerais","Tocos do Moji",-22.358205795,-46.1582863371239,4109,"BRA","BR",76,"BRL","3169059",NA,NA,"BRMG3169059",NA,"BRA.13.813_1"
"b22220a9",2023-05-16,NA,NA,NA,NA,13730,3989,4038,NA,NA,NA,NA,NA,NA,NA,NA,NA,NA,NA,NA,NA,NA,NA,NA,NA,NA,NA,NA,NA,3,"Brazil","Minas Gerais","Tocos do Moji",-22.358205795,-46.1582863371239,4109,"BRA","BR",76,"BRL","3169059",NA,NA,"BRMG3169059",NA,"BRA.13.813_1"
"b22220a9",2023-05-17,NA,NA,NA,NA,13789,3989,4039,NA,NA,NA,NA,NA,NA,NA,NA,NA,NA,NA,NA,NA,NA,NA,NA,NA,NA,NA,NA,NA,3,"Brazil","Minas Gerais","Tocos do Moji",-22.358205795,-46.1582863371239,4109,"BRA","BR",76,"BRL","3169059",NA,NA,"BRMG3169059",NA,"BRA.13.813_1"
"b22220a9",2023-05-18,NA,NA,NA,NA,13837,4035,4040,NA,NA,NA,NA,NA,NA,NA,NA,NA,NA,NA,NA,NA,NA,NA,NA,NA,NA,NA,NA,NA,3,"Brazil","Minas Gerais","Tocos do Moji",-22.358205795,-46.1582863371239,4109,"BRA","BR",76,"BRL","3169059",NA,NA,"BRMG3169059",NA,"BRA.13.813_1"
"b22220a9",2023-05-22,NA,NA,NA,NA,13838,4035,4040,NA,NA,NA,NA,NA,NA,NA,NA,NA,NA,NA,NA,NA,NA,NA,NA,NA,NA,NA,NA,NA,3,"Brazil","Minas Gerais","Tocos do Moji",-22.358205795,-46.1582863371239,4109,"BRA","BR",76,"BRL","3169059",NA,NA,"BRMG3169059",NA,"BRA.13.813_1"
"b22220a9",2023-05-23,NA,NA,NA,NA,13855,4035,4050,NA,NA,NA,NA,NA,NA,NA,NA,NA,NA,NA,NA,NA,NA,NA,NA,NA,NA,NA,NA,NA,3,"Brazil","Minas Gerais","Tocos do Moji",-22.358205795,-46.1582863371239,4109,"BRA","BR",76,"BRL","3169059",NA,NA,"BRMG3169059",NA,"BRA.13.813_1"
"b22220a9",2023-05-24,NA,NA,NA,NA,13898,4035,4050,NA,NA,NA,NA,NA,NA,NA,NA,NA,NA,NA,NA,NA,NA,NA,NA,NA,NA,NA,NA,NA,3,"Brazil","Minas Gerais","Tocos do Moji",-22.358205795,-46.1582863371239,4109,"BRA","BR",76,"BRL","3169059",NA,NA,"BRMG3169059",NA,"BRA.13.813_1"
"b22220a9",2023-05-30,NA,NA,NA,NA,13905,4035,4057,NA,NA,NA,NA,NA,NA,NA,NA,NA,NA,NA,NA,NA,NA,NA,NA,NA,NA,NA,NA,NA,3,"Brazil","Minas Gerais","Tocos do Moji",-22.358205795,-46.1582863371239,4109,"BRA","BR",76,"BRL","3169059",NA,NA,"BRMG3169059",NA,"BRA.13.813_1"
"b22220a9",2023-05-31,NA,NA,NA,NA,13927,4035,4057,NA,NA,NA,NA,NA,NA,NA,NA,NA,NA,NA,NA,NA,NA,NA,NA,NA,NA,NA,NA,NA,3,"Brazil","Minas Gerais","Tocos do Moji",-22.358205795,-46.1582863371239,4109,"BRA","BR",76,"BRL","3169059",NA,NA,"BRMG3169059",NA,"BRA.13.813_1"
"b22220a9",2023-06-06,NA,NA,NA,NA,13946,4035,4064,NA,NA,NA,NA,NA,NA,NA,NA,NA,NA,NA,NA,NA,NA,NA,NA,NA,NA,NA,NA,NA,3,"Brazil","Minas Gerais","Tocos do Moji",-22.358205795,-46.1582863371239,4109,"BRA","BR",76,"BRL","3169059",NA,NA,"BRMG3169059",NA,"BRA.13.813_1"
"b22220a9",2023-06-13,NA,NA,NA,NA,13963,4035,4067,NA,NA,NA,NA,NA,NA,NA,NA,NA,NA,NA,NA,NA,NA,NA,NA,NA,NA,NA,NA,NA,3,"Brazil","Minas Gerais","Tocos do Moji",-22.358205795,-46.1582863371239,4109,"BRA","BR",76,"BRL","3169059",NA,NA,"BRMG3169059",NA,"BRA.13.813_1"
"b22220a9",2023-06-15,NA,NA,NA,NA,13997,4041,4095,NA,NA,NA,NA,NA,NA,NA,NA,NA,NA,NA,NA,NA,NA,NA,NA,NA,NA,NA,NA,NA,3,"Brazil","Minas Gerais","Tocos do Moji",-22.358205795,-46.1582863371239,4109,"BRA","BR",76,"BRL","3169059",NA,NA,"BRMG3169059",NA,"BRA.13.813_1"
"b22220a9",2023-06-20,NA,NA,NA,NA,14012,4041,4105,NA,NA,NA,NA,NA,NA,NA,NA,NA,NA,NA,NA,NA,NA,NA,NA,NA,NA,NA,NA,NA,3,"Brazil","Minas Gerais","Tocos do Moji",-22.358205795,-46.1582863371239,4109,"BRA","BR",76,"BRL","3169059",NA,NA,"BRMG3169059",NA,"BRA.13.813_1"
"b22220a9",2023-06-21,NA,NA,NA,NA,14016,4041,4105,NA,NA,NA,NA,NA,NA,NA,NA,NA,NA,NA,NA,NA,NA,NA,NA,NA,NA,NA,NA,NA,3,"Brazil","Minas Gerais","Tocos do Moji",-22.358205795,-46.1582863371239,4109,"BRA","BR",76,"BRL","3169059",NA,NA,"BRMG3169059",NA,"BRA.13.813_1"
"b22220a9",2023-06-27,NA,NA,NA,NA,14020,4041,4108,NA,NA,NA,NA,NA,NA,NA,NA,NA,NA,NA,NA,NA,NA,NA,NA,NA,NA,NA,NA,NA,3,"Brazil","Minas Gerais","Tocos do Moji",-22.358205795,-46.1582863371239,4109,"BRA","BR",76,"BRL","3169059",NA,NA,"BRMG3169059",NA,"BRA.13.813_1"
"b22220a9",2023-06-28,NA,NA,NA,NA,14025,4041,4108,NA,NA,NA,NA,NA,NA,NA,NA,NA,NA,NA,NA,NA,NA,NA,NA,NA,NA,NA,NA,NA,3,"Brazil","Minas Gerais","Tocos do Moji",-22.358205795,-46.1582863371239,4109,"BRA","BR",76,"BRL","3169059",NA,NA,"BRMG3169059",NA,"BRA.13.813_1"
"b22220a9",2023-07-04,NA,NA,NA,NA,14028,4041,4108,NA,NA,NA,NA,NA,NA,NA,NA,NA,NA,NA,NA,NA,NA,NA,NA,NA,NA,NA,NA,NA,3,"Brazil","Minas Gerais","Tocos do Moji",-22.358205795,-46.1582863371239,4109,"BRA","BR",76,"BRL","3169059",NA,NA,"BRMG3169059",NA,"BRA.13.813_1"
"b22220a9",2023-07-05,NA,NA,NA,NA,14030,4041,4109,NA,NA,NA,NA,NA,NA,NA,NA,NA,NA,NA,NA,NA,NA,NA,NA,NA,NA,NA,NA,NA,3,"Brazil","Minas Gerais","Tocos do Moji",-22.358205795,-46.1582863371239,4109,"BRA","BR",76,"BRL","3169059",NA,NA,"BRMG3169059",NA,"BRA.13.813_1"
"b22220a9",2023-07-07,NA,NA,NA,NA,14031,4041,4109,NA,NA,NA,NA,NA,NA,NA,NA,NA,NA,NA,NA,NA,NA,NA,NA,NA,NA,NA,NA,NA,3,"Brazil","Minas Gerais","Tocos do Moji",-22.358205795,-46.1582863371239,4109,"BRA","BR",76,"BRL","3169059",NA,NA,"BRMG3169059",NA,"BRA.13.813_1"
"b22220a9",2023-07-11,NA,NA,NA,NA,14044,4042,4112,NA,NA,NA,NA,NA,NA,NA,NA,NA,NA,NA,NA,NA,NA,NA,NA,NA,NA,NA,NA,NA,3,"Brazil","Minas Gerais","Tocos do Moji",-22.358205795,-46.1582863371239,4109,"BRA","BR",76,"BRL","3169059",NA,NA,"BRMG3169059",NA,"BRA.13.813_1"
"b22220a9",2023-07-18,NA,NA,NA,NA,14051,4042,4117,NA,NA,NA,NA,NA,NA,NA,NA,NA,NA,NA,NA,NA,NA,NA,NA,NA,NA,NA,NA,NA,3,"Brazil","Minas Gerais","Tocos do Moji",-22.358205795,-46.1582863371239,4109,"BRA","BR",76,"BRL","3169059",NA,NA,"BRMG3169059",NA,"BRA.13.813_1"
"b22220a9",2023-07-25,NA,NA,NA,NA,14054,4042,4119,NA,NA,NA,NA,NA,NA,NA,NA,NA,NA,NA,NA,NA,NA,NA,NA,NA,NA,NA,NA,NA,3,"Brazil","Minas Gerais","Tocos do Moji",-22.358205795,-46.1582863371239,4109,"BRA","BR",76,"BRL","3169059",NA,NA,"BRMG3169059",NA,"BRA.13.813_1"
"b22220a9",2023-07-27,NA,NA,NA,NA,14059,4042,4119,NA,NA,NA,NA,NA,NA,NA,NA,NA,NA,NA,NA,NA,NA,NA,NA,NA,NA,NA,NA,NA,3,"Brazil","Minas Gerais","Tocos do Moji",-22.358205795,-46.1582863371239,4109,"BRA","BR",76,"BRL","3169059",NA,NA,"BRMG3169059",NA,"BRA.13.813_1"
"b22220a9",2023-08-08,NA,NA,NA,NA,14060,4042,4120,NA,NA,NA,NA,NA,NA,NA,NA,NA,NA,NA,NA,NA,NA,NA,NA,NA,NA,NA,NA,NA,3,"Brazil","Minas Gerais","Tocos do Moji",-22.358205795,-46.1582863371239,4109,"BRA","BR",76,"BRL","3169059",NA,NA,"BRMG3169059",NA,"BRA.13.813_1"
"b22220a9",2023-08-11,NA,NA,NA,NA,14087,4042,4123,NA,NA,NA,NA,NA,NA,NA,NA,NA,NA,NA,NA,NA,NA,NA,NA,NA,NA,NA,NA,NA,3,"Brazil","Minas Gerais","Tocos do Moji",-22.358205795,-46.1582863371239,4109,"BRA","BR",76,"BRL","3169059",NA,NA,"BRMG3169059",NA,"BRA.13.813_1"
"b22220a9",2023-08-15,NA,NA,NA,NA,14092,4042,4123,NA,NA,NA,NA,NA,NA,NA,NA,NA,NA,NA,NA,NA,NA,NA,NA,NA,NA,NA,NA,NA,3,"Brazil","Minas Gerais","Tocos do Moji",-22.358205795,-46.1582863371239,4109,"BRA","BR",76,"BRL","3169059",NA,NA,"BRMG3169059",NA,"BRA.13.813_1"
"b22220a9",2023-08-16,NA,NA,NA,NA,14094,4042,4123,NA,NA,NA,NA,NA,NA,NA,NA,NA,NA,NA,NA,NA,NA,NA,NA,NA,NA,NA,NA,NA,3,"Brazil","Minas Gerais","Tocos do Moji",-22.358205795,-46.1582863371239,4109,"BRA","BR",76,"BRL","3169059",NA,NA,"BRMG3169059",NA,"BRA.13.813_1"
"b22220a9",2023-08-22,NA,NA,NA,NA,14098,4043,4125,NA,NA,NA,NA,NA,NA,NA,NA,NA,NA,NA,NA,NA,NA,NA,NA,NA,NA,NA,NA,NA,3,"Brazil","Minas Gerais","Tocos do Moji",-22.358205795,-46.1582863371239,4109,"BRA","BR",76,"BRL","3169059",NA,NA,"BRMG3169059",NA,"BRA.13.813_1"
"b22220a9",2023-08-23,NA,NA,NA,NA,14099,4043,4125,NA,NA,NA,NA,NA,NA,NA,NA,NA,NA,NA,NA,NA,NA,NA,NA,NA,NA,NA,NA,NA,3,"Brazil","Minas Gerais","Tocos do Moji",-22.358205795,-46.1582863371239,4109,"BRA","BR",76,"BRL","3169059",NA,NA,"BRMG3169059",NA,"BRA.13.813_1"
"b22220a9",2023-08-30,NA,NA,NA,NA,14100,4043,4125,NA,NA,NA,NA,NA,NA,NA,NA,NA,NA,NA,NA,NA,NA,NA,NA,NA,NA,NA,NA,NA,3,"Brazil","Minas Gerais","Tocos do Moji",-22.358205795,-46.1582863371239,4109,"BRA","BR",76,"BRL","3169059",NA,NA,"BRMG3169059",NA,"BRA.13.813_1"
"b22220a9",2023-09-05,NA,NA,NA,NA,14102,4043,4125,NA,NA,NA,NA,NA,NA,NA,NA,NA,NA,NA,NA,NA,NA,NA,NA,NA,NA,NA,NA,NA,3,"Brazil","Minas Gerais","Tocos do Moji",-22.358205795,-46.1582863371239,4109,"BRA","BR",76,"BRL","3169059",NA,NA,"BRMG3169059",NA,"BRA.13.813_1"
"b22220a9",2023-09-12,NA,NA,NA,NA,14105,4043,4125,NA,NA,NA,NA,NA,NA,NA,NA,NA,NA,NA,NA,NA,NA,NA,NA,NA,NA,NA,NA,NA,3,"Brazil","Minas Gerais","Tocos do Moji",-22.358205795,-46.1582863371239,4109,"BRA","BR",76,"BRL","3169059",NA,NA,"BRMG3169059",NA,"BRA.13.813_1"
"b22220a9",2023-09-13,NA,NA,NA,NA,14106,4043,4125,NA,NA,NA,NA,NA,NA,NA,NA,NA,NA,NA,NA,NA,NA,NA,NA,NA,NA,NA,NA,NA,3,"Brazil","Minas Gerais","Tocos do Moji",-22.358205795,-46.1582863371239,4109,"BRA","BR",76,"BRL","3169059",NA,NA,"BRMG3169059",NA,"BRA.13.813_1"
"b22220a9",2023-09-19,NA,NA,NA,NA,14108,4043,4125,NA,NA,NA,NA,NA,NA,NA,NA,NA,NA,NA,NA,NA,NA,NA,NA,NA,NA,NA,NA,NA,3,"Brazil","Minas Gerais","Tocos do Moji",-22.358205795,-46.1582863371239,4109,"BRA","BR",76,"BRL","3169059",NA,NA,"BRMG3169059",NA,"BRA.13.813_1"
"b22220a9",2023-09-20,NA,NA,NA,NA,14111,4043,4125,NA,NA,NA,NA,NA,NA,NA,NA,NA,NA,NA,NA,NA,NA,NA,NA,NA,NA,NA,NA,NA,3,"Brazil","Minas Gerais","Tocos do Moji",-22.358205795,-46.1582863371239,4109,"BRA","BR",76,"BRL","3169059",NA,NA,"BRMG3169059",NA,"BRA.13.813_1"
"b22220a9",2023-09-26,NA,NA,NA,NA,14112,4043,4126,NA,NA,NA,NA,NA,NA,NA,NA,NA,NA,NA,NA,NA,NA,NA,NA,NA,NA,NA,NA,NA,3,"Brazil","Minas Gerais","Tocos do Moji",-22.358205795,-46.1582863371239,4109,"BRA","BR",76,"BRL","3169059",NA,NA,"BRMG3169059",NA,"BRA.13.813_1"
