"id","date","confirmed","deaths","recovered","tests","vaccines","people_vaccinated","people_fully_vaccinated","hosp","icu","vent","school_closing","workplace_closing","cancel_events","gatherings_restrictions","transport_closing","stay_home_restrictions","internal_movement_restrictions","international_movement_restrictions","information_campaigns","testing_policy","contact_tracing","facial_coverings","vaccination_policy","elderly_people_protection","government_response_index","stringency_index","containment_health_index","economic_support_index","administrative_area_level","administrative_area_level_1","administrative_area_level_2","administrative_area_level_3","latitude","longitude","population","iso_alpha_3","iso_alpha_2","iso_numeric","iso_currency","key_local","key_google_mobility","key_apple_mobility","key_jhu_csse","key_nuts","key_gadm"
"3dd70479",2020-06-08,0,0,NA,NA,NA,NA,NA,NA,NA,NA,3,-3,2,3,1,-2,2,4,2,2,0,-4,0,-2,-71.09,-84.26,-68.75,-87.5,3,"Brazil","Bahia","Novo Horizonte",-12.870258805,-42.1216713129772,12522,"BRA","BR",76,"BRL","2923035",NA,NA,"BRBA2923035",NA,"BRA.5.282_1"
"3dd70479",2020-06-09,0,0,NA,NA,NA,NA,NA,NA,NA,NA,3,-3,2,3,1,-2,2,4,2,2,0,-4,0,-2,-71.09,-84.26,-68.75,-87.5,3,"Brazil","Bahia","Novo Horizonte",-12.870258805,-42.1216713129772,12522,"BRA","BR",76,"BRL","2923035",NA,NA,"BRBA2923035",NA,"BRA.5.282_1"
"3dd70479",2020-06-10,0,0,NA,NA,NA,NA,NA,NA,NA,NA,3,-3,2,3,1,-2,2,4,2,2,0,-4,0,-2,-71.09,-84.26,-68.75,-87.5,3,"Brazil","Bahia","Novo Horizonte",-12.870258805,-42.1216713129772,12522,"BRA","BR",76,"BRL","2923035",NA,NA,"BRBA2923035",NA,"BRA.5.282_1"
"3dd70479",2020-06-11,0,0,NA,NA,NA,NA,NA,NA,NA,NA,3,-3,2,3,1,-2,2,4,2,2,0,-4,0,-2,-71.09,-84.26,-68.75,-87.5,3,"Brazil","Bahia","Novo Horizonte",-12.870258805,-42.1216713129772,12522,"BRA","BR",76,"BRL","2923035",NA,NA,"BRBA2923035",NA,"BRA.5.282_1"
"3dd70479",2020-06-12,0,0,NA,NA,NA,NA,NA,NA,NA,NA,3,-3,2,3,1,-2,2,4,2,2,0,-4,0,-2,-71.09,-84.26,-68.75,-87.5,3,"Brazil","Bahia","Novo Horizonte",-12.870258805,-42.1216713129772,12522,"BRA","BR",76,"BRL","2923035",NA,NA,"BRBA2923035",NA,"BRA.5.282_1"
"3dd70479",2020-06-13,0,0,NA,NA,NA,NA,NA,NA,NA,NA,3,-3,2,3,1,-2,2,4,2,2,0,-4,0,-2,-71.09,-84.26,-68.75,-87.5,3,"Brazil","Bahia","Novo Horizonte",-12.870258805,-42.1216713129772,12522,"BRA","BR",76,"BRL","2923035",NA,NA,"BRBA2923035",NA,"BRA.5.282_1"
"3dd70479",2020-06-14,0,0,NA,NA,NA,NA,NA,NA,NA,NA,3,-3,2,3,1,-2,2,4,2,2,0,-4,0,-2,-71.09,-84.26,-68.75,-87.5,3,"Brazil","Bahia","Novo Horizonte",-12.870258805,-42.1216713129772,12522,"BRA","BR",76,"BRL","2923035",NA,NA,"BRBA2923035",NA,"BRA.5.282_1"
"3dd70479",2020-06-15,0,0,NA,NA,NA,NA,NA,NA,NA,NA,3,-3,2,3,1,-2,2,4,2,2,0,-4,0,-2,-71.09,-84.26,-68.75,-87.5,3,"Brazil","Bahia","Novo Horizonte",-12.870258805,-42.1216713129772,12522,"BRA","BR",76,"BRL","2923035",NA,NA,"BRBA2923035",NA,"BRA.5.282_1"
"3dd70479",2020-06-16,0,0,NA,NA,NA,NA,NA,NA,NA,NA,3,-3,2,3,1,-2,2,4,2,2,0,-4,0,-2,-71.09,-84.26,-68.75,-87.5,3,"Brazil","Bahia","Novo Horizonte",-12.870258805,-42.1216713129772,12522,"BRA","BR",76,"BRL","2923035",NA,NA,"BRBA2923035",NA,"BRA.5.282_1"
"3dd70479",2020-06-17,0,0,NA,NA,NA,NA,NA,NA,NA,NA,3,-3,2,3,1,-2,2,4,2,2,0,-4,0,-2,-71.09,-84.26,-68.75,-87.5,3,"Brazil","Bahia","Novo Horizonte",-12.870258805,-42.1216713129772,12522,"BRA","BR",76,"BRL","2923035",NA,NA,"BRBA2923035",NA,"BRA.5.282_1"
"3dd70479",2020-06-18,0,0,NA,NA,NA,NA,NA,NA,NA,NA,3,-3,2,3,1,-2,2,4,2,2,0,-4,0,-2,-71.09,-84.26,-68.75,-87.5,3,"Brazil","Bahia","Novo Horizonte",-12.870258805,-42.1216713129772,12522,"BRA","BR",76,"BRL","2923035",NA,NA,"BRBA2923035",NA,"BRA.5.282_1"
"3dd70479",2020-06-19,0,0,NA,NA,NA,NA,NA,NA,NA,NA,3,-3,2,3,1,-2,2,4,2,2,0,-4,0,-2,-71.09,-84.26,-68.75,-87.5,3,"Brazil","Bahia","Novo Horizonte",-12.870258805,-42.1216713129772,12522,"BRA","BR",76,"BRL","2923035",NA,NA,"BRBA2923035",NA,"BRA.5.282_1"
"3dd70479",2020-06-20,0,0,NA,NA,NA,NA,NA,NA,NA,NA,3,-3,2,3,1,-2,2,4,2,2,0,-4,0,-2,-71.09,-84.26,-68.75,-87.5,3,"Brazil","Bahia","Novo Horizonte",-12.870258805,-42.1216713129772,12522,"BRA","BR",76,"BRL","2923035",NA,NA,"BRBA2923035",NA,"BRA.5.282_1"
"3dd70479",2020-06-21,0,0,NA,NA,NA,NA,NA,NA,NA,NA,3,-3,2,3,1,-2,2,4,2,2,0,-4,0,-2,-71.09,-84.26,-68.75,-87.5,3,"Brazil","Bahia","Novo Horizonte",-12.870258805,-42.1216713129772,12522,"BRA","BR",76,"BRL","2923035",NA,NA,"BRBA2923035",NA,"BRA.5.282_1"
"3dd70479",2020-06-22,0,0,NA,NA,NA,NA,NA,NA,NA,NA,3,-3,2,3,1,-2,2,4,2,2,0,-4,0,-2,-71.09,-84.26,-68.75,-87.5,3,"Brazil","Bahia","Novo Horizonte",-12.870258805,-42.1216713129772,12522,"BRA","BR",76,"BRL","2923035",NA,NA,"BRBA2923035",NA,"BRA.5.282_1"
"3dd70479",2020-06-23,0,0,NA,NA,NA,NA,NA,NA,NA,NA,3,-3,2,3,1,-2,2,4,2,2,0,-4,0,-2,-71.09,-84.26,-68.75,-87.5,3,"Brazil","Bahia","Novo Horizonte",-12.870258805,-42.1216713129772,12522,"BRA","BR",76,"BRL","2923035",NA,NA,"BRBA2923035",NA,"BRA.5.282_1"
"3dd70479",2020-06-24,0,0,NA,NA,NA,NA,NA,NA,NA,NA,3,-3,2,3,1,-2,2,4,2,2,0,-4,0,-2,-71.09,-84.26,-68.75,-87.5,3,"Brazil","Bahia","Novo Horizonte",-12.870258805,-42.1216713129772,12522,"BRA","BR",76,"BRL","2923035",NA,NA,"BRBA2923035",NA,"BRA.5.282_1"
"3dd70479",2020-06-25,0,0,NA,NA,NA,NA,NA,NA,NA,NA,3,-3,2,3,1,-2,2,4,2,2,0,-4,0,-2,-71.09,-84.26,-68.75,-87.5,3,"Brazil","Bahia","Novo Horizonte",-12.870258805,-42.1216713129772,12522,"BRA","BR",76,"BRL","2923035",NA,NA,"BRBA2923035",NA,"BRA.5.282_1"
"3dd70479",2020-06-26,0,0,NA,NA,NA,NA,NA,NA,NA,NA,3,-3,2,3,1,-2,2,4,2,2,0,-4,0,-2,-71.09,-84.26,-68.75,-87.5,3,"Brazil","Bahia","Novo Horizonte",-12.870258805,-42.1216713129772,12522,"BRA","BR",76,"BRL","2923035",NA,NA,"BRBA2923035",NA,"BRA.5.282_1"
"3dd70479",2020-06-27,2,0,NA,NA,NA,NA,NA,NA,NA,NA,3,-3,2,3,1,-2,2,4,2,2,0,-4,0,-2,-71.09,-84.26,-68.75,-87.5,3,"Brazil","Bahia","Novo Horizonte",-12.870258805,-42.1216713129772,12522,"BRA","BR",76,"BRL","2923035",NA,NA,"BRBA2923035",NA,"BRA.5.282_1"
"3dd70479",2020-06-28,0,0,NA,NA,NA,NA,NA,NA,NA,NA,3,-3,2,3,1,-2,2,4,2,2,0,-4,0,-2,-71.09,-84.26,-68.75,-87.5,3,"Brazil","Bahia","Novo Horizonte",-12.870258805,-42.1216713129772,12522,"BRA","BR",76,"BRL","2923035",NA,NA,"BRBA2923035",NA,"BRA.5.282_1"
"3dd70479",2020-06-29,0,0,NA,NA,NA,NA,NA,NA,NA,NA,3,-3,2,3,1,-2,2,4,2,2,0,-4,0,-2,-71.09,-84.26,-68.75,-87.5,3,"Brazil","Bahia","Novo Horizonte",-12.870258805,-42.1216713129772,12522,"BRA","BR",76,"BRL","2923035",NA,NA,"BRBA2923035",NA,"BRA.5.282_1"
"3dd70479",2020-06-30,0,0,NA,NA,NA,NA,NA,NA,NA,NA,3,-3,2,3,1,-2,2,4,2,2,0,-4,0,-2,-71.09,-84.26,-68.75,-87.5,3,"Brazil","Bahia","Novo Horizonte",-12.870258805,-42.1216713129772,12522,"BRA","BR",76,"BRL","2923035",NA,NA,"BRBA2923035",NA,"BRA.5.282_1"
"3dd70479",2020-07-01,0,0,NA,NA,NA,NA,NA,NA,NA,NA,3,-3,2,3,1,-2,2,4,2,2,0,-4,0,-2,-71.09,-84.26,-68.75,-87.5,3,"Brazil","Bahia","Novo Horizonte",-12.870258805,-42.1216713129772,12522,"BRA","BR",76,"BRL","2923035",NA,NA,"BRBA2923035",NA,"BRA.5.282_1"
"3dd70479",2020-07-02,0,0,NA,NA,NA,NA,NA,NA,NA,NA,3,-3,2,3,1,-2,2,4,2,2,0,-4,0,-2,-71.09,-84.26,-68.75,-87.5,3,"Brazil","Bahia","Novo Horizonte",-12.870258805,-42.1216713129772,12522,"BRA","BR",76,"BRL","2923035",NA,NA,"BRBA2923035",NA,"BRA.5.282_1"
"3dd70479",2020-07-03,0,0,NA,NA,NA,NA,NA,NA,NA,NA,3,-3,2,3,1,-2,2,4,2,2,0,4,0,-2,-71.88,-84.26,-69.64,-87.5,3,"Brazil","Bahia","Novo Horizonte",-12.870258805,-42.1216713129772,12522,"BRA","BR",76,"BRL","2923035",NA,NA,"BRBA2923035",NA,"BRA.5.282_1"
"3dd70479",2020-07-04,0,0,NA,NA,NA,NA,NA,NA,NA,NA,3,-3,2,3,1,-2,2,4,2,2,0,4,0,-2,-71.88,-84.26,-69.64,-87.5,3,"Brazil","Bahia","Novo Horizonte",-12.870258805,-42.1216713129772,12522,"BRA","BR",76,"BRL","2923035",NA,NA,"BRBA2923035",NA,"BRA.5.282_1"
"3dd70479",2020-07-05,0,0,NA,NA,NA,NA,NA,NA,NA,NA,3,-3,2,3,1,-2,2,4,2,2,0,4,0,-2,-71.88,-84.26,-69.64,-87.5,3,"Brazil","Bahia","Novo Horizonte",-12.870258805,-42.1216713129772,12522,"BRA","BR",76,"BRL","2923035",NA,NA,"BRBA2923035",NA,"BRA.5.282_1"
"3dd70479",2020-07-06,0,0,NA,NA,NA,NA,NA,NA,NA,NA,3,-3,2,3,1,-2,2,4,2,2,0,-4,0,-2,-71.09,-84.26,-68.75,-87.5,3,"Brazil","Bahia","Novo Horizonte",-12.870258805,-42.1216713129772,12522,"BRA","BR",76,"BRL","2923035",NA,NA,"BRBA2923035",NA,"BRA.5.282_1"
"3dd70479",2020-07-07,0,0,NA,NA,NA,NA,NA,NA,NA,NA,3,-3,2,3,1,-2,2,4,2,2,0,-4,0,-2,-71.09,-84.26,-68.75,-87.5,3,"Brazil","Bahia","Novo Horizonte",-12.870258805,-42.1216713129772,12522,"BRA","BR",76,"BRL","2923035",NA,NA,"BRBA2923035",NA,"BRA.5.282_1"
"3dd70479",2020-07-08,0,0,NA,NA,NA,NA,NA,NA,NA,NA,3,-3,2,3,1,-2,2,4,2,2,0,-4,0,-2,-64.84,-84.26,-68.75,-37.5,3,"Brazil","Bahia","Novo Horizonte",-12.870258805,-42.1216713129772,12522,"BRA","BR",76,"BRL","2923035",NA,NA,"BRBA2923035",NA,"BRA.5.282_1"
"3dd70479",2020-07-09,0,0,NA,NA,NA,NA,NA,NA,NA,NA,3,-3,2,3,1,-2,2,4,2,2,0,-4,0,-2,-64.84,-84.26,-68.75,-37.5,3,"Brazil","Bahia","Novo Horizonte",-12.870258805,-42.1216713129772,12522,"BRA","BR",76,"BRL","2923035",NA,NA,"BRBA2923035",NA,"BRA.5.282_1"
"3dd70479",2020-07-10,1,0,NA,NA,NA,NA,NA,NA,NA,NA,3,-3,2,3,1,-2,2,4,2,2,0,-4,0,-2,-64.84,-84.26,-68.75,-37.5,3,"Brazil","Bahia","Novo Horizonte",-12.870258805,-42.1216713129772,12522,"BRA","BR",76,"BRL","2923035",NA,NA,"BRBA2923035",NA,"BRA.5.282_1"
"3dd70479",2020-07-11,1,0,NA,NA,NA,NA,NA,NA,NA,NA,3,-3,2,3,1,-2,2,4,2,2,0,-4,0,-2,-64.84,-84.26,-68.75,-37.5,3,"Brazil","Bahia","Novo Horizonte",-12.870258805,-42.1216713129772,12522,"BRA","BR",76,"BRL","2923035",NA,NA,"BRBA2923035",NA,"BRA.5.282_1"
"3dd70479",2020-07-12,1,0,NA,NA,NA,NA,NA,NA,NA,NA,3,-3,2,3,1,-2,2,4,2,2,0,-4,0,-2,-64.84,-84.26,-68.75,-37.5,3,"Brazil","Bahia","Novo Horizonte",-12.870258805,-42.1216713129772,12522,"BRA","BR",76,"BRL","2923035",NA,NA,"BRBA2923035",NA,"BRA.5.282_1"
"3dd70479",2020-07-13,1,0,NA,NA,NA,NA,NA,NA,NA,NA,3,-3,2,3,1,-2,2,4,2,2,0,-4,0,-2,-64.84,-84.26,-68.75,-37.5,3,"Brazil","Bahia","Novo Horizonte",-12.870258805,-42.1216713129772,12522,"BRA","BR",76,"BRL","2923035",NA,NA,"BRBA2923035",NA,"BRA.5.282_1"
"3dd70479",2020-07-14,1,0,NA,NA,NA,NA,NA,NA,NA,NA,3,-3,2,3,1,-2,2,4,2,2,0,-4,0,-2,-64.84,-84.26,-68.75,-37.5,3,"Brazil","Bahia","Novo Horizonte",-12.870258805,-42.1216713129772,12522,"BRA","BR",76,"BRL","2923035",NA,NA,"BRBA2923035",NA,"BRA.5.282_1"
"3dd70479",2020-07-15,1,0,NA,NA,NA,NA,NA,NA,NA,NA,3,-3,2,3,1,-2,2,4,2,2,0,-4,0,-2,-64.84,-84.26,-68.75,-37.5,3,"Brazil","Bahia","Novo Horizonte",-12.870258805,-42.1216713129772,12522,"BRA","BR",76,"BRL","2923035",NA,NA,"BRBA2923035",NA,"BRA.5.282_1"
"3dd70479",2020-07-16,1,0,NA,NA,NA,NA,NA,NA,NA,NA,3,-3,2,3,1,-2,2,4,2,2,0,-4,0,-2,-64.84,-84.26,-68.75,-37.5,3,"Brazil","Bahia","Novo Horizonte",-12.870258805,-42.1216713129772,12522,"BRA","BR",76,"BRL","2923035",NA,NA,"BRBA2923035",NA,"BRA.5.282_1"
"3dd70479",2020-07-17,1,0,NA,NA,NA,NA,NA,NA,NA,NA,3,-3,2,3,1,-2,2,4,2,2,0,-4,0,-2,-64.84,-84.26,-68.75,-37.5,3,"Brazil","Bahia","Novo Horizonte",-12.870258805,-42.1216713129772,12522,"BRA","BR",76,"BRL","2923035",NA,NA,"BRBA2923035",NA,"BRA.5.282_1"
"3dd70479",2020-07-18,1,0,NA,NA,NA,NA,NA,NA,NA,NA,3,-3,2,3,1,-2,2,4,2,2,0,-4,0,-2,-64.84,-84.26,-68.75,-37.5,3,"Brazil","Bahia","Novo Horizonte",-12.870258805,-42.1216713129772,12522,"BRA","BR",76,"BRL","2923035",NA,NA,"BRBA2923035",NA,"BRA.5.282_1"
"3dd70479",2020-07-19,1,0,NA,NA,NA,NA,NA,NA,NA,NA,3,-3,2,3,1,-2,2,4,2,2,0,-4,0,-2,-64.84,-84.26,-68.75,-37.5,3,"Brazil","Bahia","Novo Horizonte",-12.870258805,-42.1216713129772,12522,"BRA","BR",76,"BRL","2923035",NA,NA,"BRBA2923035",NA,"BRA.5.282_1"
"3dd70479",2020-07-20,0,0,NA,NA,NA,NA,NA,NA,NA,NA,3,-3,2,3,1,-2,2,4,2,2,0,-4,0,-2,-64.84,-84.26,-68.75,-37.5,3,"Brazil","Bahia","Novo Horizonte",-12.870258805,-42.1216713129772,12522,"BRA","BR",76,"BRL","2923035",NA,NA,"BRBA2923035",NA,"BRA.5.282_1"
"3dd70479",2020-07-21,0,0,NA,NA,NA,NA,NA,NA,NA,NA,3,-3,2,3,1,-2,2,4,2,2,0,-4,0,-2,-64.84,-84.26,-68.75,-37.5,3,"Brazil","Bahia","Novo Horizonte",-12.870258805,-42.1216713129772,12522,"BRA","BR",76,"BRL","2923035",NA,NA,"BRBA2923035",NA,"BRA.5.282_1"
"3dd70479",2020-07-22,0,0,NA,NA,NA,NA,NA,NA,NA,NA,3,-3,2,3,1,-2,2,4,2,2,0,-4,0,-2,-64.84,-84.26,-68.75,-37.5,3,"Brazil","Bahia","Novo Horizonte",-12.870258805,-42.1216713129772,12522,"BRA","BR",76,"BRL","2923035",NA,NA,"BRBA2923035",NA,"BRA.5.282_1"
"3dd70479",2020-07-23,0,0,NA,NA,NA,NA,NA,NA,NA,NA,3,-3,2,3,1,-2,2,4,2,2,0,-4,0,-2,-64.84,-84.26,-68.75,-37.5,3,"Brazil","Bahia","Novo Horizonte",-12.870258805,-42.1216713129772,12522,"BRA","BR",76,"BRL","2923035",NA,NA,"BRBA2923035",NA,"BRA.5.282_1"
"3dd70479",2020-07-24,0,0,NA,NA,NA,NA,NA,NA,NA,NA,3,-3,2,3,1,-2,2,4,2,2,0,-4,0,-2,-64.84,-84.26,-68.75,-37.5,3,"Brazil","Bahia","Novo Horizonte",-12.870258805,-42.1216713129772,12522,"BRA","BR",76,"BRL","2923035",NA,NA,"BRBA2923035",NA,"BRA.5.282_1"
"3dd70479",2020-07-25,0,0,NA,NA,NA,NA,NA,NA,NA,NA,3,-3,2,3,1,-2,2,4,2,2,0,-4,0,-2,-64.84,-84.26,-68.75,-37.5,3,"Brazil","Bahia","Novo Horizonte",-12.870258805,-42.1216713129772,12522,"BRA","BR",76,"BRL","2923035",NA,NA,"BRBA2923035",NA,"BRA.5.282_1"
"3dd70479",2020-07-26,0,0,NA,NA,NA,NA,NA,NA,NA,NA,3,-3,2,3,1,-2,2,4,2,2,0,-4,0,-2,-64.84,-84.26,-68.75,-37.5,3,"Brazil","Bahia","Novo Horizonte",-12.870258805,-42.1216713129772,12522,"BRA","BR",76,"BRL","2923035",NA,NA,"BRBA2923035",NA,"BRA.5.282_1"
"3dd70479",2020-07-27,0,0,NA,NA,NA,NA,NA,NA,NA,NA,3,-3,2,3,1,-2,2,4,2,2,0,-4,0,-2,-64.84,-84.26,-68.75,-37.5,3,"Brazil","Bahia","Novo Horizonte",-12.870258805,-42.1216713129772,12522,"BRA","BR",76,"BRL","2923035",NA,NA,"BRBA2923035",NA,"BRA.5.282_1"
"3dd70479",2020-07-28,0,0,NA,NA,NA,NA,NA,NA,NA,NA,3,-3,2,3,1,-2,2,4,2,2,0,-4,0,-2,-64.84,-84.26,-68.75,-37.5,3,"Brazil","Bahia","Novo Horizonte",-12.870258805,-42.1216713129772,12522,"BRA","BR",76,"BRL","2923035",NA,NA,"BRBA2923035",NA,"BRA.5.282_1"
"3dd70479",2020-07-29,0,0,NA,NA,NA,NA,NA,NA,NA,NA,3,-3,2,3,1,-2,2,1,2,2,0,-4,0,-2,-60.16,-75.93,-63.39,-37.5,3,"Brazil","Bahia","Novo Horizonte",-12.870258805,-42.1216713129772,12522,"BRA","BR",76,"BRL","2923035",NA,NA,"BRBA2923035",NA,"BRA.5.282_1"
"3dd70479",2020-07-30,0,0,NA,NA,NA,NA,NA,NA,NA,NA,3,-3,2,3,1,-2,2,1,2,2,0,-4,0,-2,-60.16,-75.93,-63.39,-37.5,3,"Brazil","Bahia","Novo Horizonte",-12.870258805,-42.1216713129772,12522,"BRA","BR",76,"BRL","2923035",NA,NA,"BRBA2923035",NA,"BRA.5.282_1"
"3dd70479",2020-07-31,0,0,NA,NA,NA,NA,NA,NA,NA,NA,3,-3,2,3,1,-2,2,1,2,2,0,-4,0,-2,-60.16,-75.93,-63.39,-37.5,3,"Brazil","Bahia","Novo Horizonte",-12.870258805,-42.1216713129772,12522,"BRA","BR",76,"BRL","2923035",NA,NA,"BRBA2923035",NA,"BRA.5.282_1"
"3dd70479",2020-08-01,0,0,NA,NA,NA,NA,NA,NA,NA,NA,3,-3,2,3,1,-2,2,1,2,2,0,-4,0,-2,-60.16,-75.93,-63.39,-37.5,3,"Brazil","Bahia","Novo Horizonte",-12.870258805,-42.1216713129772,12522,"BRA","BR",76,"BRL","2923035",NA,NA,"BRBA2923035",NA,"BRA.5.282_1"
"3dd70479",2020-08-02,0,0,NA,NA,NA,NA,NA,NA,NA,NA,3,-3,2,3,1,-2,2,1,2,2,0,-4,0,-2,-60.16,-75.93,-63.39,-37.5,3,"Brazil","Bahia","Novo Horizonte",-12.870258805,-42.1216713129772,12522,"BRA","BR",76,"BRL","2923035",NA,NA,"BRBA2923035",NA,"BRA.5.282_1"
"3dd70479",2020-08-03,0,0,NA,NA,NA,NA,NA,NA,NA,NA,3,-3,2,3,1,-2,2,1,2,2,0,4,0,-2,-60.94,-75.93,-64.29,-37.5,3,"Brazil","Bahia","Novo Horizonte",-12.870258805,-42.1216713129772,12522,"BRA","BR",76,"BRL","2923035",NA,NA,"BRBA2923035",NA,"BRA.5.282_1"
"3dd70479",2020-08-04,0,0,NA,NA,NA,NA,NA,NA,NA,NA,3,-3,2,3,1,-2,2,1,2,2,0,4,0,-2,-60.94,-75.93,-64.29,-37.5,3,"Brazil","Bahia","Novo Horizonte",-12.870258805,-42.1216713129772,12522,"BRA","BR",76,"BRL","2923035",NA,NA,"BRBA2923035",NA,"BRA.5.282_1"
"3dd70479",2020-08-05,0,0,NA,NA,NA,NA,NA,NA,NA,NA,3,-3,2,3,1,-2,2,1,2,2,0,4,0,-2,-60.94,-75.93,-64.29,-37.5,3,"Brazil","Bahia","Novo Horizonte",-12.870258805,-42.1216713129772,12522,"BRA","BR",76,"BRL","2923035",NA,NA,"BRBA2923035",NA,"BRA.5.282_1"
"3dd70479",2020-08-06,0,0,NA,NA,NA,NA,NA,NA,NA,NA,3,-3,2,3,1,-2,2,1,2,2,0,4,0,-2,-60.94,-75.93,-64.29,-37.5,3,"Brazil","Bahia","Novo Horizonte",-12.870258805,-42.1216713129772,12522,"BRA","BR",76,"BRL","2923035",NA,NA,"BRBA2923035",NA,"BRA.5.282_1"
"3dd70479",2020-08-07,0,0,NA,NA,NA,NA,NA,NA,NA,NA,3,-3,2,3,1,-2,2,1,2,2,0,4,0,-2,-60.94,-75.93,-64.29,-37.5,3,"Brazil","Bahia","Novo Horizonte",-12.870258805,-42.1216713129772,12522,"BRA","BR",76,"BRL","2923035",NA,NA,"BRBA2923035",NA,"BRA.5.282_1"
"3dd70479",2020-08-08,0,0,NA,NA,NA,NA,NA,NA,NA,NA,3,-3,2,3,1,-2,2,1,2,2,0,4,0,-2,-60.94,-75.93,-64.29,-37.5,3,"Brazil","Bahia","Novo Horizonte",-12.870258805,-42.1216713129772,12522,"BRA","BR",76,"BRL","2923035",NA,NA,"BRBA2923035",NA,"BRA.5.282_1"
"3dd70479",2020-08-09,0,0,NA,NA,NA,NA,NA,NA,NA,NA,3,-3,2,3,1,-2,2,1,2,2,0,4,0,-2,-60.94,-75.93,-64.29,-37.5,3,"Brazil","Bahia","Novo Horizonte",-12.870258805,-42.1216713129772,12522,"BRA","BR",76,"BRL","2923035",NA,NA,"BRBA2923035",NA,"BRA.5.282_1"
"3dd70479",2020-08-10,0,0,NA,NA,NA,NA,NA,NA,NA,NA,3,-3,2,3,1,-2,2,1,2,2,0,4,0,-2,-60.94,-75.93,-64.29,-37.5,3,"Brazil","Bahia","Novo Horizonte",-12.870258805,-42.1216713129772,12522,"BRA","BR",76,"BRL","2923035",NA,NA,"BRBA2923035",NA,"BRA.5.282_1"
"3dd70479",2020-08-11,0,0,NA,NA,NA,NA,NA,NA,NA,NA,3,-3,2,3,1,-2,2,1,2,2,0,4,0,-2,-60.94,-75.93,-64.29,-37.5,3,"Brazil","Bahia","Novo Horizonte",-12.870258805,-42.1216713129772,12522,"BRA","BR",76,"BRL","2923035",NA,NA,"BRBA2923035",NA,"BRA.5.282_1"
"3dd70479",2020-08-12,0,0,NA,NA,NA,NA,NA,NA,NA,NA,3,-3,2,3,1,-2,2,1,2,2,0,4,0,-2,-60.94,-75.93,-64.29,-37.5,3,"Brazil","Bahia","Novo Horizonte",-12.870258805,-42.1216713129772,12522,"BRA","BR",76,"BRL","2923035",NA,NA,"BRBA2923035",NA,"BRA.5.282_1"
"3dd70479",2020-08-13,0,0,NA,NA,NA,NA,NA,NA,NA,NA,3,-3,2,3,1,-2,2,1,2,2,0,4,0,-2,-60.94,-75.93,-64.29,-37.5,3,"Brazil","Bahia","Novo Horizonte",-12.870258805,-42.1216713129772,12522,"BRA","BR",76,"BRL","2923035",NA,NA,"BRBA2923035",NA,"BRA.5.282_1"
"3dd70479",2020-08-14,0,0,NA,NA,NA,NA,NA,NA,NA,NA,3,-3,2,3,1,-2,2,1,2,2,0,4,0,-2,-60.94,-75.93,-64.29,-37.5,3,"Brazil","Bahia","Novo Horizonte",-12.870258805,-42.1216713129772,12522,"BRA","BR",76,"BRL","2923035",NA,NA,"BRBA2923035",NA,"BRA.5.282_1"
"3dd70479",2020-08-15,0,0,NA,NA,NA,NA,NA,NA,NA,NA,3,-3,2,3,1,-2,2,1,2,2,0,4,0,-2,-60.94,-75.93,-64.29,-37.5,3,"Brazil","Bahia","Novo Horizonte",-12.870258805,-42.1216713129772,12522,"BRA","BR",76,"BRL","2923035",NA,NA,"BRBA2923035",NA,"BRA.5.282_1"
"3dd70479",2020-08-16,0,0,NA,NA,NA,NA,NA,NA,NA,NA,3,-3,2,3,1,-2,2,1,2,2,0,4,0,-2,-60.94,-75.93,-64.29,-37.5,3,"Brazil","Bahia","Novo Horizonte",-12.870258805,-42.1216713129772,12522,"BRA","BR",76,"BRL","2923035",NA,NA,"BRBA2923035",NA,"BRA.5.282_1"
"3dd70479",2020-08-17,0,0,NA,NA,NA,NA,NA,NA,NA,NA,3,-3,2,3,1,-2,2,1,2,2,0,4,0,-2,-60.94,-75.93,-64.29,-37.5,3,"Brazil","Bahia","Novo Horizonte",-12.870258805,-42.1216713129772,12522,"BRA","BR",76,"BRL","2923035",NA,NA,"BRBA2923035",NA,"BRA.5.282_1"
"3dd70479",2020-08-18,0,0,NA,NA,NA,NA,NA,NA,NA,NA,3,-3,2,3,1,-2,2,1,2,2,0,4,0,-2,-60.94,-75.93,-64.29,-37.5,3,"Brazil","Bahia","Novo Horizonte",-12.870258805,-42.1216713129772,12522,"BRA","BR",76,"BRL","2923035",NA,NA,"BRBA2923035",NA,"BRA.5.282_1"
"3dd70479",2020-08-19,0,0,NA,NA,NA,NA,NA,NA,NA,NA,3,-3,2,3,1,-2,2,1,2,2,0,4,0,-2,-60.94,-75.93,-64.29,-37.5,3,"Brazil","Bahia","Novo Horizonte",-12.870258805,-42.1216713129772,12522,"BRA","BR",76,"BRL","2923035",NA,NA,"BRBA2923035",NA,"BRA.5.282_1"
"3dd70479",2020-08-20,0,0,NA,NA,NA,NA,NA,NA,NA,NA,3,-3,2,3,1,-2,2,1,2,2,0,4,0,-2,-60.94,-75.93,-64.29,-37.5,3,"Brazil","Bahia","Novo Horizonte",-12.870258805,-42.1216713129772,12522,"BRA","BR",76,"BRL","2923035",NA,NA,"BRBA2923035",NA,"BRA.5.282_1"
"3dd70479",2020-08-21,0,0,NA,NA,NA,NA,NA,NA,NA,NA,3,-3,2,3,1,1,2,1,2,2,0,4,0,-2,-59.9,-74.07,-63.1,-37.5,3,"Brazil","Bahia","Novo Horizonte",-12.870258805,-42.1216713129772,12522,"BRA","BR",76,"BRL","2923035",NA,NA,"BRBA2923035",NA,"BRA.5.282_1"
"3dd70479",2020-08-22,0,0,NA,NA,NA,NA,NA,NA,NA,NA,3,-3,2,3,1,1,2,1,2,2,0,4,0,-2,-59.9,-74.07,-63.1,-37.5,3,"Brazil","Bahia","Novo Horizonte",-12.870258805,-42.1216713129772,12522,"BRA","BR",76,"BRL","2923035",NA,NA,"BRBA2923035",NA,"BRA.5.282_1"
"3dd70479",2020-08-23,0,0,NA,NA,NA,NA,NA,NA,NA,NA,3,-3,2,3,1,1,2,1,2,2,0,4,0,-2,-59.9,-74.07,-63.1,-37.5,3,"Brazil","Bahia","Novo Horizonte",-12.870258805,-42.1216713129772,12522,"BRA","BR",76,"BRL","2923035",NA,NA,"BRBA2923035",NA,"BRA.5.282_1"
"3dd70479",2020-08-24,0,0,NA,NA,NA,NA,NA,NA,NA,NA,3,-3,2,3,1,1,2,1,2,2,0,4,0,-2,-59.9,-74.07,-63.1,-37.5,3,"Brazil","Bahia","Novo Horizonte",-12.870258805,-42.1216713129772,12522,"BRA","BR",76,"BRL","2923035",NA,NA,"BRBA2923035",NA,"BRA.5.282_1"
"3dd70479",2020-08-25,0,0,NA,NA,NA,NA,NA,NA,NA,NA,3,-3,2,3,1,1,2,1,2,2,0,4,0,-2,-59.9,-74.07,-63.1,-37.5,3,"Brazil","Bahia","Novo Horizonte",-12.870258805,-42.1216713129772,12522,"BRA","BR",76,"BRL","2923035",NA,NA,"BRBA2923035",NA,"BRA.5.282_1"
"3dd70479",2020-08-26,0,0,NA,NA,NA,NA,NA,NA,NA,NA,3,-3,2,3,1,1,2,1,2,2,0,4,0,-2,-59.9,-74.07,-63.1,-37.5,3,"Brazil","Bahia","Novo Horizonte",-12.870258805,-42.1216713129772,12522,"BRA","BR",76,"BRL","2923035",NA,NA,"BRBA2923035",NA,"BRA.5.282_1"
"3dd70479",2020-08-27,0,0,NA,NA,NA,NA,NA,NA,NA,NA,3,-3,2,3,1,1,2,1,2,2,0,4,0,-2,-59.9,-74.07,-63.1,-37.5,3,"Brazil","Bahia","Novo Horizonte",-12.870258805,-42.1216713129772,12522,"BRA","BR",76,"BRL","2923035",NA,NA,"BRBA2923035",NA,"BRA.5.282_1"
"3dd70479",2020-08-28,0,0,NA,NA,NA,NA,NA,NA,NA,NA,3,-3,2,3,1,1,2,1,2,2,0,4,0,-2,-59.9,-74.07,-63.1,-37.5,3,"Brazil","Bahia","Novo Horizonte",-12.870258805,-42.1216713129772,12522,"BRA","BR",76,"BRL","2923035",NA,NA,"BRBA2923035",NA,"BRA.5.282_1"
"3dd70479",2020-08-29,0,0,NA,NA,NA,NA,NA,NA,NA,NA,3,-3,2,3,1,1,2,1,2,2,0,4,0,-2,-59.9,-74.07,-63.1,-37.5,3,"Brazil","Bahia","Novo Horizonte",-12.870258805,-42.1216713129772,12522,"BRA","BR",76,"BRL","2923035",NA,NA,"BRBA2923035",NA,"BRA.5.282_1"
"3dd70479",2020-08-30,0,0,NA,NA,NA,NA,NA,NA,NA,NA,3,-3,2,3,1,1,2,1,2,2,0,4,0,-2,-59.9,-74.07,-63.1,-37.5,3,"Brazil","Bahia","Novo Horizonte",-12.870258805,-42.1216713129772,12522,"BRA","BR",76,"BRL","2923035",NA,NA,"BRBA2923035",NA,"BRA.5.282_1"
"3dd70479",2020-08-31,0,0,NA,NA,NA,NA,NA,NA,NA,NA,3,-3,2,3,1,1,2,1,2,2,0,4,0,-2,-59.9,-74.07,-63.1,-37.5,3,"Brazil","Bahia","Novo Horizonte",-12.870258805,-42.1216713129772,12522,"BRA","BR",76,"BRL","2923035",NA,NA,"BRBA2923035",NA,"BRA.5.282_1"
"3dd70479",2020-09-01,0,0,NA,NA,NA,NA,NA,NA,NA,NA,3,-3,2,-3,1,1,2,1,2,2,0,4,0,-2,-59.11,-72.69,-62.2,-37.5,3,"Brazil","Bahia","Novo Horizonte",-12.870258805,-42.1216713129772,12522,"BRA","BR",76,"BRL","2923035",NA,NA,"BRBA2923035",NA,"BRA.5.282_1"
"3dd70479",2020-09-02,0,0,NA,NA,NA,NA,NA,NA,NA,NA,3,-3,2,-3,1,1,2,1,2,2,0,4,0,-2,-59.11,-72.69,-62.2,-37.5,3,"Brazil","Bahia","Novo Horizonte",-12.870258805,-42.1216713129772,12522,"BRA","BR",76,"BRL","2923035",NA,NA,"BRBA2923035",NA,"BRA.5.282_1"
"3dd70479",2020-09-03,0,0,NA,NA,NA,NA,NA,NA,NA,NA,3,-3,2,-3,1,1,2,1,2,2,0,4,0,-2,-59.11,-72.69,-62.2,-37.5,3,"Brazil","Bahia","Novo Horizonte",-12.870258805,-42.1216713129772,12522,"BRA","BR",76,"BRL","2923035",NA,NA,"BRBA2923035",NA,"BRA.5.282_1"
"3dd70479",2020-09-04,0,0,NA,NA,NA,NA,NA,NA,NA,NA,3,2,2,-3,1,1,2,1,2,2,0,4,0,-2,-58.07,-70.83,-61.01,-37.5,3,"Brazil","Bahia","Novo Horizonte",-12.870258805,-42.1216713129772,12522,"BRA","BR",76,"BRL","2923035",NA,NA,"BRBA2923035",NA,"BRA.5.282_1"
"3dd70479",2020-09-05,0,0,NA,NA,NA,NA,NA,NA,NA,NA,3,2,2,-3,1,1,2,1,2,2,0,4,0,-2,-58.07,-70.83,-61.01,-37.5,3,"Brazil","Bahia","Novo Horizonte",-12.870258805,-42.1216713129772,12522,"BRA","BR",76,"BRL","2923035",NA,NA,"BRBA2923035",NA,"BRA.5.282_1"
"3dd70479",2020-09-06,0,0,NA,NA,NA,NA,NA,NA,NA,NA,3,2,2,-3,1,1,2,1,2,2,0,4,0,-2,-58.07,-70.83,-61.01,-37.5,3,"Brazil","Bahia","Novo Horizonte",-12.870258805,-42.1216713129772,12522,"BRA","BR",76,"BRL","2923035",NA,NA,"BRBA2923035",NA,"BRA.5.282_1"
"3dd70479",2020-09-07,0,0,NA,NA,NA,NA,NA,NA,NA,NA,3,2,2,-3,1,1,2,1,2,2,0,4,0,-2,-58.07,-70.83,-61.01,-37.5,3,"Brazil","Bahia","Novo Horizonte",-12.870258805,-42.1216713129772,12522,"BRA","BR",76,"BRL","2923035",NA,NA,"BRBA2923035",NA,"BRA.5.282_1"
"3dd70479",2020-09-08,0,0,NA,NA,NA,NA,NA,NA,NA,NA,3,2,2,-3,1,1,2,1,2,2,0,4,0,-2,-58.07,-70.83,-61.01,-37.5,3,"Brazil","Bahia","Novo Horizonte",-12.870258805,-42.1216713129772,12522,"BRA","BR",76,"BRL","2923035",NA,NA,"BRBA2923035",NA,"BRA.5.282_1"
"3dd70479",2020-09-09,0,0,NA,NA,NA,NA,NA,NA,NA,NA,3,2,2,-3,1,1,2,1,2,2,0,4,0,-2,-58.07,-70.83,-61.01,-37.5,3,"Brazil","Bahia","Novo Horizonte",-12.870258805,-42.1216713129772,12522,"BRA","BR",76,"BRL","2923035",NA,NA,"BRBA2923035",NA,"BRA.5.282_1"
"3dd70479",2020-09-10,0,0,NA,NA,NA,NA,NA,NA,NA,NA,3,2,2,-3,1,1,2,1,2,2,0,4,0,-2,-58.07,-70.83,-61.01,-37.5,3,"Brazil","Bahia","Novo Horizonte",-12.870258805,-42.1216713129772,12522,"BRA","BR",76,"BRL","2923035",NA,NA,"BRBA2923035",NA,"BRA.5.282_1"
"3dd70479",2020-09-11,0,0,NA,NA,NA,NA,NA,NA,NA,NA,3,2,2,-3,1,1,2,1,2,2,0,4,0,-2,-58.07,-70.83,-61.01,-37.5,3,"Brazil","Bahia","Novo Horizonte",-12.870258805,-42.1216713129772,12522,"BRA","BR",76,"BRL","2923035",NA,NA,"BRBA2923035",NA,"BRA.5.282_1"
"3dd70479",2020-09-12,0,0,NA,NA,NA,NA,NA,NA,NA,NA,3,2,2,2,1,1,2,1,2,2,0,4,0,-2,-57.29,-69.44,-60.12,-37.5,3,"Brazil","Bahia","Novo Horizonte",-12.870258805,-42.1216713129772,12522,"BRA","BR",76,"BRL","2923035",NA,NA,"BRBA2923035",NA,"BRA.5.282_1"
"3dd70479",2020-09-13,0,0,NA,NA,NA,NA,NA,NA,NA,NA,3,2,2,2,1,1,2,1,2,2,0,4,0,-2,-57.29,-69.44,-60.12,-37.5,3,"Brazil","Bahia","Novo Horizonte",-12.870258805,-42.1216713129772,12522,"BRA","BR",76,"BRL","2923035",NA,NA,"BRBA2923035",NA,"BRA.5.282_1"
"3dd70479",2020-09-14,0,0,NA,NA,NA,NA,NA,NA,NA,NA,3,2,2,2,1,1,2,1,2,2,0,4,0,-2,-57.29,-69.44,-60.12,-37.5,3,"Brazil","Bahia","Novo Horizonte",-12.870258805,-42.1216713129772,12522,"BRA","BR",76,"BRL","2923035",NA,NA,"BRBA2923035",NA,"BRA.5.282_1"
"3dd70479",2020-09-15,0,0,NA,NA,NA,NA,NA,NA,NA,NA,3,2,2,2,1,1,2,1,2,2,0,4,0,-2,-57.29,-69.44,-60.12,-37.5,3,"Brazil","Bahia","Novo Horizonte",-12.870258805,-42.1216713129772,12522,"BRA","BR",76,"BRL","2923035",NA,NA,"BRBA2923035",NA,"BRA.5.282_1"
"3dd70479",2020-09-16,0,0,NA,NA,NA,NA,NA,NA,NA,NA,3,2,2,2,1,1,2,1,2,2,0,4,0,-2,-57.29,-69.44,-60.12,-37.5,3,"Brazil","Bahia","Novo Horizonte",-12.870258805,-42.1216713129772,12522,"BRA","BR",76,"BRL","2923035",NA,NA,"BRBA2923035",NA,"BRA.5.282_1"
"3dd70479",2020-09-17,0,0,NA,NA,NA,NA,NA,NA,NA,NA,3,2,2,2,1,1,2,1,2,2,0,4,0,-2,-57.29,-69.44,-60.12,-37.5,3,"Brazil","Bahia","Novo Horizonte",-12.870258805,-42.1216713129772,12522,"BRA","BR",76,"BRL","2923035",NA,NA,"BRBA2923035",NA,"BRA.5.282_1"
"3dd70479",2020-09-18,0,0,NA,NA,NA,NA,NA,NA,NA,NA,3,2,2,2,1,1,2,1,2,2,0,4,0,-2,-57.29,-69.44,-60.12,-37.5,3,"Brazil","Bahia","Novo Horizonte",-12.870258805,-42.1216713129772,12522,"BRA","BR",76,"BRL","2923035",NA,NA,"BRBA2923035",NA,"BRA.5.282_1"
"3dd70479",2020-09-19,0,0,NA,NA,NA,NA,NA,NA,NA,NA,3,2,2,2,1,1,2,1,2,2,0,4,0,-2,-57.29,-69.44,-60.12,-37.5,3,"Brazil","Bahia","Novo Horizonte",-12.870258805,-42.1216713129772,12522,"BRA","BR",76,"BRL","2923035",NA,NA,"BRBA2923035",NA,"BRA.5.282_1"
"3dd70479",2020-09-20,0,0,NA,NA,NA,NA,NA,NA,NA,NA,3,2,2,2,1,1,2,1,2,2,0,4,0,-2,-57.29,-69.44,-60.12,-37.5,3,"Brazil","Bahia","Novo Horizonte",-12.870258805,-42.1216713129772,12522,"BRA","BR",76,"BRL","2923035",NA,NA,"BRBA2923035",NA,"BRA.5.282_1"
"3dd70479",2020-09-21,0,0,NA,NA,NA,NA,NA,NA,NA,NA,3,2,2,2,1,1,2,1,2,2,0,4,0,-2,-57.29,-69.44,-60.12,-37.5,3,"Brazil","Bahia","Novo Horizonte",-12.870258805,-42.1216713129772,12522,"BRA","BR",76,"BRL","2923035",NA,NA,"BRBA2923035",NA,"BRA.5.282_1"
"3dd70479",2020-09-22,2,0,NA,NA,NA,NA,NA,NA,NA,NA,3,2,2,2,1,1,2,1,2,2,0,4,0,-2,-57.29,-69.44,-60.12,-37.5,3,"Brazil","Bahia","Novo Horizonte",-12.870258805,-42.1216713129772,12522,"BRA","BR",76,"BRL","2923035",NA,NA,"BRBA2923035",NA,"BRA.5.282_1"
"3dd70479",2020-09-23,2,0,NA,NA,NA,NA,NA,NA,NA,NA,3,2,2,2,1,1,2,1,2,2,0,4,0,-2,-57.29,-69.44,-60.12,-37.5,3,"Brazil","Bahia","Novo Horizonte",-12.870258805,-42.1216713129772,12522,"BRA","BR",76,"BRL","2923035",NA,NA,"BRBA2923035",NA,"BRA.5.282_1"
"3dd70479",2020-09-24,2,0,NA,NA,NA,NA,NA,NA,NA,NA,3,2,2,2,1,1,2,1,2,2,0,4,0,-2,-57.29,-69.44,-60.12,-37.5,3,"Brazil","Bahia","Novo Horizonte",-12.870258805,-42.1216713129772,12522,"BRA","BR",76,"BRL","2923035",NA,NA,"BRBA2923035",NA,"BRA.5.282_1"
"3dd70479",2020-09-25,2,0,NA,NA,NA,NA,NA,NA,NA,NA,3,2,2,2,1,1,2,1,2,2,0,4,0,-2,-57.29,-69.44,-60.12,-37.5,3,"Brazil","Bahia","Novo Horizonte",-12.870258805,-42.1216713129772,12522,"BRA","BR",76,"BRL","2923035",NA,NA,"BRBA2923035",NA,"BRA.5.282_1"
"3dd70479",2020-09-26,2,0,NA,NA,NA,NA,NA,NA,NA,NA,3,2,2,2,1,1,2,1,2,2,0,4,0,-2,-57.29,-69.44,-60.12,-37.5,3,"Brazil","Bahia","Novo Horizonte",-12.870258805,-42.1216713129772,12522,"BRA","BR",76,"BRL","2923035",NA,NA,"BRBA2923035",NA,"BRA.5.282_1"
"3dd70479",2020-09-27,2,0,NA,NA,NA,NA,NA,NA,NA,NA,3,2,2,2,1,1,2,1,2,2,0,4,0,-2,-57.29,-69.44,-60.12,-37.5,3,"Brazil","Bahia","Novo Horizonte",-12.870258805,-42.1216713129772,12522,"BRA","BR",76,"BRL","2923035",NA,NA,"BRBA2923035",NA,"BRA.5.282_1"
"3dd70479",2020-09-28,2,0,NA,NA,NA,NA,NA,NA,NA,NA,3,2,2,2,1,1,-2,1,2,2,0,4,0,-2,-55.73,-66.67,-58.33,-37.5,3,"Brazil","Bahia","Novo Horizonte",-12.870258805,-42.1216713129772,12522,"BRA","BR",76,"BRL","2923035",NA,NA,"BRBA2923035",NA,"BRA.5.282_1"
"3dd70479",2020-09-29,2,0,NA,NA,NA,NA,NA,NA,NA,NA,3,2,2,2,1,1,-2,1,2,2,0,4,0,-2,-55.73,-66.67,-58.33,-37.5,3,"Brazil","Bahia","Novo Horizonte",-12.870258805,-42.1216713129772,12522,"BRA","BR",76,"BRL","2923035",NA,NA,"BRBA2923035",NA,"BRA.5.282_1"
"3dd70479",2020-09-30,2,0,NA,NA,NA,NA,NA,NA,NA,NA,3,2,2,2,1,1,-2,1,2,2,0,4,0,-2,-55.73,-66.67,-58.33,-37.5,3,"Brazil","Bahia","Novo Horizonte",-12.870258805,-42.1216713129772,12522,"BRA","BR",76,"BRL","2923035",NA,NA,"BRBA2923035",NA,"BRA.5.282_1"
"3dd70479",2020-10-01,2,0,NA,NA,NA,NA,NA,NA,NA,NA,3,2,2,2,1,1,-2,1,2,2,0,4,0,-2,-55.73,-66.67,-58.33,-37.5,3,"Brazil","Bahia","Novo Horizonte",-12.870258805,-42.1216713129772,12522,"BRA","BR",76,"BRL","2923035",NA,NA,"BRBA2923035",NA,"BRA.5.282_1"
"3dd70479",2020-10-02,2,0,NA,NA,NA,NA,NA,NA,NA,NA,3,2,2,2,1,1,-2,4,2,2,0,4,0,-2,-60.42,-75,-63.69,-37.5,3,"Brazil","Bahia","Novo Horizonte",-12.870258805,-42.1216713129772,12522,"BRA","BR",76,"BRL","2923035",NA,NA,"BRBA2923035",NA,"BRA.5.282_1"
"3dd70479",2020-10-03,2,0,NA,NA,NA,NA,NA,NA,NA,NA,3,2,2,2,1,1,-2,4,2,2,0,4,0,-2,-60.42,-75,-63.69,-37.5,3,"Brazil","Bahia","Novo Horizonte",-12.870258805,-42.1216713129772,12522,"BRA","BR",76,"BRL","2923035",NA,NA,"BRBA2923035",NA,"BRA.5.282_1"
"3dd70479",2020-10-04,2,0,NA,NA,NA,NA,NA,NA,NA,NA,3,2,2,2,1,1,-2,4,2,2,0,4,0,-2,-60.42,-75,-63.69,-37.5,3,"Brazil","Bahia","Novo Horizonte",-12.870258805,-42.1216713129772,12522,"BRA","BR",76,"BRL","2923035",NA,NA,"BRBA2923035",NA,"BRA.5.282_1"
"3dd70479",2020-10-05,2,0,NA,NA,NA,NA,NA,NA,NA,NA,3,2,2,2,1,1,-2,4,2,2,0,4,0,-2,-60.42,-75,-63.69,-37.5,3,"Brazil","Bahia","Novo Horizonte",-12.870258805,-42.1216713129772,12522,"BRA","BR",76,"BRL","2923035",NA,NA,"BRBA2923035",NA,"BRA.5.282_1"
"3dd70479",2020-10-06,2,0,NA,NA,NA,NA,NA,NA,NA,NA,3,2,2,2,1,1,-2,4,2,2,0,4,0,-2,-60.42,-75,-63.69,-37.5,3,"Brazil","Bahia","Novo Horizonte",-12.870258805,-42.1216713129772,12522,"BRA","BR",76,"BRL","2923035",NA,NA,"BRBA2923035",NA,"BRA.5.282_1"
"3dd70479",2020-10-07,2,0,NA,NA,NA,NA,NA,NA,NA,NA,3,2,2,2,1,1,-2,4,2,2,0,4,0,-2,-60.42,-75,-63.69,-37.5,3,"Brazil","Bahia","Novo Horizonte",-12.870258805,-42.1216713129772,12522,"BRA","BR",76,"BRL","2923035",NA,NA,"BRBA2923035",NA,"BRA.5.282_1"
"3dd70479",2020-10-08,2,0,NA,NA,NA,NA,NA,NA,NA,NA,3,2,2,2,1,1,-2,4,2,2,0,4,0,-2,-60.42,-75,-63.69,-37.5,3,"Brazil","Bahia","Novo Horizonte",-12.870258805,-42.1216713129772,12522,"BRA","BR",76,"BRL","2923035",NA,NA,"BRBA2923035",NA,"BRA.5.282_1"
"3dd70479",2020-10-09,2,0,NA,NA,NA,NA,NA,NA,NA,NA,3,2,2,2,1,0,-2,4,2,2,0,4,0,-2,-58.33,-71.3,-61.31,-37.5,3,"Brazil","Bahia","Novo Horizonte",-12.870258805,-42.1216713129772,12522,"BRA","BR",76,"BRL","2923035",NA,NA,"BRBA2923035",NA,"BRA.5.282_1"
"3dd70479",2020-10-10,2,0,NA,NA,NA,NA,NA,NA,NA,NA,3,2,2,2,1,0,-2,4,2,2,0,4,0,-2,-58.33,-71.3,-61.31,-37.5,3,"Brazil","Bahia","Novo Horizonte",-12.870258805,-42.1216713129772,12522,"BRA","BR",76,"BRL","2923035",NA,NA,"BRBA2923035",NA,"BRA.5.282_1"
"3dd70479",2020-10-11,2,0,NA,NA,NA,NA,NA,NA,NA,NA,3,2,2,2,1,0,-2,4,2,2,0,4,0,-2,-58.33,-71.3,-61.31,-37.5,3,"Brazil","Bahia","Novo Horizonte",-12.870258805,-42.1216713129772,12522,"BRA","BR",76,"BRL","2923035",NA,NA,"BRBA2923035",NA,"BRA.5.282_1"
"3dd70479",2020-10-12,2,0,NA,NA,NA,NA,NA,NA,NA,NA,3,2,2,2,1,0,-2,4,2,2,0,4,0,-2,-58.33,-71.3,-61.31,-37.5,3,"Brazil","Bahia","Novo Horizonte",-12.870258805,-42.1216713129772,12522,"BRA","BR",76,"BRL","2923035",NA,NA,"BRBA2923035",NA,"BRA.5.282_1"
"3dd70479",2020-10-13,2,0,NA,NA,NA,NA,NA,NA,NA,NA,3,2,2,2,1,0,-2,4,2,2,0,4,0,-2,-58.33,-71.3,-61.31,-37.5,3,"Brazil","Bahia","Novo Horizonte",-12.870258805,-42.1216713129772,12522,"BRA","BR",76,"BRL","2923035",NA,NA,"BRBA2923035",NA,"BRA.5.282_1"
"3dd70479",2020-10-14,2,0,NA,NA,NA,NA,NA,NA,NA,NA,3,2,2,2,1,0,-2,4,2,2,0,4,0,-2,-58.33,-71.3,-61.31,-37.5,3,"Brazil","Bahia","Novo Horizonte",-12.870258805,-42.1216713129772,12522,"BRA","BR",76,"BRL","2923035",NA,NA,"BRBA2923035",NA,"BRA.5.282_1"
"3dd70479",2020-10-15,2,0,NA,NA,NA,NA,NA,NA,NA,NA,3,2,2,2,1,0,-2,3,2,2,0,4,0,-2,-56.77,-68.52,-59.52,-37.5,3,"Brazil","Bahia","Novo Horizonte",-12.870258805,-42.1216713129772,12522,"BRA","BR",76,"BRL","2923035",NA,NA,"BRBA2923035",NA,"BRA.5.282_1"
"3dd70479",2020-10-16,2,0,NA,NA,NA,NA,NA,NA,NA,NA,3,2,2,2,1,0,-2,3,2,2,0,4,0,-2,-56.77,-68.52,-59.52,-37.5,3,"Brazil","Bahia","Novo Horizonte",-12.870258805,-42.1216713129772,12522,"BRA","BR",76,"BRL","2923035",NA,NA,"BRBA2923035",NA,"BRA.5.282_1"
"3dd70479",2020-10-17,2,0,NA,NA,NA,NA,NA,NA,NA,NA,3,2,2,2,1,0,-2,3,2,2,0,4,0,-2,-56.77,-68.52,-59.52,-37.5,3,"Brazil","Bahia","Novo Horizonte",-12.870258805,-42.1216713129772,12522,"BRA","BR",76,"BRL","2923035",NA,NA,"BRBA2923035",NA,"BRA.5.282_1"
"3dd70479",2020-10-18,2,0,NA,NA,NA,NA,NA,NA,NA,NA,3,2,2,2,1,0,-2,3,2,2,0,4,0,-2,-56.77,-68.52,-59.52,-37.5,3,"Brazil","Bahia","Novo Horizonte",-12.870258805,-42.1216713129772,12522,"BRA","BR",76,"BRL","2923035",NA,NA,"BRBA2923035",NA,"BRA.5.282_1"
"3dd70479",2020-10-19,3,0,NA,NA,NA,NA,NA,NA,NA,NA,3,2,2,2,1,0,-2,3,2,2,0,4,0,-2,-56.77,-68.52,-59.52,-37.5,3,"Brazil","Bahia","Novo Horizonte",-12.870258805,-42.1216713129772,12522,"BRA","BR",76,"BRL","2923035",NA,NA,"BRBA2923035",NA,"BRA.5.282_1"
"3dd70479",2020-10-20,6,0,NA,NA,NA,NA,NA,NA,NA,NA,3,2,2,2,1,0,-2,3,2,2,0,4,0,-2,-56.77,-68.52,-59.52,-37.5,3,"Brazil","Bahia","Novo Horizonte",-12.870258805,-42.1216713129772,12522,"BRA","BR",76,"BRL","2923035",NA,NA,"BRBA2923035",NA,"BRA.5.282_1"
"3dd70479",2020-10-21,7,0,NA,NA,NA,NA,NA,NA,NA,NA,3,2,2,2,1,0,-2,3,2,2,0,4,0,-2,-56.77,-68.52,-59.52,-37.5,3,"Brazil","Bahia","Novo Horizonte",-12.870258805,-42.1216713129772,12522,"BRA","BR",76,"BRL","2923035",NA,NA,"BRBA2923035",NA,"BRA.5.282_1"
"3dd70479",2020-10-22,7,0,NA,NA,NA,NA,NA,NA,NA,NA,3,2,2,2,1,0,-2,3,2,2,0,4,0,-2,-56.77,-68.52,-59.52,-37.5,3,"Brazil","Bahia","Novo Horizonte",-12.870258805,-42.1216713129772,12522,"BRA","BR",76,"BRL","2923035",NA,NA,"BRBA2923035",NA,"BRA.5.282_1"
"3dd70479",2020-10-23,7,0,NA,NA,NA,NA,NA,NA,NA,NA,3,2,2,2,1,0,-2,3,2,2,0,4,0,-2,-56.77,-68.52,-59.52,-37.5,3,"Brazil","Bahia","Novo Horizonte",-12.870258805,-42.1216713129772,12522,"BRA","BR",76,"BRL","2923035",NA,NA,"BRBA2923035",NA,"BRA.5.282_1"
"3dd70479",2020-10-24,8,0,NA,NA,NA,NA,NA,NA,NA,NA,3,2,2,2,1,0,-2,3,2,2,0,4,0,-2,-56.77,-68.52,-59.52,-37.5,3,"Brazil","Bahia","Novo Horizonte",-12.870258805,-42.1216713129772,12522,"BRA","BR",76,"BRL","2923035",NA,NA,"BRBA2923035",NA,"BRA.5.282_1"
"3dd70479",2020-10-25,8,0,NA,NA,NA,NA,NA,NA,NA,NA,3,2,2,2,1,0,-2,3,2,2,0,4,0,-2,-56.77,-68.52,-59.52,-37.5,3,"Brazil","Bahia","Novo Horizonte",-12.870258805,-42.1216713129772,12522,"BRA","BR",76,"BRL","2923035",NA,NA,"BRBA2923035",NA,"BRA.5.282_1"
"3dd70479",2020-10-26,9,0,NA,NA,NA,NA,NA,NA,NA,NA,3,2,2,2,1,0,-2,3,2,2,0,4,0,-2,-56.77,-68.52,-59.52,-37.5,3,"Brazil","Bahia","Novo Horizonte",-12.870258805,-42.1216713129772,12522,"BRA","BR",76,"BRL","2923035",NA,NA,"BRBA2923035",NA,"BRA.5.282_1"
"3dd70479",2020-10-27,10,0,NA,NA,NA,NA,NA,NA,NA,NA,3,2,2,2,1,0,-2,3,2,2,0,4,0,-2,-56.77,-68.52,-59.52,-37.5,3,"Brazil","Bahia","Novo Horizonte",-12.870258805,-42.1216713129772,12522,"BRA","BR",76,"BRL","2923035",NA,NA,"BRBA2923035",NA,"BRA.5.282_1"
"3dd70479",2020-10-28,10,0,NA,NA,NA,NA,NA,NA,NA,NA,3,2,2,2,1,0,-2,3,2,2,0,4,0,-2,-56.77,-68.52,-59.52,-37.5,3,"Brazil","Bahia","Novo Horizonte",-12.870258805,-42.1216713129772,12522,"BRA","BR",76,"BRL","2923035",NA,NA,"BRBA2923035",NA,"BRA.5.282_1"
"3dd70479",2020-10-29,10,0,NA,NA,NA,NA,NA,NA,NA,NA,3,2,2,2,1,0,-2,3,2,2,0,4,0,-2,-56.77,-68.52,-59.52,-37.5,3,"Brazil","Bahia","Novo Horizonte",-12.870258805,-42.1216713129772,12522,"BRA","BR",76,"BRL","2923035",NA,NA,"BRBA2923035",NA,"BRA.5.282_1"
"3dd70479",2020-10-30,10,0,NA,NA,NA,NA,NA,NA,NA,NA,3,2,2,2,1,0,-2,3,2,2,0,4,0,-2,-56.77,-68.52,-59.52,-37.5,3,"Brazil","Bahia","Novo Horizonte",-12.870258805,-42.1216713129772,12522,"BRA","BR",76,"BRL","2923035",NA,NA,"BRBA2923035",NA,"BRA.5.282_1"
"3dd70479",2020-10-31,10,0,NA,NA,NA,NA,NA,NA,NA,NA,3,2,2,2,1,0,-2,3,2,2,0,4,0,-2,-53.65,-68.52,-59.52,-12.5,3,"Brazil","Bahia","Novo Horizonte",-12.870258805,-42.1216713129772,12522,"BRA","BR",76,"BRL","2923035",NA,NA,"BRBA2923035",NA,"BRA.5.282_1"
"3dd70479",2020-11-01,10,0,NA,NA,NA,NA,NA,NA,NA,NA,3,2,2,2,1,0,-2,3,2,2,0,4,0,-2,-53.65,-68.52,-59.52,-12.5,3,"Brazil","Bahia","Novo Horizonte",-12.870258805,-42.1216713129772,12522,"BRA","BR",76,"BRL","2923035",NA,NA,"BRBA2923035",NA,"BRA.5.282_1"
"3dd70479",2020-11-02,10,0,NA,NA,NA,NA,NA,NA,NA,NA,3,2,2,2,1,0,-2,3,2,2,0,4,0,-2,-53.65,-68.52,-59.52,-12.5,3,"Brazil","Bahia","Novo Horizonte",-12.870258805,-42.1216713129772,12522,"BRA","BR",76,"BRL","2923035",NA,NA,"BRBA2923035",NA,"BRA.5.282_1"
"3dd70479",2020-11-03,10,0,NA,NA,NA,NA,NA,NA,NA,NA,3,2,2,2,1,0,-2,3,2,2,0,4,0,-2,-53.65,-68.52,-59.52,-12.5,3,"Brazil","Bahia","Novo Horizonte",-12.870258805,-42.1216713129772,12522,"BRA","BR",76,"BRL","2923035",NA,NA,"BRBA2923035",NA,"BRA.5.282_1"
"3dd70479",2020-11-04,10,0,NA,NA,NA,NA,NA,NA,NA,NA,3,2,2,2,1,0,-2,3,2,2,0,4,0,-2,-53.65,-68.52,-59.52,-12.5,3,"Brazil","Bahia","Novo Horizonte",-12.870258805,-42.1216713129772,12522,"BRA","BR",76,"BRL","2923035",NA,NA,"BRBA2923035",NA,"BRA.5.282_1"
"3dd70479",2020-11-05,11,0,NA,NA,NA,NA,NA,NA,NA,NA,3,2,2,2,1,0,-2,3,2,2,0,4,0,-2,-53.65,-68.52,-59.52,-12.5,3,"Brazil","Bahia","Novo Horizonte",-12.870258805,-42.1216713129772,12522,"BRA","BR",76,"BRL","2923035",NA,NA,"BRBA2923035",NA,"BRA.5.282_1"
"3dd70479",2020-11-06,12,0,NA,NA,NA,NA,NA,NA,NA,NA,3,2,2,2,1,0,-2,3,2,2,0,4,0,-2,-53.65,-68.52,-59.52,-12.5,3,"Brazil","Bahia","Novo Horizonte",-12.870258805,-42.1216713129772,12522,"BRA","BR",76,"BRL","2923035",NA,NA,"BRBA2923035",NA,"BRA.5.282_1"
"3dd70479",2020-11-07,12,0,NA,NA,NA,NA,NA,NA,NA,NA,3,2,2,2,1,0,-2,3,2,2,0,4,0,-2,-53.65,-68.52,-59.52,-12.5,3,"Brazil","Bahia","Novo Horizonte",-12.870258805,-42.1216713129772,12522,"BRA","BR",76,"BRL","2923035",NA,NA,"BRBA2923035",NA,"BRA.5.282_1"
"3dd70479",2020-11-08,12,0,NA,NA,NA,NA,NA,NA,NA,NA,3,2,2,2,1,0,-2,3,2,2,0,4,0,-2,-53.65,-68.52,-59.52,-12.5,3,"Brazil","Bahia","Novo Horizonte",-12.870258805,-42.1216713129772,12522,"BRA","BR",76,"BRL","2923035",NA,NA,"BRBA2923035",NA,"BRA.5.282_1"
"3dd70479",2020-11-09,12,0,NA,NA,NA,NA,NA,NA,NA,NA,3,2,2,2,1,0,-2,3,2,2,0,4,0,-2,-53.65,-68.52,-59.52,-12.5,3,"Brazil","Bahia","Novo Horizonte",-12.870258805,-42.1216713129772,12522,"BRA","BR",76,"BRL","2923035",NA,NA,"BRBA2923035",NA,"BRA.5.282_1"
"3dd70479",2020-11-10,13,0,NA,NA,NA,NA,NA,NA,NA,NA,3,2,2,2,-1,0,-2,3,2,2,0,4,0,-2,-52.08,-65.74,-57.74,-12.5,3,"Brazil","Bahia","Novo Horizonte",-12.870258805,-42.1216713129772,12522,"BRA","BR",76,"BRL","2923035",NA,NA,"BRBA2923035",NA,"BRA.5.282_1"
"3dd70479",2020-11-11,12,0,NA,NA,NA,NA,NA,NA,NA,NA,3,2,2,2,-1,0,-2,3,2,2,0,4,0,-2,-52.08,-65.74,-57.74,-12.5,3,"Brazil","Bahia","Novo Horizonte",-12.870258805,-42.1216713129772,12522,"BRA","BR",76,"BRL","2923035",NA,NA,"BRBA2923035",NA,"BRA.5.282_1"
"3dd70479",2020-11-12,12,0,NA,NA,NA,NA,NA,NA,NA,NA,3,2,2,2,-1,0,-2,4,2,2,0,4,0,-2,-53.65,-68.52,-59.52,-12.5,3,"Brazil","Bahia","Novo Horizonte",-12.870258805,-42.1216713129772,12522,"BRA","BR",76,"BRL","2923035",NA,NA,"BRBA2923035",NA,"BRA.5.282_1"
"3dd70479",2020-11-13,12,0,NA,NA,NA,NA,NA,NA,NA,NA,3,2,2,2,-1,0,-2,4,2,2,0,4,0,-2,-53.65,-68.52,-59.52,-12.5,3,"Brazil","Bahia","Novo Horizonte",-12.870258805,-42.1216713129772,12522,"BRA","BR",76,"BRL","2923035",NA,NA,"BRBA2923035",NA,"BRA.5.282_1"
"3dd70479",2020-11-14,12,0,NA,NA,NA,NA,NA,NA,NA,NA,3,2,2,2,-1,0,-2,4,2,2,0,4,0,-2,-53.65,-68.52,-59.52,-12.5,3,"Brazil","Bahia","Novo Horizonte",-12.870258805,-42.1216713129772,12522,"BRA","BR",76,"BRL","2923035",NA,NA,"BRBA2923035",NA,"BRA.5.282_1"
"3dd70479",2020-11-15,12,0,NA,NA,NA,NA,NA,NA,NA,NA,3,2,2,2,-1,0,-2,4,2,2,0,4,0,-2,-53.65,-68.52,-59.52,-12.5,3,"Brazil","Bahia","Novo Horizonte",-12.870258805,-42.1216713129772,12522,"BRA","BR",76,"BRL","2923035",NA,NA,"BRBA2923035",NA,"BRA.5.282_1"
"3dd70479",2020-11-16,12,0,NA,NA,NA,NA,NA,NA,NA,NA,3,2,2,2,-1,0,-2,4,2,2,0,4,0,-2,-53.65,-68.52,-59.52,-12.5,3,"Brazil","Bahia","Novo Horizonte",-12.870258805,-42.1216713129772,12522,"BRA","BR",76,"BRL","2923035",NA,NA,"BRBA2923035",NA,"BRA.5.282_1"
"3dd70479",2020-11-17,12,0,NA,NA,NA,NA,NA,NA,NA,NA,3,2,2,2,-1,0,-2,4,2,2,0,4,0,-2,-53.65,-68.52,-59.52,-12.5,3,"Brazil","Bahia","Novo Horizonte",-12.870258805,-42.1216713129772,12522,"BRA","BR",76,"BRL","2923035",NA,NA,"BRBA2923035",NA,"BRA.5.282_1"
"3dd70479",2020-11-18,12,0,NA,NA,NA,NA,NA,NA,NA,NA,3,2,2,2,-1,0,-2,4,2,2,0,4,0,-2,-53.65,-68.52,-59.52,-12.5,3,"Brazil","Bahia","Novo Horizonte",-12.870258805,-42.1216713129772,12522,"BRA","BR",76,"BRL","2923035",NA,NA,"BRBA2923035",NA,"BRA.5.282_1"
"3dd70479",2020-11-19,12,0,NA,NA,NA,NA,NA,NA,NA,NA,3,2,2,2,-1,0,-2,4,2,2,0,4,0,-2,-53.65,-68.52,-59.52,-12.5,3,"Brazil","Bahia","Novo Horizonte",-12.870258805,-42.1216713129772,12522,"BRA","BR",76,"BRL","2923035",NA,NA,"BRBA2923035",NA,"BRA.5.282_1"
"3dd70479",2020-11-20,12,0,NA,NA,NA,NA,NA,NA,NA,NA,3,2,2,2,-1,0,-2,4,2,2,0,4,0,-2,-53.65,-68.52,-59.52,-12.5,3,"Brazil","Bahia","Novo Horizonte",-12.870258805,-42.1216713129772,12522,"BRA","BR",76,"BRL","2923035",NA,NA,"BRBA2923035",NA,"BRA.5.282_1"
"3dd70479",2020-11-21,12,0,NA,NA,NA,NA,NA,NA,NA,NA,3,2,2,2,-1,0,-2,4,2,2,0,4,0,-2,-53.65,-68.52,-59.52,-12.5,3,"Brazil","Bahia","Novo Horizonte",-12.870258805,-42.1216713129772,12522,"BRA","BR",76,"BRL","2923035",NA,NA,"BRBA2923035",NA,"BRA.5.282_1"
"3dd70479",2020-11-22,12,0,NA,NA,NA,NA,NA,NA,NA,NA,3,2,2,2,-1,0,-2,4,2,2,0,4,0,-2,-53.65,-68.52,-59.52,-12.5,3,"Brazil","Bahia","Novo Horizonte",-12.870258805,-42.1216713129772,12522,"BRA","BR",76,"BRL","2923035",NA,NA,"BRBA2923035",NA,"BRA.5.282_1"
"3dd70479",2020-11-23,12,0,NA,NA,NA,NA,NA,NA,NA,NA,3,2,2,2,-1,0,-2,4,2,2,0,4,0,-2,-53.65,-68.52,-59.52,-12.5,3,"Brazil","Bahia","Novo Horizonte",-12.870258805,-42.1216713129772,12522,"BRA","BR",76,"BRL","2923035",NA,NA,"BRBA2923035",NA,"BRA.5.282_1"
"3dd70479",2020-11-24,13,0,NA,NA,NA,NA,NA,NA,NA,NA,3,2,2,2,-1,0,-2,4,2,2,0,4,0,-2,-53.65,-68.52,-59.52,-12.5,3,"Brazil","Bahia","Novo Horizonte",-12.870258805,-42.1216713129772,12522,"BRA","BR",76,"BRL","2923035",NA,NA,"BRBA2923035",NA,"BRA.5.282_1"
"3dd70479",2020-11-25,13,0,NA,NA,NA,NA,NA,NA,NA,NA,3,2,2,2,-1,0,-2,4,2,2,0,4,0,-2,-53.65,-68.52,-59.52,-12.5,3,"Brazil","Bahia","Novo Horizonte",-12.870258805,-42.1216713129772,12522,"BRA","BR",76,"BRL","2923035",NA,NA,"BRBA2923035",NA,"BRA.5.282_1"
"3dd70479",2020-11-26,13,0,NA,NA,NA,NA,NA,NA,NA,NA,3,2,2,2,-1,0,-2,4,2,2,0,4,0,-2,-53.65,-68.52,-59.52,-12.5,3,"Brazil","Bahia","Novo Horizonte",-12.870258805,-42.1216713129772,12522,"BRA","BR",76,"BRL","2923035",NA,NA,"BRBA2923035",NA,"BRA.5.282_1"
"3dd70479",2020-11-27,13,0,NA,NA,NA,NA,NA,NA,NA,NA,3,2,2,2,-1,0,-2,4,2,2,0,4,0,-2,-53.65,-68.52,-59.52,-12.5,3,"Brazil","Bahia","Novo Horizonte",-12.870258805,-42.1216713129772,12522,"BRA","BR",76,"BRL","2923035",NA,NA,"BRBA2923035",NA,"BRA.5.282_1"
"3dd70479",2020-11-28,13,0,NA,NA,NA,NA,NA,NA,NA,NA,3,2,2,2,-1,0,-2,4,2,2,0,4,0,-2,-53.65,-68.52,-59.52,-12.5,3,"Brazil","Bahia","Novo Horizonte",-12.870258805,-42.1216713129772,12522,"BRA","BR",76,"BRL","2923035",NA,NA,"BRBA2923035",NA,"BRA.5.282_1"
"3dd70479",2020-11-29,13,0,NA,NA,NA,NA,NA,NA,NA,NA,3,2,2,2,-1,0,-2,4,2,2,0,4,0,-2,-53.65,-68.52,-59.52,-12.5,3,"Brazil","Bahia","Novo Horizonte",-12.870258805,-42.1216713129772,12522,"BRA","BR",76,"BRL","2923035",NA,NA,"BRBA2923035",NA,"BRA.5.282_1"
"3dd70479",2020-11-30,13,0,NA,NA,NA,NA,NA,NA,NA,NA,3,2,2,2,-1,0,-2,4,2,2,0,4,0,-2,-53.65,-68.52,-59.52,-12.5,3,"Brazil","Bahia","Novo Horizonte",-12.870258805,-42.1216713129772,12522,"BRA","BR",76,"BRL","2923035",NA,NA,"BRBA2923035",NA,"BRA.5.282_1"
"3dd70479",2020-12-01,13,0,NA,NA,NA,NA,NA,NA,NA,NA,3,2,2,2,-1,1,0,4,2,2,0,4,0,-2,-51.04,-63.89,-56.55,-12.5,3,"Brazil","Bahia","Novo Horizonte",-12.870258805,-42.1216713129772,12522,"BRA","BR",76,"BRL","2923035",NA,NA,"BRBA2923035",NA,"BRA.5.282_1"
"3dd70479",2020-12-02,13,0,NA,NA,NA,NA,NA,NA,NA,NA,3,2,2,2,-1,1,0,4,2,2,0,4,0,-2,-51.04,-63.89,-56.55,-12.5,3,"Brazil","Bahia","Novo Horizonte",-12.870258805,-42.1216713129772,12522,"BRA","BR",76,"BRL","2923035",NA,NA,"BRBA2923035",NA,"BRA.5.282_1"
"3dd70479",2020-12-03,13,0,NA,NA,NA,NA,NA,NA,NA,NA,3,2,2,2,-1,1,0,4,2,2,0,4,0,-2,-51.04,-63.89,-56.55,-12.5,3,"Brazil","Bahia","Novo Horizonte",-12.870258805,-42.1216713129772,12522,"BRA","BR",76,"BRL","2923035",NA,NA,"BRBA2923035",NA,"BRA.5.282_1"
"3dd70479",2020-12-04,13,0,NA,NA,NA,NA,NA,NA,NA,NA,3,2,2,2,-1,1,0,4,2,2,0,4,0,-2,-51.04,-63.89,-56.55,-12.5,3,"Brazil","Bahia","Novo Horizonte",-12.870258805,-42.1216713129772,12522,"BRA","BR",76,"BRL","2923035",NA,NA,"BRBA2923035",NA,"BRA.5.282_1"
"3dd70479",2020-12-05,13,0,NA,NA,NA,NA,NA,NA,NA,NA,3,2,2,2,-1,1,0,4,2,2,0,4,0,-2,-51.04,-63.89,-56.55,-12.5,3,"Brazil","Bahia","Novo Horizonte",-12.870258805,-42.1216713129772,12522,"BRA","BR",76,"BRL","2923035",NA,NA,"BRBA2923035",NA,"BRA.5.282_1"
"3dd70479",2020-12-06,15,0,NA,NA,NA,NA,NA,NA,NA,NA,3,2,2,2,-1,1,0,4,2,2,0,4,0,-2,-51.04,-63.89,-56.55,-12.5,3,"Brazil","Bahia","Novo Horizonte",-12.870258805,-42.1216713129772,12522,"BRA","BR",76,"BRL","2923035",NA,NA,"BRBA2923035",NA,"BRA.5.282_1"
"3dd70479",2020-12-07,15,0,NA,NA,NA,NA,NA,NA,NA,NA,3,2,2,2,-1,1,0,4,2,2,0,4,0,-2,-51.04,-63.89,-56.55,-12.5,3,"Brazil","Bahia","Novo Horizonte",-12.870258805,-42.1216713129772,12522,"BRA","BR",76,"BRL","2923035",NA,NA,"BRBA2923035",NA,"BRA.5.282_1"
"3dd70479",2020-12-08,15,0,NA,NA,NA,NA,NA,NA,NA,NA,3,2,2,2,-1,1,0,4,2,2,0,4,0,-2,-51.04,-63.89,-56.55,-12.5,3,"Brazil","Bahia","Novo Horizonte",-12.870258805,-42.1216713129772,12522,"BRA","BR",76,"BRL","2923035",NA,NA,"BRBA2923035",NA,"BRA.5.282_1"
"3dd70479",2020-12-09,15,0,NA,NA,NA,NA,NA,NA,NA,NA,3,2,2,2,-1,1,0,4,2,2,0,4,0,-2,-51.04,-63.89,-56.55,-12.5,3,"Brazil","Bahia","Novo Horizonte",-12.870258805,-42.1216713129772,12522,"BRA","BR",76,"BRL","2923035",NA,NA,"BRBA2923035",NA,"BRA.5.282_1"
"3dd70479",2020-12-10,15,0,NA,NA,NA,NA,NA,NA,NA,NA,3,2,2,2,-1,1,0,4,2,2,0,4,0,-2,-51.04,-63.89,-56.55,-12.5,3,"Brazil","Bahia","Novo Horizonte",-12.870258805,-42.1216713129772,12522,"BRA","BR",76,"BRL","2923035",NA,NA,"BRBA2923035",NA,"BRA.5.282_1"
"3dd70479",2020-12-11,15,0,NA,NA,NA,NA,NA,NA,NA,NA,3,2,2,2,-1,1,0,4,2,2,0,4,0,-2,-51.04,-63.89,-56.55,-12.5,3,"Brazil","Bahia","Novo Horizonte",-12.870258805,-42.1216713129772,12522,"BRA","BR",76,"BRL","2923035",NA,NA,"BRBA2923035",NA,"BRA.5.282_1"
"3dd70479",2020-12-12,15,0,NA,NA,NA,NA,NA,NA,NA,NA,3,2,2,2,-1,1,0,4,2,2,0,4,0,-2,-51.04,-63.89,-56.55,-12.5,3,"Brazil","Bahia","Novo Horizonte",-12.870258805,-42.1216713129772,12522,"BRA","BR",76,"BRL","2923035",NA,NA,"BRBA2923035",NA,"BRA.5.282_1"
"3dd70479",2020-12-13,15,0,NA,NA,NA,NA,NA,NA,NA,NA,3,2,2,2,-1,1,0,4,2,2,0,4,0,-2,-51.04,-63.89,-56.55,-12.5,3,"Brazil","Bahia","Novo Horizonte",-12.870258805,-42.1216713129772,12522,"BRA","BR",76,"BRL","2923035",NA,NA,"BRBA2923035",NA,"BRA.5.282_1"
"3dd70479",2020-12-14,15,0,NA,NA,NA,NA,NA,NA,NA,NA,3,2,2,2,-1,1,0,4,2,2,0,4,0,-2,-51.04,-63.89,-56.55,-12.5,3,"Brazil","Bahia","Novo Horizonte",-12.870258805,-42.1216713129772,12522,"BRA","BR",76,"BRL","2923035",NA,NA,"BRBA2923035",NA,"BRA.5.282_1"
"3dd70479",2020-12-15,18,0,NA,NA,NA,NA,NA,NA,NA,NA,3,2,2,2,-1,1,0,4,2,2,0,4,0,-2,-51.04,-63.89,-56.55,-12.5,3,"Brazil","Bahia","Novo Horizonte",-12.870258805,-42.1216713129772,12522,"BRA","BR",76,"BRL","2923035",NA,NA,"BRBA2923035",NA,"BRA.5.282_1"
"3dd70479",2020-12-16,30,0,NA,NA,NA,NA,NA,NA,NA,NA,3,2,2,2,-1,1,0,4,2,2,0,4,0,-2,-51.04,-63.89,-56.55,-12.5,3,"Brazil","Bahia","Novo Horizonte",-12.870258805,-42.1216713129772,12522,"BRA","BR",76,"BRL","2923035",NA,NA,"BRBA2923035",NA,"BRA.5.282_1"
"3dd70479",2020-12-17,30,0,NA,NA,NA,NA,NA,NA,NA,NA,3,2,2,2,-1,1,0,4,2,2,0,4,0,-2,-51.04,-63.89,-56.55,-12.5,3,"Brazil","Bahia","Novo Horizonte",-12.870258805,-42.1216713129772,12522,"BRA","BR",76,"BRL","2923035",NA,NA,"BRBA2923035",NA,"BRA.5.282_1"
"3dd70479",2020-12-18,37,0,NA,NA,NA,NA,NA,NA,NA,NA,3,2,2,2,-1,1,0,4,2,2,0,4,0,-2,-51.04,-63.89,-56.55,-12.5,3,"Brazil","Bahia","Novo Horizonte",-12.870258805,-42.1216713129772,12522,"BRA","BR",76,"BRL","2923035",NA,NA,"BRBA2923035",NA,"BRA.5.282_1"
"3dd70479",2020-12-19,39,0,NA,NA,NA,NA,NA,NA,NA,NA,3,2,2,2,-1,1,0,4,2,2,0,4,0,-2,-51.04,-63.89,-56.55,-12.5,3,"Brazil","Bahia","Novo Horizonte",-12.870258805,-42.1216713129772,12522,"BRA","BR",76,"BRL","2923035",NA,NA,"BRBA2923035",NA,"BRA.5.282_1"
"3dd70479",2020-12-20,39,0,NA,NA,NA,NA,NA,NA,NA,NA,3,2,2,2,-1,1,0,4,2,2,0,4,0,-2,-51.04,-63.89,-56.55,-12.5,3,"Brazil","Bahia","Novo Horizonte",-12.870258805,-42.1216713129772,12522,"BRA","BR",76,"BRL","2923035",NA,NA,"BRBA2923035",NA,"BRA.5.282_1"
"3dd70479",2020-12-21,39,0,NA,NA,NA,NA,NA,NA,NA,NA,3,2,2,2,-1,1,0,4,2,2,0,4,0,-2,-51.04,-63.89,-56.55,-12.5,3,"Brazil","Bahia","Novo Horizonte",-12.870258805,-42.1216713129772,12522,"BRA","BR",76,"BRL","2923035",NA,NA,"BRBA2923035",NA,"BRA.5.282_1"
"3dd70479",2020-12-22,39,0,NA,NA,NA,NA,NA,NA,NA,NA,3,2,2,2,-1,1,0,4,2,2,0,4,0,-2,-51.04,-63.89,-56.55,-12.5,3,"Brazil","Bahia","Novo Horizonte",-12.870258805,-42.1216713129772,12522,"BRA","BR",76,"BRL","2923035",NA,NA,"BRBA2923035",NA,"BRA.5.282_1"
"3dd70479",2020-12-23,39,0,NA,NA,NA,NA,NA,NA,NA,NA,3,2,2,2,-1,1,0,3,2,2,0,4,0,-2,-49.48,-61.11,-54.76,-12.5,3,"Brazil","Bahia","Novo Horizonte",-12.870258805,-42.1216713129772,12522,"BRA","BR",76,"BRL","2923035",NA,NA,"BRBA2923035",NA,"BRA.5.282_1"
"3dd70479",2020-12-24,39,0,NA,NA,NA,NA,NA,NA,NA,NA,3,2,2,2,-1,1,0,3,2,2,0,4,0,-2,-49.48,-61.11,-54.76,-12.5,3,"Brazil","Bahia","Novo Horizonte",-12.870258805,-42.1216713129772,12522,"BRA","BR",76,"BRL","2923035",NA,NA,"BRBA2923035",NA,"BRA.5.282_1"
"3dd70479",2020-12-25,39,0,NA,NA,NA,NA,NA,NA,NA,NA,3,2,2,2,-1,1,0,3,2,2,0,4,0,-2,-49.48,-61.11,-54.76,-12.5,3,"Brazil","Bahia","Novo Horizonte",-12.870258805,-42.1216713129772,12522,"BRA","BR",76,"BRL","2923035",NA,NA,"BRBA2923035",NA,"BRA.5.282_1"
"3dd70479",2020-12-26,41,0,NA,NA,NA,NA,NA,NA,NA,NA,3,2,2,2,-1,1,0,3,2,2,0,4,0,-2,-49.48,-61.11,-54.76,-12.5,3,"Brazil","Bahia","Novo Horizonte",-12.870258805,-42.1216713129772,12522,"BRA","BR",76,"BRL","2923035",NA,NA,"BRBA2923035",NA,"BRA.5.282_1"
"3dd70479",2020-12-27,41,0,NA,NA,NA,NA,NA,NA,NA,NA,3,2,2,2,-1,1,0,3,2,2,0,4,0,-2,-49.48,-61.11,-54.76,-12.5,3,"Brazil","Bahia","Novo Horizonte",-12.870258805,-42.1216713129772,12522,"BRA","BR",76,"BRL","2923035",NA,NA,"BRBA2923035",NA,"BRA.5.282_1"
"3dd70479",2020-12-28,41,0,NA,NA,NA,NA,NA,NA,NA,NA,3,2,2,2,-1,1,0,3,2,2,0,4,0,-2,-49.48,-61.11,-54.76,-12.5,3,"Brazil","Bahia","Novo Horizonte",-12.870258805,-42.1216713129772,12522,"BRA","BR",76,"BRL","2923035",NA,NA,"BRBA2923035",NA,"BRA.5.282_1"
"3dd70479",2020-12-29,41,0,NA,NA,NA,NA,NA,NA,NA,NA,3,2,2,2,-1,1,0,3,2,2,0,4,0,-2,-47.92,-61.11,-54.76,0,3,"Brazil","Bahia","Novo Horizonte",-12.870258805,-42.1216713129772,12522,"BRA","BR",76,"BRL","2923035",NA,NA,"BRBA2923035",NA,"BRA.5.282_1"
"3dd70479",2020-12-30,41,0,NA,NA,NA,NA,NA,NA,NA,NA,3,2,2,2,-1,1,0,3,2,2,0,4,0,-2,-47.92,-61.11,-54.76,0,3,"Brazil","Bahia","Novo Horizonte",-12.870258805,-42.1216713129772,12522,"BRA","BR",76,"BRL","2923035",NA,NA,"BRBA2923035",NA,"BRA.5.282_1"
"3dd70479",2020-12-31,41,0,NA,NA,NA,NA,NA,NA,NA,NA,3,2,2,2,-1,1,-2,3,2,2,0,4,0,-2,-52.6,-69.44,-60.12,0,3,"Brazil","Bahia","Novo Horizonte",-12.870258805,-42.1216713129772,12522,"BRA","BR",76,"BRL","2923035",NA,NA,"BRBA2923035",NA,"BRA.5.282_1"
"3dd70479",2021-01-01,41,0,NA,NA,NA,NA,NA,NA,NA,NA,3,2,2,2,-1,1,-2,3,2,2,0,4,0,-2,-52.6,-69.44,-60.12,0,3,"Brazil","Bahia","Novo Horizonte",-12.870258805,-42.1216713129772,12522,"BRA","BR",76,"BRL","2923035",NA,NA,"BRBA2923035",NA,"BRA.5.282_1"
"3dd70479",2021-01-02,42,0,NA,NA,NA,NA,NA,NA,NA,NA,3,2,2,2,-1,1,0,3,2,2,0,4,0,-2,-47.92,-61.11,-54.76,0,3,"Brazil","Bahia","Novo Horizonte",-12.870258805,-42.1216713129772,12522,"BRA","BR",76,"BRL","2923035",NA,NA,"BRBA2923035",NA,"BRA.5.282_1"
"3dd70479",2021-01-03,42,0,NA,NA,NA,NA,NA,NA,NA,NA,3,2,2,2,-1,1,0,3,2,2,0,4,0,-2,-47.92,-61.11,-54.76,0,3,"Brazil","Bahia","Novo Horizonte",-12.870258805,-42.1216713129772,12522,"BRA","BR",76,"BRL","2923035",NA,NA,"BRBA2923035",NA,"BRA.5.282_1"
"3dd70479",2021-01-04,42,0,NA,NA,NA,NA,NA,NA,NA,NA,2,2,2,2,-1,1,0,3,2,2,0,4,0,-2,-45.83,-57.41,-52.38,0,3,"Brazil","Bahia","Novo Horizonte",-12.870258805,-42.1216713129772,12522,"BRA","BR",76,"BRL","2923035",NA,NA,"BRBA2923035",NA,"BRA.5.282_1"
"3dd70479",2021-01-05,42,0,NA,NA,NA,NA,NA,NA,NA,NA,2,2,2,2,-1,1,0,3,2,2,0,4,0,-2,-45.83,-57.41,-52.38,0,3,"Brazil","Bahia","Novo Horizonte",-12.870258805,-42.1216713129772,12522,"BRA","BR",76,"BRL","2923035",NA,NA,"BRBA2923035",NA,"BRA.5.282_1"
"3dd70479",2021-01-06,43,0,NA,NA,NA,NA,NA,NA,NA,NA,2,2,2,2,-1,1,0,3,2,2,0,4,0,-2,-45.83,-57.41,-52.38,0,3,"Brazil","Bahia","Novo Horizonte",-12.870258805,-42.1216713129772,12522,"BRA","BR",76,"BRL","2923035",NA,NA,"BRBA2923035",NA,"BRA.5.282_1"
"3dd70479",2021-01-07,51,0,NA,NA,NA,NA,NA,NA,NA,NA,2,2,2,2,-1,1,0,3,2,2,0,4,0,-2,-45.83,-57.41,-52.38,0,3,"Brazil","Bahia","Novo Horizonte",-12.870258805,-42.1216713129772,12522,"BRA","BR",76,"BRL","2923035",NA,NA,"BRBA2923035",NA,"BRA.5.282_1"
"3dd70479",2021-01-08,57,0,NA,NA,NA,NA,NA,NA,NA,NA,2,2,2,2,-1,1,0,3,2,2,0,4,0,-2,-45.83,-57.41,-52.38,0,3,"Brazil","Bahia","Novo Horizonte",-12.870258805,-42.1216713129772,12522,"BRA","BR",76,"BRL","2923035",NA,NA,"BRBA2923035",NA,"BRA.5.282_1"
"3dd70479",2021-01-09,59,0,NA,NA,NA,NA,NA,NA,NA,NA,2,2,2,2,-1,1,0,3,2,2,0,4,0,-2,-45.83,-57.41,-52.38,0,3,"Brazil","Bahia","Novo Horizonte",-12.870258805,-42.1216713129772,12522,"BRA","BR",76,"BRL","2923035",NA,NA,"BRBA2923035",NA,"BRA.5.282_1"
"3dd70479",2021-01-10,59,0,NA,NA,NA,NA,NA,NA,NA,NA,2,2,2,2,-1,1,0,3,2,2,0,4,0,-2,-45.83,-57.41,-52.38,0,3,"Brazil","Bahia","Novo Horizonte",-12.870258805,-42.1216713129772,12522,"BRA","BR",76,"BRL","2923035",NA,NA,"BRBA2923035",NA,"BRA.5.282_1"
"3dd70479",2021-01-11,59,0,NA,NA,NA,NA,NA,NA,NA,NA,2,2,2,2,-1,1,0,3,2,2,0,4,0,-2,-45.83,-57.41,-52.38,0,3,"Brazil","Bahia","Novo Horizonte",-12.870258805,-42.1216713129772,12522,"BRA","BR",76,"BRL","2923035",NA,NA,"BRBA2923035",NA,"BRA.5.282_1"
"3dd70479",2021-01-12,59,0,NA,NA,NA,NA,NA,NA,NA,NA,2,2,2,2,-1,1,0,3,2,2,0,4,0,-2,-45.83,-57.41,-52.38,0,3,"Brazil","Bahia","Novo Horizonte",-12.870258805,-42.1216713129772,12522,"BRA","BR",76,"BRL","2923035",NA,NA,"BRBA2923035",NA,"BRA.5.282_1"
"3dd70479",2021-01-13,59,0,NA,NA,NA,NA,NA,NA,NA,NA,2,2,2,2,-1,1,0,3,2,2,0,4,0,-2,-45.83,-57.41,-52.38,0,3,"Brazil","Bahia","Novo Horizonte",-12.870258805,-42.1216713129772,12522,"BRA","BR",76,"BRL","2923035",NA,NA,"BRBA2923035",NA,"BRA.5.282_1"
"3dd70479",2021-01-14,62,0,NA,NA,NA,NA,NA,NA,NA,NA,2,2,2,2,-1,1,0,3,2,2,0,4,0,-2,-45.83,-57.41,-52.38,0,3,"Brazil","Bahia","Novo Horizonte",-12.870258805,-42.1216713129772,12522,"BRA","BR",76,"BRL","2923035",NA,NA,"BRBA2923035",NA,"BRA.5.282_1"
"3dd70479",2021-01-15,66,0,NA,NA,NA,NA,NA,NA,NA,NA,2,2,2,2,-1,1,0,3,2,2,0,4,0,-2,-45.83,-57.41,-52.38,0,3,"Brazil","Bahia","Novo Horizonte",-12.870258805,-42.1216713129772,12522,"BRA","BR",76,"BRL","2923035",NA,NA,"BRBA2923035",NA,"BRA.5.282_1"
"3dd70479",2021-01-16,68,0,NA,NA,NA,NA,NA,NA,NA,NA,2,2,2,2,-1,1,0,3,2,2,0,4,0,-2,-45.83,-57.41,-52.38,0,3,"Brazil","Bahia","Novo Horizonte",-12.870258805,-42.1216713129772,12522,"BRA","BR",76,"BRL","2923035",NA,NA,"BRBA2923035",NA,"BRA.5.282_1"
"3dd70479",2021-01-17,68,0,NA,NA,NA,NA,NA,NA,NA,NA,2,2,2,2,-1,1,0,3,2,2,0,4,0,-2,-45.83,-57.41,-52.38,0,3,"Brazil","Bahia","Novo Horizonte",-12.870258805,-42.1216713129772,12522,"BRA","BR",76,"BRL","2923035",NA,NA,"BRBA2923035",NA,"BRA.5.282_1"
"3dd70479",2021-01-18,68,0,NA,NA,NA,NA,NA,NA,NA,NA,2,2,2,2,-1,1,0,3,2,2,0,4,3,-2,-49.58,-57.41,-56.67,0,3,"Brazil","Bahia","Novo Horizonte",-12.870258805,-42.1216713129772,12522,"BRA","BR",76,"BRL","2923035",NA,NA,"BRBA2923035",NA,"BRA.5.282_1"
"3dd70479",2021-01-19,70,0,NA,NA,NA,NA,NA,NA,NA,NA,2,2,2,2,-1,1,0,3,2,2,0,4,3,-2,-48.96,-57.41,-55.95,0,3,"Brazil","Bahia","Novo Horizonte",-12.870258805,-42.1216713129772,12522,"BRA","BR",76,"BRL","2923035",NA,NA,"BRBA2923035",NA,"BRA.5.282_1"
"3dd70479",2021-01-20,79,0,NA,NA,7,7,0,NA,NA,NA,2,2,2,2,-1,1,0,3,2,2,0,4,3,-2,-48.96,-57.41,-55.95,0,3,"Brazil","Bahia","Novo Horizonte",-12.870258805,-42.1216713129772,12522,"BRA","BR",76,"BRL","2923035",NA,NA,"BRBA2923035",NA,"BRA.5.282_1"
"3dd70479",2021-01-21,80,0,NA,NA,28,28,0,NA,NA,NA,2,2,2,2,-2,1,0,3,2,2,0,4,3,-2,-52.08,-62.96,-59.52,0,3,"Brazil","Bahia","Novo Horizonte",-12.870258805,-42.1216713129772,12522,"BRA","BR",76,"BRL","2923035",NA,NA,"BRBA2923035",NA,"BRA.5.282_1"
"3dd70479",2021-01-22,80,0,NA,NA,32,32,0,NA,NA,NA,2,2,2,2,-2,1,0,3,2,2,0,4,3,-2,-52.08,-62.96,-59.52,0,3,"Brazil","Bahia","Novo Horizonte",-12.870258805,-42.1216713129772,12522,"BRA","BR",76,"BRL","2923035",NA,NA,"BRBA2923035",NA,"BRA.5.282_1"
"3dd70479",2021-01-23,80,0,NA,NA,NA,NA,NA,NA,NA,NA,2,2,2,2,-2,1,0,3,2,2,0,4,3,-2,-52.08,-62.96,-59.52,0,3,"Brazil","Bahia","Novo Horizonte",-12.870258805,-42.1216713129772,12522,"BRA","BR",76,"BRL","2923035",NA,NA,"BRBA2923035",NA,"BRA.5.282_1"
"3dd70479",2021-01-24,87,0,NA,NA,NA,NA,NA,NA,NA,NA,2,2,2,2,-2,1,0,3,2,2,0,4,3,-2,-52.08,-62.96,-59.52,0,3,"Brazil","Bahia","Novo Horizonte",-12.870258805,-42.1216713129772,12522,"BRA","BR",76,"BRL","2923035",NA,NA,"BRBA2923035",NA,"BRA.5.282_1"
"3dd70479",2021-01-25,90,0,NA,NA,33,33,0,NA,NA,NA,2,2,2,2,-2,1,0,3,2,2,0,4,3,-2,-52.08,-62.96,-59.52,0,3,"Brazil","Bahia","Novo Horizonte",-12.870258805,-42.1216713129772,12522,"BRA","BR",76,"BRL","2923035",NA,NA,"BRBA2923035",NA,"BRA.5.282_1"
"3dd70479",2021-01-26,90,0,NA,NA,39,39,0,NA,NA,NA,2,2,2,2,-2,1,0,3,2,2,0,4,3,-2,-52.08,-62.96,-59.52,0,3,"Brazil","Bahia","Novo Horizonte",-12.870258805,-42.1216713129772,12522,"BRA","BR",76,"BRL","2923035",NA,NA,"BRBA2923035",NA,"BRA.5.282_1"
"3dd70479",2021-01-27,90,0,NA,NA,NA,NA,NA,NA,NA,NA,2,2,2,2,-2,1,0,3,2,2,0,4,3,-2,-52.08,-62.96,-59.52,0,3,"Brazil","Bahia","Novo Horizonte",-12.870258805,-42.1216713129772,12522,"BRA","BR",76,"BRL","2923035",NA,NA,"BRBA2923035",NA,"BRA.5.282_1"
"3dd70479",2021-01-28,90,0,NA,NA,49,49,0,NA,NA,NA,2,2,2,2,-2,1,0,3,2,2,0,4,3,-2,-52.08,-62.96,-59.52,0,3,"Brazil","Bahia","Novo Horizonte",-12.870258805,-42.1216713129772,12522,"BRA","BR",76,"BRL","2923035",NA,NA,"BRBA2923035",NA,"BRA.5.282_1"
"3dd70479",2021-01-29,90,0,NA,NA,NA,NA,NA,NA,NA,NA,2,2,2,2,-2,1,0,3,2,2,0,4,3,-2,-52.08,-62.96,-59.52,0,3,"Brazil","Bahia","Novo Horizonte",-12.870258805,-42.1216713129772,12522,"BRA","BR",76,"BRL","2923035",NA,NA,"BRBA2923035",NA,"BRA.5.282_1"
"3dd70479",2021-01-30,97,0,NA,NA,NA,NA,NA,NA,NA,NA,2,2,2,2,-2,1,0,3,2,2,0,4,3,-2,-52.08,-62.96,-59.52,0,3,"Brazil","Bahia","Novo Horizonte",-12.870258805,-42.1216713129772,12522,"BRA","BR",76,"BRL","2923035",NA,NA,"BRBA2923035",NA,"BRA.5.282_1"
"3dd70479",2021-01-31,102,0,NA,NA,NA,NA,NA,NA,NA,NA,2,2,2,2,-2,1,0,3,2,2,0,4,3,-2,-52.08,-62.96,-59.52,0,3,"Brazil","Bahia","Novo Horizonte",-12.870258805,-42.1216713129772,12522,"BRA","BR",76,"BRL","2923035",NA,NA,"BRBA2923035",NA,"BRA.5.282_1"
"3dd70479",2021-02-01,102,0,NA,NA,50,50,0,NA,NA,NA,2,-3,2,2,-2,1,0,3,2,2,0,4,3,-2,-53.13,-64.81,-60.71,0,3,"Brazil","Bahia","Novo Horizonte",-12.870258805,-42.1216713129772,12522,"BRA","BR",76,"BRL","2923035",NA,NA,"BRBA2923035",NA,"BRA.5.282_1"
"3dd70479",2021-02-02,103,0,NA,NA,60,60,0,NA,NA,NA,2,-3,2,2,-2,1,0,3,2,2,0,4,3,-2,-53.13,-64.81,-60.71,0,3,"Brazil","Bahia","Novo Horizonte",-12.870258805,-42.1216713129772,12522,"BRA","BR",76,"BRL","2923035",NA,NA,"BRBA2923035",NA,"BRA.5.282_1"
"3dd70479",2021-02-03,106,0,NA,NA,NA,NA,NA,NA,NA,NA,2,-3,2,2,-2,1,0,3,2,2,0,4,3,-2,-53.13,-64.81,-60.71,0,3,"Brazil","Bahia","Novo Horizonte",-12.870258805,-42.1216713129772,12522,"BRA","BR",76,"BRL","2923035",NA,NA,"BRBA2923035",NA,"BRA.5.282_1"
"3dd70479",2021-02-04,106,0,NA,NA,71,71,0,NA,NA,NA,2,2,2,-4,-2,1,0,3,2,2,0,4,3,-2,-54.43,-67.13,-62.2,0,3,"Brazil","Bahia","Novo Horizonte",-12.870258805,-42.1216713129772,12522,"BRA","BR",76,"BRL","2923035",NA,NA,"BRBA2923035",NA,"BRA.5.282_1"
"3dd70479",2021-02-05,107,0,NA,NA,NA,NA,NA,NA,NA,NA,2,2,2,-4,-2,1,0,3,2,2,0,4,3,-2,-54.43,-67.13,-62.2,0,3,"Brazil","Bahia","Novo Horizonte",-12.870258805,-42.1216713129772,12522,"BRA","BR",76,"BRL","2923035",NA,NA,"BRBA2923035",NA,"BRA.5.282_1"
"3dd70479",2021-02-06,109,0,NA,NA,NA,NA,NA,NA,NA,NA,2,2,2,2,-2,1,0,3,2,2,0,4,3,-2,-52.08,-62.96,-59.52,0,3,"Brazil","Bahia","Novo Horizonte",-12.870258805,-42.1216713129772,12522,"BRA","BR",76,"BRL","2923035",NA,NA,"BRBA2923035",NA,"BRA.5.282_1"
"3dd70479",2021-02-07,111,0,NA,NA,NA,NA,NA,NA,NA,NA,2,2,2,2,-2,1,0,3,2,2,0,4,3,-2,-52.08,-62.96,-59.52,0,3,"Brazil","Bahia","Novo Horizonte",-12.870258805,-42.1216713129772,12522,"BRA","BR",76,"BRL","2923035",NA,NA,"BRBA2923035",NA,"BRA.5.282_1"
"3dd70479",2021-02-08,111,0,NA,NA,93,93,0,NA,NA,NA,2,2,2,2,-2,1,0,3,2,2,0,4,3,-2,-52.08,-62.96,-59.52,0,3,"Brazil","Bahia","Novo Horizonte",-12.870258805,-42.1216713129772,12522,"BRA","BR",76,"BRL","2923035",NA,NA,"BRBA2923035",NA,"BRA.5.282_1"
"3dd70479",2021-02-09,111,0,NA,NA,94,94,0,NA,NA,NA,2,2,2,2,-2,1,0,3,2,2,0,4,3,-2,-52.08,-62.96,-59.52,0,3,"Brazil","Bahia","Novo Horizonte",-12.870258805,-42.1216713129772,12522,"BRA","BR",76,"BRL","2923035",NA,NA,"BRBA2923035",NA,"BRA.5.282_1"
"3dd70479",2021-02-10,111,0,NA,NA,NA,NA,NA,NA,NA,NA,2,2,2,2,-2,1,0,3,2,2,0,4,3,-2,-52.08,-62.96,-59.52,0,3,"Brazil","Bahia","Novo Horizonte",-12.870258805,-42.1216713129772,12522,"BRA","BR",76,"BRL","2923035",NA,NA,"BRBA2923035",NA,"BRA.5.282_1"
"3dd70479",2021-02-11,111,0,NA,NA,115,115,0,NA,NA,NA,2,2,2,2,-2,1,0,3,2,2,0,4,3,-2,-52.08,-62.96,-59.52,0,3,"Brazil","Bahia","Novo Horizonte",-12.870258805,-42.1216713129772,12522,"BRA","BR",76,"BRL","2923035",NA,NA,"BRBA2923035",NA,"BRA.5.282_1"
"3dd70479",2021-02-12,111,0,NA,NA,143,143,0,NA,NA,NA,2,2,2,2,-2,1,0,3,2,2,0,4,3,-2,-52.08,-62.96,-59.52,0,3,"Brazil","Bahia","Novo Horizonte",-12.870258805,-42.1216713129772,12522,"BRA","BR",76,"BRL","2923035",NA,NA,"BRBA2923035",NA,"BRA.5.282_1"
"3dd70479",2021-02-13,111,0,NA,NA,NA,NA,NA,NA,NA,NA,2,2,2,2,-2,1,0,3,2,2,0,4,3,-2,-52.08,-62.96,-59.52,0,3,"Brazil","Bahia","Novo Horizonte",-12.870258805,-42.1216713129772,12522,"BRA","BR",76,"BRL","2923035",NA,NA,"BRBA2923035",NA,"BRA.5.282_1"
"3dd70479",2021-02-14,111,0,NA,NA,NA,NA,NA,NA,NA,NA,2,2,2,2,-2,1,0,3,2,2,0,4,3,-2,-52.08,-62.96,-59.52,0,3,"Brazil","Bahia","Novo Horizonte",-12.870258805,-42.1216713129772,12522,"BRA","BR",76,"BRL","2923035",NA,NA,"BRBA2923035",NA,"BRA.5.282_1"
"3dd70479",2021-02-15,111,0,NA,NA,188,188,0,NA,NA,NA,2,2,2,2,-2,1,0,3,2,2,0,4,3,-2,-52.08,-62.96,-59.52,0,3,"Brazil","Bahia","Novo Horizonte",-12.870258805,-42.1216713129772,12522,"BRA","BR",76,"BRL","2923035",NA,NA,"BRBA2923035",NA,"BRA.5.282_1"
"3dd70479",2021-02-16,111,0,NA,NA,218,218,0,NA,NA,NA,2,2,2,2,-2,1,0,3,2,2,0,4,3,-2,-52.08,-62.96,-59.52,0,3,"Brazil","Bahia","Novo Horizonte",-12.870258805,-42.1216713129772,12522,"BRA","BR",76,"BRL","2923035",NA,NA,"BRBA2923035",NA,"BRA.5.282_1"
"3dd70479",2021-02-17,111,0,NA,NA,224,218,6,NA,NA,NA,2,2,2,2,-2,1,0,3,2,2,0,4,3,-2,-52.08,-62.96,-59.52,0,3,"Brazil","Bahia","Novo Horizonte",-12.870258805,-42.1216713129772,12522,"BRA","BR",76,"BRL","2923035",NA,NA,"BRBA2923035",NA,"BRA.5.282_1"
"3dd70479",2021-02-18,111,0,NA,NA,244,220,24,NA,NA,NA,2,2,2,2,-2,1,0,3,2,2,0,4,3,-2,-52.08,-62.96,-59.52,0,3,"Brazil","Bahia","Novo Horizonte",-12.870258805,-42.1216713129772,12522,"BRA","BR",76,"BRL","2923035",NA,NA,"BRBA2923035",NA,"BRA.5.282_1"
"3dd70479",2021-02-19,111,0,NA,NA,250,220,30,NA,NA,NA,2,2,2,2,-2,-2,0,3,2,2,0,4,3,-2,-53.12,-64.81,-60.71,0,3,"Brazil","Bahia","Novo Horizonte",-12.870258805,-42.1216713129772,12522,"BRA","BR",76,"BRL","2923035",NA,NA,"BRBA2923035",NA,"BRA.5.282_1"
"3dd70479",2021-02-20,111,0,NA,NA,NA,NA,NA,NA,NA,NA,2,2,2,2,-2,-2,-2,3,2,2,0,4,3,-2,-57.81,-73.15,-66.07,0,3,"Brazil","Bahia","Novo Horizonte",-12.870258805,-42.1216713129772,12522,"BRA","BR",76,"BRL","2923035",NA,NA,"BRBA2923035",NA,"BRA.5.282_1"
"3dd70479",2021-02-21,112,0,NA,NA,NA,NA,NA,NA,NA,NA,2,2,2,2,-2,-2,-2,3,2,2,0,4,3,-2,-57.81,-73.15,-66.07,0,3,"Brazil","Bahia","Novo Horizonte",-12.870258805,-42.1216713129772,12522,"BRA","BR",76,"BRL","2923035",NA,NA,"BRBA2923035",NA,"BRA.5.282_1"
"3dd70479",2021-02-22,112,0,NA,NA,252,220,32,NA,NA,NA,2,2,2,4,-2,-2,-2,3,2,2,0,4,3,-2,-60.94,-78.7,-69.64,0,3,"Brazil","Bahia","Novo Horizonte",-12.870258805,-42.1216713129772,12522,"BRA","BR",76,"BRL","2923035",NA,NA,"BRBA2923035",NA,"BRA.5.282_1"
"3dd70479",2021-02-23,112,0,NA,NA,254,220,34,NA,NA,NA,2,2,2,4,-2,-2,-2,3,2,2,0,4,3,-2,-60.94,-78.7,-69.64,0,3,"Brazil","Bahia","Novo Horizonte",-12.870258805,-42.1216713129772,12522,"BRA","BR",76,"BRL","2923035",NA,NA,"BRBA2923035",NA,"BRA.5.282_1"
"3dd70479",2021-02-24,112,0,NA,NA,NA,NA,NA,NA,NA,NA,2,2,2,4,-2,-2,-2,3,2,2,0,4,3,-2,-60.94,-78.7,-69.64,0,3,"Brazil","Bahia","Novo Horizonte",-12.870258805,-42.1216713129772,12522,"BRA","BR",76,"BRL","2923035",NA,NA,"BRBA2923035",NA,"BRA.5.282_1"
"3dd70479",2021-02-25,113,0,NA,NA,257,221,36,NA,NA,NA,2,2,2,4,-2,-2,-2,3,2,2,0,4,3,-2,-60.94,-78.7,-69.64,0,3,"Brazil","Bahia","Novo Horizonte",-12.870258805,-42.1216713129772,12522,"BRA","BR",76,"BRL","2923035",NA,NA,"BRBA2923035",NA,"BRA.5.282_1"
"3dd70479",2021-02-26,113,0,NA,NA,308,272,36,NA,NA,NA,2,3,2,4,-2,-2,-2,3,2,2,0,4,3,-2,-63.02,-82.41,-72.02,0,3,"Brazil","Bahia","Novo Horizonte",-12.870258805,-42.1216713129772,12522,"BRA","BR",76,"BRL","2923035",NA,NA,"BRBA2923035",NA,"BRA.5.282_1"
"3dd70479",2021-02-27,113,0,NA,NA,339,302,37,NA,NA,NA,2,3,2,4,-2,-2,-2,3,2,2,0,4,3,-2,-63.02,-82.41,-72.02,0,3,"Brazil","Bahia","Novo Horizonte",-12.870258805,-42.1216713129772,12522,"BRA","BR",76,"BRL","2923035",NA,NA,"BRBA2923035",NA,"BRA.5.282_1"
"3dd70479",2021-02-28,113,0,NA,NA,NA,NA,NA,NA,NA,NA,2,3,2,4,-2,-2,-2,3,2,2,0,4,3,-2,-63.02,-82.41,-72.02,0,3,"Brazil","Bahia","Novo Horizonte",-12.870258805,-42.1216713129772,12522,"BRA","BR",76,"BRL","2923035",NA,NA,"BRBA2923035",NA,"BRA.5.282_1"
"3dd70479",2021-03-01,113,0,NA,NA,360,321,39,NA,NA,NA,2,3,2,4,-2,-2,-2,3,2,2,0,4,3,-2,-63.02,-82.41,-72.02,0,3,"Brazil","Bahia","Novo Horizonte",-12.870258805,-42.1216713129772,12522,"BRA","BR",76,"BRL","2923035",NA,NA,"BRBA2923035",NA,"BRA.5.282_1"
"3dd70479",2021-03-02,113,0,NA,NA,372,332,40,NA,NA,NA,2,3,2,4,-2,-2,-2,3,2,2,0,4,3,-2,-63.02,-82.41,-72.02,0,3,"Brazil","Bahia","Novo Horizonte",-12.870258805,-42.1216713129772,12522,"BRA","BR",76,"BRL","2923035",NA,NA,"BRBA2923035",NA,"BRA.5.282_1"
"3dd70479",2021-03-03,114,0,NA,NA,391,351,40,NA,NA,NA,2,3,2,4,-2,2,-2,3,2,2,0,4,3,-2,-64.06,-84.26,-73.21,0,3,"Brazil","Bahia","Novo Horizonte",-12.870258805,-42.1216713129772,12522,"BRA","BR",76,"BRL","2923035",NA,NA,"BRBA2923035",NA,"BRA.5.282_1"
"3dd70479",2021-03-04,118,0,NA,NA,NA,NA,NA,NA,NA,NA,2,3,2,4,-2,2,-2,3,2,2,0,4,3,-2,-64.06,-84.26,-73.21,0,3,"Brazil","Bahia","Novo Horizonte",-12.870258805,-42.1216713129772,12522,"BRA","BR",76,"BRL","2923035",NA,NA,"BRBA2923035",NA,"BRA.5.282_1"
"3dd70479",2021-03-05,121,0,NA,NA,413,373,40,NA,NA,NA,2,3,2,4,-2,2,-2,3,2,2,0,4,3,-2,-64.06,-84.26,-73.21,0,3,"Brazil","Bahia","Novo Horizonte",-12.870258805,-42.1216713129772,12522,"BRA","BR",76,"BRL","2923035",NA,NA,"BRBA2923035",NA,"BRA.5.282_1"
"3dd70479",2021-03-06,121,0,NA,NA,NA,NA,NA,NA,NA,NA,2,3,2,4,-2,2,-2,3,2,2,0,4,3,-2,-64.06,-84.26,-73.21,0,3,"Brazil","Bahia","Novo Horizonte",-12.870258805,-42.1216713129772,12522,"BRA","BR",76,"BRL","2923035",NA,NA,"BRBA2923035",NA,"BRA.5.282_1"
"3dd70479",2021-03-07,121,0,NA,NA,NA,NA,NA,NA,NA,NA,2,3,2,4,-2,2,-2,3,2,2,0,4,3,-2,-64.06,-84.26,-73.21,0,3,"Brazil","Bahia","Novo Horizonte",-12.870258805,-42.1216713129772,12522,"BRA","BR",76,"BRL","2923035",NA,NA,"BRBA2923035",NA,"BRA.5.282_1"
"3dd70479",2021-03-08,127,0,NA,NA,455,393,62,NA,NA,NA,2,3,2,4,-2,2,-2,3,2,2,0,4,3,-2,-64.06,-84.26,-73.21,0,3,"Brazil","Bahia","Novo Horizonte",-12.870258805,-42.1216713129772,12522,"BRA","BR",76,"BRL","2923035",NA,NA,"BRBA2923035",NA,"BRA.5.282_1"
"3dd70479",2021-03-09,132,0,NA,NA,476,413,63,NA,NA,NA,2,3,2,4,-2,2,-2,3,2,2,0,4,3,-2,-64.06,-84.26,-73.21,0,3,"Brazil","Bahia","Novo Horizonte",-12.870258805,-42.1216713129772,12522,"BRA","BR",76,"BRL","2923035",NA,NA,"BRBA2923035",NA,"BRA.5.282_1"
"3dd70479",2021-03-10,132,0,NA,NA,504,430,74,NA,NA,NA,2,3,2,4,-2,2,-2,3,2,2,0,4,3,-2,-64.06,-84.26,-73.21,0,3,"Brazil","Bahia","Novo Horizonte",-12.870258805,-42.1216713129772,12522,"BRA","BR",76,"BRL","2923035",NA,NA,"BRBA2923035",NA,"BRA.5.282_1"
"3dd70479",2021-03-11,132,0,NA,NA,522,441,81,NA,NA,NA,2,3,2,4,-2,2,-2,3,2,2,0,4,3,-2,-64.06,-84.26,-73.21,0,3,"Brazil","Bahia","Novo Horizonte",-12.870258805,-42.1216713129772,12522,"BRA","BR",76,"BRL","2923035",NA,NA,"BRBA2923035",NA,"BRA.5.282_1"
"3dd70479",2021-03-12,132,0,NA,NA,598,499,99,NA,NA,NA,2,3,2,4,-2,2,-2,3,2,2,0,4,3,-2,-64.06,-84.26,-73.21,0,3,"Brazil","Bahia","Novo Horizonte",-12.870258805,-42.1216713129772,12522,"BRA","BR",76,"BRL","2923035",NA,NA,"BRBA2923035",NA,"BRA.5.282_1"
"3dd70479",2021-03-13,132,0,NA,NA,689,555,134,NA,NA,NA,2,3,2,4,-2,2,-2,3,2,2,0,4,3,-2,-64.06,-84.26,-73.21,0,3,"Brazil","Bahia","Novo Horizonte",-12.870258805,-42.1216713129772,12522,"BRA","BR",76,"BRL","2923035",NA,NA,"BRBA2923035",NA,"BRA.5.282_1"
"3dd70479",2021-03-14,133,0,NA,NA,NA,NA,NA,NA,NA,NA,2,3,2,4,-2,2,-2,3,2,2,0,4,3,-2,-64.06,-84.26,-73.21,0,3,"Brazil","Bahia","Novo Horizonte",-12.870258805,-42.1216713129772,12522,"BRA","BR",76,"BRL","2923035",NA,NA,"BRBA2923035",NA,"BRA.5.282_1"
"3dd70479",2021-03-15,136,0,NA,NA,707,555,152,NA,NA,NA,2,3,2,4,2,2,-2,3,2,2,0,4,3,-2,-65.62,-87.04,-75,0,3,"Brazil","Bahia","Novo Horizonte",-12.870258805,-42.1216713129772,12522,"BRA","BR",76,"BRL","2923035",NA,NA,"BRBA2923035",NA,"BRA.5.282_1"
"3dd70479",2021-03-16,136,0,NA,NA,735,574,161,NA,NA,NA,2,3,2,4,2,2,-2,3,2,2,0,4,3,-2,-65.62,-87.04,-75,0,3,"Brazil","Bahia","Novo Horizonte",-12.870258805,-42.1216713129772,12522,"BRA","BR",76,"BRL","2923035",NA,NA,"BRBA2923035",NA,"BRA.5.282_1"
"3dd70479",2021-03-17,139,0,NA,NA,744,578,166,NA,NA,NA,2,3,2,4,2,2,-2,3,2,2,0,4,3,-2,-65.62,-87.04,-75,0,3,"Brazil","Bahia","Novo Horizonte",-12.870258805,-42.1216713129772,12522,"BRA","BR",76,"BRL","2923035",NA,NA,"BRBA2923035",NA,"BRA.5.282_1"
"3dd70479",2021-03-18,143,0,NA,NA,764,597,167,NA,NA,NA,2,-3,2,-2,2,2,-2,3,2,2,0,4,3,-2,-60.68,-78.24,-69.35,0,3,"Brazil","Bahia","Novo Horizonte",-12.870258805,-42.1216713129772,12522,"BRA","BR",76,"BRL","2923035",NA,NA,"BRBA2923035",NA,"BRA.5.282_1"
"3dd70479",2021-03-19,143,0,NA,NA,785,617,168,NA,NA,NA,2,-3,2,-2,2,2,-2,3,2,2,0,4,3,-2,-60.68,-78.24,-69.35,0,3,"Brazil","Bahia","Novo Horizonte",-12.870258805,-42.1216713129772,12522,"BRA","BR",76,"BRL","2923035",NA,NA,"BRBA2923035",NA,"BRA.5.282_1"
"3dd70479",2021-03-20,143,0,NA,NA,NA,NA,NA,NA,NA,NA,2,-3,2,-2,2,2,-2,3,2,2,0,4,3,-2,-60.68,-78.24,-69.35,0,3,"Brazil","Bahia","Novo Horizonte",-12.870258805,-42.1216713129772,12522,"BRA","BR",76,"BRL","2923035",NA,NA,"BRBA2923035",NA,"BRA.5.282_1"
"3dd70479",2021-03-21,143,0,NA,NA,NA,NA,NA,NA,NA,NA,2,-3,2,-2,2,2,-2,3,2,2,0,4,3,-2,-60.68,-78.24,-69.35,0,3,"Brazil","Bahia","Novo Horizonte",-12.870258805,-42.1216713129772,12522,"BRA","BR",76,"BRL","2923035",NA,NA,"BRBA2923035",NA,"BRA.5.282_1"
"3dd70479",2021-03-22,148,0,NA,NA,894,722,172,NA,NA,NA,2,-3,2,-2,2,2,-2,3,2,2,0,4,3,-2,-60.68,-78.24,-69.35,0,3,"Brazil","Bahia","Novo Horizonte",-12.870258805,-42.1216713129772,12522,"BRA","BR",76,"BRL","2923035",NA,NA,"BRBA2923035",NA,"BRA.5.282_1"
"3dd70479",2021-03-23,148,0,NA,NA,1011,838,173,NA,NA,NA,2,-3,2,-2,2,2,-2,3,2,2,0,4,3,-2,-60.68,-78.24,-69.35,0,3,"Brazil","Bahia","Novo Horizonte",-12.870258805,-42.1216713129772,12522,"BRA","BR",76,"BRL","2923035",NA,NA,"BRBA2923035",NA,"BRA.5.282_1"
"3dd70479",2021-03-24,149,0,NA,NA,1070,896,174,NA,NA,NA,2,-3,2,-2,2,2,-2,3,2,2,0,4,3,-2,-60.68,-78.24,-69.35,0,3,"Brazil","Bahia","Novo Horizonte",-12.870258805,-42.1216713129772,12522,"BRA","BR",76,"BRL","2923035",NA,NA,"BRBA2923035",NA,"BRA.5.282_1"
"3dd70479",2021-03-25,150,0,NA,NA,1291,1027,264,NA,NA,NA,2,-3,2,-2,2,2,-2,3,2,2,0,4,3,-2,-60.68,-78.24,-69.35,0,3,"Brazil","Bahia","Novo Horizonte",-12.870258805,-42.1216713129772,12522,"BRA","BR",76,"BRL","2923035",NA,NA,"BRBA2923035",NA,"BRA.5.282_1"
"3dd70479",2021-03-26,155,0,NA,NA,1331,1043,288,NA,NA,NA,2,-3,2,-2,2,2,-2,3,2,2,0,4,3,-2,-60.68,-78.24,-69.35,0,3,"Brazil","Bahia","Novo Horizonte",-12.870258805,-42.1216713129772,12522,"BRA","BR",76,"BRL","2923035",NA,NA,"BRBA2923035",NA,"BRA.5.282_1"
"3dd70479",2021-03-27,157,0,NA,NA,NA,NA,NA,NA,NA,NA,2,3,2,-2,2,2,-2,3,2,2,0,4,3,-2,-61.72,-80.09,-70.54,0,3,"Brazil","Bahia","Novo Horizonte",-12.870258805,-42.1216713129772,12522,"BRA","BR",76,"BRL","2923035",NA,NA,"BRBA2923035",NA,"BRA.5.282_1"
"3dd70479",2021-03-28,157,0,NA,NA,NA,NA,NA,NA,NA,NA,2,3,2,-2,2,2,-2,3,2,2,0,4,3,-2,-61.72,-80.09,-70.54,0,3,"Brazil","Bahia","Novo Horizonte",-12.870258805,-42.1216713129772,12522,"BRA","BR",76,"BRL","2923035",NA,NA,"BRBA2923035",NA,"BRA.5.282_1"
"3dd70479",2021-03-29,157,0,NA,NA,1339,1048,291,NA,NA,NA,2,3,2,-2,2,2,-2,3,2,2,0,4,3,-2,-61.72,-80.09,-70.54,0,3,"Brazil","Bahia","Novo Horizonte",-12.870258805,-42.1216713129772,12522,"BRA","BR",76,"BRL","2923035",NA,NA,"BRBA2923035",NA,"BRA.5.282_1"
"3dd70479",2021-03-30,157,1,NA,NA,1363,1050,313,NA,NA,NA,2,3,2,-2,2,2,-2,3,2,2,0,4,3,-2,-61.72,-80.09,-70.54,0,3,"Brazil","Bahia","Novo Horizonte",-12.870258805,-42.1216713129772,12522,"BRA","BR",76,"BRL","2923035",NA,NA,"BRBA2923035",NA,"BRA.5.282_1"
"3dd70479",2021-03-31,157,1,NA,NA,1573,1215,358,NA,NA,NA,2,3,2,-2,2,2,-2,3,2,2,0,4,3,-2,-61.72,-80.09,-70.54,0,3,"Brazil","Bahia","Novo Horizonte",-12.870258805,-42.1216713129772,12522,"BRA","BR",76,"BRL","2923035",NA,NA,"BRBA2923035",NA,"BRA.5.282_1"
"3dd70479",2021-04-01,162,1,NA,NA,1711,1342,369,NA,NA,NA,2,3,2,-2,2,2,2,3,2,2,0,4,3,-2,-64.84,-82.87,-72.32,-12.5,3,"Brazil","Bahia","Novo Horizonte",-12.870258805,-42.1216713129772,12522,"BRA","BR",76,"BRL","2923035",NA,NA,"BRBA2923035",NA,"BRA.5.282_1"
"3dd70479",2021-04-02,168,1,NA,NA,NA,NA,NA,NA,NA,NA,2,3,2,-2,2,2,2,3,2,2,0,4,3,-2,-64.84,-82.87,-72.32,-12.5,3,"Brazil","Bahia","Novo Horizonte",-12.870258805,-42.1216713129772,12522,"BRA","BR",76,"BRL","2923035",NA,NA,"BRBA2923035",NA,"BRA.5.282_1"
"3dd70479",2021-04-03,168,1,NA,NA,NA,NA,NA,NA,NA,NA,2,3,2,-2,2,2,2,3,2,2,0,4,3,-2,-64.84,-82.87,-72.32,-12.5,3,"Brazil","Bahia","Novo Horizonte",-12.870258805,-42.1216713129772,12522,"BRA","BR",76,"BRL","2923035",NA,NA,"BRBA2923035",NA,"BRA.5.282_1"
"3dd70479",2021-04-04,168,1,NA,NA,NA,NA,NA,NA,NA,NA,2,3,2,-2,2,2,2,3,2,2,0,4,3,-2,-64.84,-82.87,-72.32,-12.5,3,"Brazil","Bahia","Novo Horizonte",-12.870258805,-42.1216713129772,12522,"BRA","BR",76,"BRL","2923035",NA,NA,"BRBA2923035",NA,"BRA.5.282_1"
"3dd70479",2021-04-05,168,1,NA,NA,NA,NA,NA,NA,NA,NA,2,3,2,-2,2,2,2,3,2,2,0,4,3,-2,-64.84,-82.87,-72.32,-12.5,3,"Brazil","Bahia","Novo Horizonte",-12.870258805,-42.1216713129772,12522,"BRA","BR",76,"BRL","2923035",NA,NA,"BRBA2923035",NA,"BRA.5.282_1"
"3dd70479",2021-04-06,168,1,NA,NA,1751,1381,370,NA,NA,NA,2,2,2,-2,2,2,2,3,2,2,0,4,3,-2,-62.76,-79.17,-69.94,-12.5,3,"Brazil","Bahia","Novo Horizonte",-12.870258805,-42.1216713129772,12522,"BRA","BR",76,"BRL","2923035",NA,NA,"BRBA2923035",NA,"BRA.5.282_1"
"3dd70479",2021-04-07,168,1,NA,NA,1837,1385,452,NA,NA,NA,2,2,2,-2,2,2,-1,3,2,2,0,4,3,-2,-58.07,-70.83,-64.58,-12.5,3,"Brazil","Bahia","Novo Horizonte",-12.870258805,-42.1216713129772,12522,"BRA","BR",76,"BRL","2923035",NA,NA,"BRBA2923035",NA,"BRA.5.282_1"
"3dd70479",2021-04-08,168,2,NA,NA,1924,1426,498,NA,NA,NA,2,2,2,-2,2,2,-1,3,2,2,0,4,3,-2,-58.07,-70.83,-64.58,-12.5,3,"Brazil","Bahia","Novo Horizonte",-12.870258805,-42.1216713129772,12522,"BRA","BR",76,"BRL","2923035",NA,NA,"BRBA2923035",NA,"BRA.5.282_1"
"3dd70479",2021-04-09,169,2,NA,NA,1986,1459,527,NA,NA,NA,2,2,2,-2,2,2,-1,3,2,2,0,4,3,-2,-58.07,-70.83,-64.58,-12.5,3,"Brazil","Bahia","Novo Horizonte",-12.870258805,-42.1216713129772,12522,"BRA","BR",76,"BRL","2923035",NA,NA,"BRBA2923035",NA,"BRA.5.282_1"
"3dd70479",2021-04-10,169,3,NA,NA,NA,NA,NA,NA,NA,NA,2,2,2,-2,2,2,-1,3,2,2,0,4,3,-2,-58.07,-70.83,-64.58,-12.5,3,"Brazil","Bahia","Novo Horizonte",-12.870258805,-42.1216713129772,12522,"BRA","BR",76,"BRL","2923035",NA,NA,"BRBA2923035",NA,"BRA.5.282_1"
"3dd70479",2021-04-11,169,3,NA,NA,NA,NA,NA,NA,NA,NA,2,2,2,-2,2,2,-1,3,2,2,0,4,3,-2,-58.07,-70.83,-64.58,-12.5,3,"Brazil","Bahia","Novo Horizonte",-12.870258805,-42.1216713129772,12522,"BRA","BR",76,"BRL","2923035",NA,NA,"BRBA2923035",NA,"BRA.5.282_1"
"3dd70479",2021-04-12,169,3,NA,NA,2242,1517,725,NA,NA,NA,2,2,2,-2,2,2,-1,3,2,2,0,4,3,-2,-58.07,-70.83,-64.58,-12.5,3,"Brazil","Bahia","Novo Horizonte",-12.870258805,-42.1216713129772,12522,"BRA","BR",76,"BRL","2923035",NA,NA,"BRBA2923035",NA,"BRA.5.282_1"
"3dd70479",2021-04-13,169,3,NA,NA,2354,1532,827,NA,NA,NA,2,2,2,-2,-1,-2,2,3,2,2,0,4,3,-2,-60.16,-68.98,-63.39,-37.5,3,"Brazil","Bahia","Novo Horizonte",-12.870258805,-42.1216713129772,12522,"BRA","BR",76,"BRL","2923035",NA,NA,"BRBA2923035",NA,"BRA.5.282_1"
"3dd70479",2021-04-14,170,3,NA,NA,2431,1557,879,NA,NA,NA,2,2,2,-2,-1,-2,2,3,2,2,0,4,3,-2,-60.16,-68.98,-63.39,-37.5,3,"Brazil","Bahia","Novo Horizonte",-12.870258805,-42.1216713129772,12522,"BRA","BR",76,"BRL","2923035",NA,NA,"BRBA2923035",NA,"BRA.5.282_1"
"3dd70479",2021-04-15,179,3,NA,NA,NA,NA,NA,NA,NA,NA,2,2,2,-2,-1,-2,2,3,2,2,0,4,3,-2,-60.16,-68.98,-63.39,-37.5,3,"Brazil","Bahia","Novo Horizonte",-12.870258805,-42.1216713129772,12522,"BRA","BR",76,"BRL","2923035",NA,NA,"BRBA2923035",NA,"BRA.5.282_1"
"3dd70479",2021-04-16,179,3,NA,NA,NA,NA,NA,NA,NA,NA,-3,2,2,-2,-1,-2,2,3,2,2,0,4,3,-2,-61.2,-70.83,-64.58,-37.5,3,"Brazil","Bahia","Novo Horizonte",-12.870258805,-42.1216713129772,12522,"BRA","BR",76,"BRL","2923035",NA,NA,"BRBA2923035",NA,"BRA.5.282_1"
"3dd70479",2021-04-17,180,3,NA,NA,NA,NA,NA,NA,NA,NA,-3,2,2,-2,-1,-2,2,3,2,2,0,4,3,-2,-61.2,-70.83,-64.58,-37.5,3,"Brazil","Bahia","Novo Horizonte",-12.870258805,-42.1216713129772,12522,"BRA","BR",76,"BRL","2923035",NA,NA,"BRBA2923035",NA,"BRA.5.282_1"
"3dd70479",2021-04-18,180,3,NA,NA,NA,NA,NA,NA,NA,NA,-3,2,2,-2,-1,-2,2,3,2,2,0,4,3,-2,-61.2,-70.83,-64.58,-37.5,3,"Brazil","Bahia","Novo Horizonte",-12.870258805,-42.1216713129772,12522,"BRA","BR",76,"BRL","2923035",NA,NA,"BRBA2923035",NA,"BRA.5.282_1"
"3dd70479",2021-04-19,183,3,NA,NA,2598,1724,879,NA,NA,NA,-3,2,2,-2,-1,-2,2,3,2,2,0,4,3,-2,-61.2,-70.83,-64.58,-37.5,3,"Brazil","Bahia","Novo Horizonte",-12.870258805,-42.1216713129772,12522,"BRA","BR",76,"BRL","2923035",NA,NA,"BRBA2923035",NA,"BRA.5.282_1"
"3dd70479",2021-04-20,184,3,NA,NA,2608,1724,889,NA,NA,NA,-3,2,2,-2,1,-2,2,3,2,2,0,4,3,-2,-62.76,-73.61,-66.37,-37.5,3,"Brazil","Bahia","Novo Horizonte",-12.870258805,-42.1216713129772,12522,"BRA","BR",76,"BRL","2923035",NA,NA,"BRBA2923035",NA,"BRA.5.282_1"
"3dd70479",2021-04-21,194,3,NA,NA,NA,NA,NA,NA,NA,NA,-3,2,2,-2,1,-2,2,3,2,2,0,4,3,-2,-62.76,-73.61,-66.37,-37.5,3,"Brazil","Bahia","Novo Horizonte",-12.870258805,-42.1216713129772,12522,"BRA","BR",76,"BRL","2923035",NA,NA,"BRBA2923035",NA,"BRA.5.282_1"
"3dd70479",2021-04-22,201,3,NA,NA,NA,NA,NA,NA,NA,NA,-3,2,2,-2,1,-2,2,3,2,2,0,4,3,-2,-62.76,-73.61,-66.37,-37.5,3,"Brazil","Bahia","Novo Horizonte",-12.870258805,-42.1216713129772,12522,"BRA","BR",76,"BRL","2923035",NA,NA,"BRBA2923035",NA,"BRA.5.282_1"
"3dd70479",2021-04-23,203,3,NA,NA,2613,1725,893,NA,NA,NA,-3,2,2,-2,1,-2,2,3,2,2,0,4,3,-2,-62.76,-73.61,-66.37,-37.5,3,"Brazil","Bahia","Novo Horizonte",-12.870258805,-42.1216713129772,12522,"BRA","BR",76,"BRL","2923035",NA,NA,"BRBA2923035",NA,"BRA.5.282_1"
"3dd70479",2021-04-24,205,3,NA,NA,NA,NA,NA,NA,NA,NA,-3,2,2,-2,1,-2,2,3,2,2,0,4,3,-2,-62.76,-73.61,-66.37,-37.5,3,"Brazil","Bahia","Novo Horizonte",-12.870258805,-42.1216713129772,12522,"BRA","BR",76,"BRL","2923035",NA,NA,"BRBA2923035",NA,"BRA.5.282_1"
"3dd70479",2021-04-25,211,3,NA,NA,NA,NA,NA,NA,NA,NA,-3,2,2,-2,1,-2,2,3,2,2,0,4,3,-2,-62.76,-73.61,-66.37,-37.5,3,"Brazil","Bahia","Novo Horizonte",-12.870258805,-42.1216713129772,12522,"BRA","BR",76,"BRL","2923035",NA,NA,"BRBA2923035",NA,"BRA.5.282_1"
"3dd70479",2021-04-26,211,4,NA,NA,2730,1758,977,NA,NA,NA,-3,2,2,-2,1,-2,2,3,2,2,0,4,3,-2,-62.76,-73.61,-66.37,-37.5,3,"Brazil","Bahia","Novo Horizonte",-12.870258805,-42.1216713129772,12522,"BRA","BR",76,"BRL","2923035",NA,NA,"BRBA2923035",NA,"BRA.5.282_1"
"3dd70479",2021-04-27,212,4,NA,NA,2741,1761,985,NA,NA,NA,-3,2,2,-2,1,-2,2,3,2,2,0,4,3,-2,-62.76,-73.61,-66.37,-37.5,3,"Brazil","Bahia","Novo Horizonte",-12.870258805,-42.1216713129772,12522,"BRA","BR",76,"BRL","2923035",NA,NA,"BRBA2923035",NA,"BRA.5.282_1"
"3dd70479",2021-04-28,212,4,NA,NA,2749,1769,985,NA,NA,NA,-3,2,2,-2,1,-2,2,3,2,1,0,4,3,-2,-60.68,-73.61,-63.99,-37.5,3,"Brazil","Bahia","Novo Horizonte",-12.870258805,-42.1216713129772,12522,"BRA","BR",76,"BRL","2923035",NA,NA,"BRBA2923035",NA,"BRA.5.282_1"
"3dd70479",2021-04-29,215,4,NA,NA,2777,1773,1009,NA,NA,NA,-3,2,2,-2,1,-2,2,3,2,1,0,4,3,-2,-60.68,-73.61,-63.99,-37.5,3,"Brazil","Bahia","Novo Horizonte",-12.870258805,-42.1216713129772,12522,"BRA","BR",76,"BRL","2923035",NA,NA,"BRBA2923035",NA,"BRA.5.282_1"
"3dd70479",2021-04-30,216,4,NA,NA,2779,1773,1011,NA,NA,NA,-3,2,2,-2,1,-2,2,3,2,1,0,4,3,-2,-60.68,-73.61,-63.99,-37.5,3,"Brazil","Bahia","Novo Horizonte",-12.870258805,-42.1216713129772,12522,"BRA","BR",76,"BRL","2923035",NA,NA,"BRBA2923035",NA,"BRA.5.282_1"
"3dd70479",2021-05-01,216,4,NA,NA,NA,NA,NA,NA,NA,NA,-3,2,2,-2,1,-2,2,3,2,1,0,4,3,-2,-60.68,-73.61,-63.99,-37.5,3,"Brazil","Bahia","Novo Horizonte",-12.870258805,-42.1216713129772,12522,"BRA","BR",76,"BRL","2923035",NA,NA,"BRBA2923035",NA,"BRA.5.282_1"
"3dd70479",2021-05-02,216,4,NA,NA,2780,1773,1012,NA,NA,NA,-3,2,2,-2,1,-2,2,3,2,1,0,4,3,-2,-60.68,-73.61,-63.99,-37.5,3,"Brazil","Bahia","Novo Horizonte",-12.870258805,-42.1216713129772,12522,"BRA","BR",76,"BRL","2923035",NA,NA,"BRBA2923035",NA,"BRA.5.282_1"
"3dd70479",2021-05-03,216,4,NA,NA,2856,1808,1053,NA,NA,NA,-3,2,2,-2,1,-2,2,3,2,1,0,4,3,-2,-60.68,-73.61,-63.99,-37.5,3,"Brazil","Bahia","Novo Horizonte",-12.870258805,-42.1216713129772,12522,"BRA","BR",76,"BRL","2923035",NA,NA,"BRBA2923035",NA,"BRA.5.282_1"
"3dd70479",2021-05-04,218,4,NA,NA,2903,1836,1072,NA,NA,NA,-3,2,2,-2,1,-2,2,3,2,1,0,4,3,-2,-60.68,-73.61,-63.99,-37.5,3,"Brazil","Bahia","Novo Horizonte",-12.870258805,-42.1216713129772,12522,"BRA","BR",76,"BRL","2923035",NA,NA,"BRBA2923035",NA,"BRA.5.282_1"
"3dd70479",2021-05-05,218,4,NA,NA,3175,2106,1074,NA,NA,NA,-3,2,2,-2,1,-2,2,3,2,1,0,4,3,-2,-60.68,-73.61,-63.99,-37.5,3,"Brazil","Bahia","Novo Horizonte",-12.870258805,-42.1216713129772,12522,"BRA","BR",76,"BRL","2923035",NA,NA,"BRBA2923035",NA,"BRA.5.282_1"
"3dd70479",2021-05-06,220,4,NA,NA,3474,2392,1087,NA,NA,NA,-3,2,2,-2,1,-2,2,3,2,1,0,4,3,-2,-60.68,-73.61,-63.99,-37.5,3,"Brazil","Bahia","Novo Horizonte",-12.870258805,-42.1216713129772,12522,"BRA","BR",76,"BRL","2923035",NA,NA,"BRBA2923035",NA,"BRA.5.282_1"
"3dd70479",2021-05-07,222,4,NA,NA,3558,2475,1088,NA,NA,NA,-3,2,2,-2,1,-2,2,3,2,1,0,4,3,-2,-60.68,-73.61,-63.99,-37.5,3,"Brazil","Bahia","Novo Horizonte",-12.870258805,-42.1216713129772,12522,"BRA","BR",76,"BRL","2923035",NA,NA,"BRBA2923035",NA,"BRA.5.282_1"
"3dd70479",2021-05-08,224,4,NA,NA,NA,NA,NA,NA,NA,NA,-3,2,2,-2,1,-2,2,3,2,1,0,4,3,-2,-60.68,-73.61,-63.99,-37.5,3,"Brazil","Bahia","Novo Horizonte",-12.870258805,-42.1216713129772,12522,"BRA","BR",76,"BRL","2923035",NA,NA,"BRBA2923035",NA,"BRA.5.282_1"
"3dd70479",2021-05-09,224,4,NA,NA,3591,2475,1121,NA,NA,NA,-3,2,2,-2,1,-2,2,3,2,1,0,4,3,-2,-60.68,-73.61,-63.99,-37.5,3,"Brazil","Bahia","Novo Horizonte",-12.870258805,-42.1216713129772,12522,"BRA","BR",76,"BRL","2923035",NA,NA,"BRBA2923035",NA,"BRA.5.282_1"
"3dd70479",2021-05-10,224,4,NA,NA,3618,2502,1121,NA,NA,NA,-3,2,2,-2,1,-2,2,3,2,1,0,4,3,-2,-60.68,-73.61,-63.99,-37.5,3,"Brazil","Bahia","Novo Horizonte",-12.870258805,-42.1216713129772,12522,"BRA","BR",76,"BRL","2923035",NA,NA,"BRBA2923035",NA,"BRA.5.282_1"
"3dd70479",2021-05-11,224,4,NA,NA,3623,2507,1121,NA,NA,NA,-3,2,2,-2,1,-2,2,3,2,1,0,4,3,-2,-60.68,-73.61,-63.99,-37.5,3,"Brazil","Bahia","Novo Horizonte",-12.870258805,-42.1216713129772,12522,"BRA","BR",76,"BRL","2923035",NA,NA,"BRBA2923035",NA,"BRA.5.282_1"
"3dd70479",2021-05-12,224,4,NA,NA,NA,NA,NA,NA,NA,NA,-3,2,2,-2,1,-2,2,3,2,1,0,4,3,-2,-60.68,-73.61,-63.99,-37.5,3,"Brazil","Bahia","Novo Horizonte",-12.870258805,-42.1216713129772,12522,"BRA","BR",76,"BRL","2923035",NA,NA,"BRBA2923035",NA,"BRA.5.282_1"
"3dd70479",2021-05-13,224,4,NA,NA,3664,2547,1122,NA,NA,NA,-3,2,2,-2,-1,-2,-2,3,2,1,0,4,3,-2,-57.55,-68.06,-60.42,-37.5,3,"Brazil","Bahia","Novo Horizonte",-12.870258805,-42.1216713129772,12522,"BRA","BR",76,"BRL","2923035",NA,NA,"BRBA2923035",NA,"BRA.5.282_1"
"3dd70479",2021-05-14,224,4,NA,NA,3685,2568,1122,NA,NA,NA,-3,2,2,-2,-1,-2,-2,3,2,1,0,4,3,-2,-57.55,-68.06,-60.42,-37.5,3,"Brazil","Bahia","Novo Horizonte",-12.870258805,-42.1216713129772,12522,"BRA","BR",76,"BRL","2923035",NA,NA,"BRBA2923035",NA,"BRA.5.282_1"
"3dd70479",2021-05-15,224,4,NA,NA,NA,NA,NA,NA,NA,NA,-3,2,2,-2,-1,-2,-2,3,2,1,0,4,3,-2,-57.55,-68.06,-60.42,-37.5,3,"Brazil","Bahia","Novo Horizonte",-12.870258805,-42.1216713129772,12522,"BRA","BR",76,"BRL","2923035",NA,NA,"BRBA2923035",NA,"BRA.5.282_1"
"3dd70479",2021-05-16,224,4,NA,NA,NA,NA,NA,NA,NA,NA,-3,2,2,-2,-1,-2,-2,3,2,1,0,4,3,-2,-57.55,-68.06,-60.42,-37.5,3,"Brazil","Bahia","Novo Horizonte",-12.870258805,-42.1216713129772,12522,"BRA","BR",76,"BRL","2923035",NA,NA,"BRBA2923035",NA,"BRA.5.282_1"
"3dd70479",2021-05-17,224,4,NA,NA,3705,2588,1122,NA,NA,NA,-3,2,2,-2,-1,-2,-2,3,2,1,0,4,3,-2,-57.55,-68.06,-60.42,-37.5,3,"Brazil","Bahia","Novo Horizonte",-12.870258805,-42.1216713129772,12522,"BRA","BR",76,"BRL","2923035",NA,NA,"BRBA2923035",NA,"BRA.5.282_1"
"3dd70479",2021-05-18,224,4,NA,NA,3755,2638,1122,NA,NA,NA,-3,2,2,-2,-1,-2,-2,3,2,1,0,4,3,-2,-57.55,-68.06,-60.42,-37.5,3,"Brazil","Bahia","Novo Horizonte",-12.870258805,-42.1216713129772,12522,"BRA","BR",76,"BRL","2923035",NA,NA,"BRBA2923035",NA,"BRA.5.282_1"
"3dd70479",2021-05-19,226,4,NA,NA,3785,2668,1122,NA,NA,NA,-3,2,2,-2,-1,-2,-2,3,2,1,0,4,4,-2,-58.8,-68.06,-61.85,-37.5,3,"Brazil","Bahia","Novo Horizonte",-12.870258805,-42.1216713129772,12522,"BRA","BR",76,"BRL","2923035",NA,NA,"BRBA2923035",NA,"BRA.5.282_1"
"3dd70479",2021-05-20,229,4,NA,NA,3807,2669,1143,NA,NA,NA,-3,2,2,-2,-1,-2,-2,3,2,1,0,4,4,-2,-58.8,-68.06,-61.85,-37.5,3,"Brazil","Bahia","Novo Horizonte",-12.870258805,-42.1216713129772,12522,"BRA","BR",76,"BRL","2923035",NA,NA,"BRBA2923035",NA,"BRA.5.282_1"
"3dd70479",2021-05-21,230,4,NA,NA,3815,2669,1151,NA,NA,NA,-3,2,2,-2,-1,-2,-2,3,2,1,0,4,4,-2,-58.8,-68.06,-61.85,-37.5,3,"Brazil","Bahia","Novo Horizonte",-12.870258805,-42.1216713129772,12522,"BRA","BR",76,"BRL","2923035",NA,NA,"BRBA2923035",NA,"BRA.5.282_1"
"3dd70479",2021-05-22,230,4,NA,NA,NA,NA,NA,NA,NA,NA,-3,2,2,-2,-1,-2,-2,3,2,1,0,4,4,-2,-58.8,-68.06,-61.85,-37.5,3,"Brazil","Bahia","Novo Horizonte",-12.870258805,-42.1216713129772,12522,"BRA","BR",76,"BRL","2923035",NA,NA,"BRBA2923035",NA,"BRA.5.282_1"
"3dd70479",2021-05-23,234,4,NA,NA,NA,NA,NA,NA,NA,NA,-3,2,2,-2,-1,-2,-2,3,2,1,0,4,4,-2,-58.8,-68.06,-61.85,-37.5,3,"Brazil","Bahia","Novo Horizonte",-12.870258805,-42.1216713129772,12522,"BRA","BR",76,"BRL","2923035",NA,NA,"BRBA2923035",NA,"BRA.5.282_1"
"3dd70479",2021-05-24,235,4,NA,NA,3845,2674,1176,NA,NA,NA,-3,2,2,-2,-1,-2,-2,3,2,1,0,4,4,-2,-58.8,-68.06,-61.85,-37.5,3,"Brazil","Bahia","Novo Horizonte",-12.870258805,-42.1216713129772,12522,"BRA","BR",76,"BRL","2923035",NA,NA,"BRBA2923035",NA,"BRA.5.282_1"
"3dd70479",2021-05-25,235,4,NA,NA,NA,NA,NA,NA,NA,NA,-3,2,2,-2,-1,-2,-2,3,2,1,0,4,4,-2,-58.8,-68.06,-61.85,-37.5,3,"Brazil","Bahia","Novo Horizonte",-12.870258805,-42.1216713129772,12522,"BRA","BR",76,"BRL","2923035",NA,NA,"BRBA2923035",NA,"BRA.5.282_1"
"3dd70479",2021-05-26,235,4,NA,NA,3856,2675,1186,NA,NA,NA,-3,-2,2,-2,-1,-2,-2,3,2,1,0,4,4,-2,-57.76,-66.2,-60.65,-37.5,3,"Brazil","Bahia","Novo Horizonte",-12.870258805,-42.1216713129772,12522,"BRA","BR",76,"BRL","2923035",NA,NA,"BRBA2923035",NA,"BRA.5.282_1"
"3dd70479",2021-05-27,237,4,NA,NA,NA,NA,NA,NA,NA,NA,-3,-2,2,-2,-1,-2,-2,3,2,1,0,4,4,-2,-57.76,-66.2,-60.65,-37.5,3,"Brazil","Bahia","Novo Horizonte",-12.870258805,-42.1216713129772,12522,"BRA","BR",76,"BRL","2923035",NA,NA,"BRBA2923035",NA,"BRA.5.282_1"
"3dd70479",2021-05-28,238,4,NA,NA,3900,2719,1186,NA,NA,NA,-3,-2,2,-2,1,-2,-2,3,2,1,0,4,4,-2,-59.32,-68.98,-62.44,-37.5,3,"Brazil","Bahia","Novo Horizonte",-12.870258805,-42.1216713129772,12522,"BRA","BR",76,"BRL","2923035",NA,NA,"BRBA2923035",NA,"BRA.5.282_1"
"3dd70479",2021-05-29,238,4,NA,NA,4092,2885,1212,NA,NA,NA,-3,-2,2,-2,1,-2,-2,3,2,1,0,4,4,-2,-59.32,-68.98,-62.44,-37.5,3,"Brazil","Bahia","Novo Horizonte",-12.870258805,-42.1216713129772,12522,"BRA","BR",76,"BRL","2923035",NA,NA,"BRBA2923035",NA,"BRA.5.282_1"
"3dd70479",2021-05-30,238,4,NA,NA,4151,2944,1212,NA,NA,NA,-3,-2,2,-2,1,-2,-2,3,2,1,0,4,4,-2,-59.32,-68.98,-62.44,-37.5,3,"Brazil","Bahia","Novo Horizonte",-12.870258805,-42.1216713129772,12522,"BRA","BR",76,"BRL","2923035",NA,NA,"BRBA2923035",NA,"BRA.5.282_1"
"3dd70479",2021-05-31,237,4,NA,NA,4194,2976,1223,NA,NA,NA,-3,-2,2,-2,1,-2,-2,3,2,1,0,4,4,-2,-59.32,-68.98,-62.44,-37.5,3,"Brazil","Bahia","Novo Horizonte",-12.870258805,-42.1216713129772,12522,"BRA","BR",76,"BRL","2923035",NA,NA,"BRBA2923035",NA,"BRA.5.282_1"
"3dd70479",2021-06-01,238,4,NA,NA,4217,2999,1223,NA,NA,NA,-3,-2,2,-2,1,-2,-2,3,2,1,0,4,4,-2,-59.32,-68.98,-62.44,-37.5,3,"Brazil","Bahia","Novo Horizonte",-12.870258805,-42.1216713129772,12522,"BRA","BR",76,"BRL","2923035",NA,NA,"BRBA2923035",NA,"BRA.5.282_1"
"3dd70479",2021-06-02,238,4,NA,NA,4299,3081,1223,NA,NA,NA,-3,-2,2,-2,1,-2,-2,3,2,1,0,4,4,-2,-59.32,-68.98,-62.44,-37.5,3,"Brazil","Bahia","Novo Horizonte",-12.870258805,-42.1216713129772,12522,"BRA","BR",76,"BRL","2923035",NA,NA,"BRBA2923035",NA,"BRA.5.282_1"
"3dd70479",2021-06-03,238,4,NA,NA,4300,3081,1224,NA,NA,NA,-3,-2,2,-2,1,-2,-2,3,2,1,0,4,4,-2,-59.32,-68.98,-62.44,-37.5,3,"Brazil","Bahia","Novo Horizonte",-12.870258805,-42.1216713129772,12522,"BRA","BR",76,"BRL","2923035",NA,NA,"BRBA2923035",NA,"BRA.5.282_1"
"3dd70479",2021-06-04,238,4,NA,NA,4414,3194,1225,NA,NA,NA,-3,-2,2,-2,1,-2,-2,3,2,1,0,4,4,-2,-59.32,-68.98,-62.44,-37.5,3,"Brazil","Bahia","Novo Horizonte",-12.870258805,-42.1216713129772,12522,"BRA","BR",76,"BRL","2923035",NA,NA,"BRBA2923035",NA,"BRA.5.282_1"
"3dd70479",2021-06-05,239,4,NA,NA,4484,3264,1225,NA,NA,NA,-3,-2,2,-2,1,-2,-2,3,2,1,0,4,4,-2,-59.32,-68.98,-62.44,-37.5,3,"Brazil","Bahia","Novo Horizonte",-12.870258805,-42.1216713129772,12522,"BRA","BR",76,"BRL","2923035",NA,NA,"BRBA2923035",NA,"BRA.5.282_1"
"3dd70479",2021-06-06,240,4,NA,NA,4485,3265,1225,NA,NA,NA,-3,-2,2,-2,1,-2,-2,3,2,1,0,4,4,-2,-59.32,-68.98,-62.44,-37.5,3,"Brazil","Bahia","Novo Horizonte",-12.870258805,-42.1216713129772,12522,"BRA","BR",76,"BRL","2923035",NA,NA,"BRBA2923035",NA,"BRA.5.282_1"
"3dd70479",2021-06-07,240,4,NA,NA,4570,3350,1225,NA,NA,NA,-3,-2,2,-2,1,-2,-2,3,2,1,0,4,4,-2,-59.32,-68.98,-62.44,-37.5,3,"Brazil","Bahia","Novo Horizonte",-12.870258805,-42.1216713129772,12522,"BRA","BR",76,"BRL","2923035",NA,NA,"BRBA2923035",NA,"BRA.5.282_1"
"3dd70479",2021-06-08,240,4,NA,NA,NA,NA,NA,NA,NA,NA,-3,-2,2,-2,1,-2,-2,3,2,1,0,4,4,-2,-59.32,-68.98,-62.44,-37.5,3,"Brazil","Bahia","Novo Horizonte",-12.870258805,-42.1216713129772,12522,"BRA","BR",76,"BRL","2923035",NA,NA,"BRBA2923035",NA,"BRA.5.282_1"
"3dd70479",2021-06-09,240,4,NA,NA,4581,3351,1235,NA,NA,NA,-3,-2,2,-2,1,-2,-2,3,2,1,0,4,4,-2,-59.32,-68.98,-62.44,-37.5,3,"Brazil","Bahia","Novo Horizonte",-12.870258805,-42.1216713129772,12522,"BRA","BR",76,"BRL","2923035",NA,NA,"BRBA2923035",NA,"BRA.5.282_1"
"3dd70479",2021-06-10,241,4,NA,NA,4601,3351,1255,NA,NA,NA,-3,-2,2,-2,1,-2,-2,3,2,1,0,4,4,-2,-59.32,-68.98,-62.44,-37.5,3,"Brazil","Bahia","Novo Horizonte",-12.870258805,-42.1216713129772,12522,"BRA","BR",76,"BRL","2923035",NA,NA,"BRBA2923035",NA,"BRA.5.282_1"
"3dd70479",2021-06-11,241,4,NA,NA,4674,3351,1328,NA,NA,NA,-3,-2,2,-2,1,-2,-2,3,2,1,0,4,4,-2,-59.32,-68.98,-62.44,-37.5,3,"Brazil","Bahia","Novo Horizonte",-12.870258805,-42.1216713129772,12522,"BRA","BR",76,"BRL","2923035",NA,NA,"BRBA2923035",NA,"BRA.5.282_1"
"3dd70479",2021-06-12,245,4,NA,NA,4743,3394,1354,NA,NA,NA,-3,-2,2,-2,1,-2,-2,3,2,1,0,4,4,-2,-59.32,-68.98,-62.44,-37.5,3,"Brazil","Bahia","Novo Horizonte",-12.870258805,-42.1216713129772,12522,"BRA","BR",76,"BRL","2923035",NA,NA,"BRBA2923035",NA,"BRA.5.282_1"
"3dd70479",2021-06-13,281,4,NA,NA,NA,NA,NA,NA,NA,NA,-3,-2,2,-2,1,-2,-2,3,2,1,0,4,4,-2,-59.32,-68.98,-62.44,-37.5,3,"Brazil","Bahia","Novo Horizonte",-12.870258805,-42.1216713129772,12522,"BRA","BR",76,"BRL","2923035",NA,NA,"BRBA2923035",NA,"BRA.5.282_1"
"3dd70479",2021-06-14,281,4,NA,NA,4806,3457,1354,NA,NA,NA,-3,-2,2,-2,1,-2,-2,3,2,1,0,4,4,-2,-59.32,-68.98,-62.44,-37.5,3,"Brazil","Bahia","Novo Horizonte",-12.870258805,-42.1216713129772,12522,"BRA","BR",76,"BRL","2923035",NA,NA,"BRBA2923035",NA,"BRA.5.282_1"
"3dd70479",2021-06-15,284,4,NA,NA,4872,3521,1356,NA,NA,NA,-3,-2,2,-2,1,-2,-2,3,2,1,0,4,4,-2,-59.32,-68.98,-62.44,-37.5,3,"Brazil","Bahia","Novo Horizonte",-12.870258805,-42.1216713129772,12522,"BRA","BR",76,"BRL","2923035",NA,NA,"BRBA2923035",NA,"BRA.5.282_1"
"3dd70479",2021-06-16,284,4,NA,NA,4897,3546,1356,NA,NA,NA,-3,-2,2,-2,1,-2,-2,3,2,1,0,4,4,-2,-59.32,-68.98,-62.44,-37.5,3,"Brazil","Bahia","Novo Horizonte",-12.870258805,-42.1216713129772,12522,"BRA","BR",76,"BRL","2923035",NA,NA,"BRBA2923035",NA,"BRA.5.282_1"
"3dd70479",2021-06-17,289,4,NA,NA,4912,3561,1356,NA,NA,NA,-3,-2,2,-2,1,-2,-2,3,2,1,0,4,4,-2,-59.32,-68.98,-62.44,-37.5,3,"Brazil","Bahia","Novo Horizonte",-12.870258805,-42.1216713129772,12522,"BRA","BR",76,"BRL","2923035",NA,NA,"BRBA2923035",NA,"BRA.5.282_1"
"3dd70479",2021-06-18,293,4,NA,NA,4926,3575,1356,NA,NA,NA,-3,-2,2,-2,1,-2,-2,3,2,1,0,4,4,-2,-59.32,-68.98,-62.44,-37.5,3,"Brazil","Bahia","Novo Horizonte",-12.870258805,-42.1216713129772,12522,"BRA","BR",76,"BRL","2923035",NA,NA,"BRBA2923035",NA,"BRA.5.282_1"
"3dd70479",2021-06-19,294,4,NA,NA,NA,NA,NA,NA,NA,NA,-3,-2,2,-2,1,-2,-2,3,2,1,0,4,4,-2,-59.32,-68.98,-62.44,-37.5,3,"Brazil","Bahia","Novo Horizonte",-12.870258805,-42.1216713129772,12522,"BRA","BR",76,"BRL","2923035",NA,NA,"BRBA2923035",NA,"BRA.5.282_1"
"3dd70479",2021-06-20,298,4,NA,NA,NA,NA,NA,NA,NA,NA,-3,-2,2,-2,1,-2,-2,3,2,1,0,4,4,-2,-59.32,-68.98,-62.44,-37.5,3,"Brazil","Bahia","Novo Horizonte",-12.870258805,-42.1216713129772,12522,"BRA","BR",76,"BRL","2923035",NA,NA,"BRBA2923035",NA,"BRA.5.282_1"
"3dd70479",2021-06-21,299,4,NA,NA,5110,3757,1358,NA,NA,NA,-3,-2,2,-2,1,-2,-2,3,2,1,0,4,4,-2,-59.32,-68.98,-62.44,-37.5,3,"Brazil","Bahia","Novo Horizonte",-12.870258805,-42.1216713129772,12522,"BRA","BR",76,"BRL","2923035",NA,NA,"BRBA2923035",NA,"BRA.5.282_1"
"3dd70479",2021-06-22,302,4,NA,NA,5141,3788,1358,NA,NA,NA,-3,-2,2,-2,1,-2,-2,3,2,1,0,4,4,-2,-59.32,-68.98,-62.44,-37.5,3,"Brazil","Bahia","Novo Horizonte",-12.870258805,-42.1216713129772,12522,"BRA","BR",76,"BRL","2923035",NA,NA,"BRBA2923035",NA,"BRA.5.282_1"
"3dd70479",2021-06-23,304,4,NA,NA,5175,3822,1358,NA,NA,NA,-3,-2,2,-2,1,-2,-2,3,2,1,0,4,4,-2,-59.32,-68.98,-62.44,-37.5,3,"Brazil","Bahia","Novo Horizonte",-12.870258805,-42.1216713129772,12522,"BRA","BR",76,"BRL","2923035",NA,NA,"BRBA2923035",NA,"BRA.5.282_1"
"3dd70479",2021-06-24,314,4,NA,NA,NA,NA,NA,NA,NA,NA,-3,-2,2,-2,1,-2,-2,3,2,1,0,4,4,-2,-59.32,-68.98,-62.44,-37.5,3,"Brazil","Bahia","Novo Horizonte",-12.870258805,-42.1216713129772,12522,"BRA","BR",76,"BRL","2923035",NA,NA,"BRBA2923035",NA,"BRA.5.282_1"
"3dd70479",2021-06-25,320,4,NA,NA,5275,3832,1448,NA,NA,NA,-3,-2,2,-2,1,-2,-2,3,2,1,0,4,4,-2,-59.32,-68.98,-62.44,-37.5,3,"Brazil","Bahia","Novo Horizonte",-12.870258805,-42.1216713129772,12522,"BRA","BR",76,"BRL","2923035",NA,NA,"BRBA2923035",NA,"BRA.5.282_1"
"3dd70479",2021-06-26,321,4,NA,NA,5285,3832,1458,NA,NA,NA,-3,-2,2,-2,1,-2,-2,3,2,1,0,4,4,-2,-59.32,-68.98,-62.44,-37.5,3,"Brazil","Bahia","Novo Horizonte",-12.870258805,-42.1216713129772,12522,"BRA","BR",76,"BRL","2923035",NA,NA,"BRBA2923035",NA,"BRA.5.282_1"
"3dd70479",2021-06-27,327,4,NA,NA,NA,NA,NA,NA,NA,NA,-3,-2,2,-2,1,-2,-2,3,2,1,0,4,4,-2,-59.32,-68.98,-62.44,-37.5,3,"Brazil","Bahia","Novo Horizonte",-12.870258805,-42.1216713129772,12522,"BRA","BR",76,"BRL","2923035",NA,NA,"BRBA2923035",NA,"BRA.5.282_1"
"3dd70479",2021-06-28,327,4,NA,NA,5310,3857,1458,NA,NA,NA,-3,-2,2,-2,1,-2,-2,3,2,1,0,4,4,-2,-59.32,-68.98,-62.44,-37.5,3,"Brazil","Bahia","Novo Horizonte",-12.870258805,-42.1216713129772,12522,"BRA","BR",76,"BRL","2923035",NA,NA,"BRBA2923035",NA,"BRA.5.282_1"
"3dd70479",2021-06-29,327,4,NA,NA,5403,3945,1465,NA,NA,NA,-3,2,2,3,1,-2,1,3,2,2,1,4,4,-2,-66.35,-72.22,-70.48,-37.5,3,"Brazil","Bahia","Novo Horizonte",-12.870258805,-42.1216713129772,12522,"BRA","BR",76,"BRL","2923035",NA,NA,"BRBA2923035",NA,"BRA.5.282_1"
"3dd70479",2021-06-30,327,4,NA,NA,5577,4118,1466,NA,NA,NA,-3,2,2,3,1,-2,1,3,2,2,1,4,4,-2,-66.35,-72.22,-70.48,-37.5,3,"Brazil","Bahia","Novo Horizonte",-12.870258805,-42.1216713129772,12522,"BRA","BR",76,"BRL","2923035",NA,NA,"BRBA2923035",NA,"BRA.5.282_1"
"3dd70479",2021-07-01,335,5,NA,NA,5579,4120,1466,NA,NA,NA,-3,2,2,3,1,-2,1,3,2,2,1,4,4,-2,-66.35,-72.22,-70.48,-37.5,3,"Brazil","Bahia","Novo Horizonte",-12.870258805,-42.1216713129772,12522,"BRA","BR",76,"BRL","2923035",NA,NA,"BRBA2923035",NA,"BRA.5.282_1"
"3dd70479",2021-07-02,344,5,NA,NA,NA,NA,NA,NA,NA,NA,-3,2,2,3,1,-2,1,3,2,2,1,4,4,-2,-66.35,-72.22,-70.48,-37.5,3,"Brazil","Bahia","Novo Horizonte",-12.870258805,-42.1216713129772,12522,"BRA","BR",76,"BRL","2923035",NA,NA,"BRBA2923035",NA,"BRA.5.282_1"
"3dd70479",2021-07-03,363,5,NA,NA,NA,NA,NA,NA,NA,NA,-3,2,2,3,1,-2,1,3,2,2,1,4,4,-2,-66.35,-72.22,-70.48,-37.5,3,"Brazil","Bahia","Novo Horizonte",-12.870258805,-42.1216713129772,12522,"BRA","BR",76,"BRL","2923035",NA,NA,"BRBA2923035",NA,"BRA.5.282_1"
"3dd70479",2021-07-04,370,5,NA,NA,NA,NA,NA,NA,NA,NA,-3,2,2,3,1,-2,1,3,2,2,1,4,4,-2,-66.35,-72.22,-70.48,-37.5,3,"Brazil","Bahia","Novo Horizonte",-12.870258805,-42.1216713129772,12522,"BRA","BR",76,"BRL","2923035",NA,NA,"BRBA2923035",NA,"BRA.5.282_1"
"3dd70479",2021-07-05,370,5,NA,NA,5650,4191,1466,NA,NA,NA,-3,2,2,3,1,-2,1,3,2,2,1,4,4,-2,-66.35,-72.22,-70.48,-37.5,3,"Brazil","Bahia","Novo Horizonte",-12.870258805,-42.1216713129772,12522,"BRA","BR",76,"BRL","2923035",NA,NA,"BRBA2923035",NA,"BRA.5.282_1"
"3dd70479",2021-07-06,370,5,NA,NA,5746,4286,1467,NA,NA,NA,-3,2,2,3,1,-2,1,3,2,2,1,4,4,-2,-66.35,-72.22,-70.48,-37.5,3,"Brazil","Bahia","Novo Horizonte",-12.870258805,-42.1216713129772,12522,"BRA","BR",76,"BRL","2923035",NA,NA,"BRBA2923035",NA,"BRA.5.282_1"
"3dd70479",2021-07-07,377,5,NA,NA,6028,4568,1598,NA,NA,NA,-3,2,2,3,1,-2,1,3,2,2,1,4,4,-2,-66.35,-72.22,-70.48,-37.5,3,"Brazil","Bahia","Novo Horizonte",-12.870258805,-42.1216713129772,12522,"BRA","BR",76,"BRL","2923035",NA,NA,"BRBA2923035",NA,"BRA.5.282_1"
"3dd70479",2021-07-08,383,6,NA,NA,6039,4568,1609,NA,NA,NA,-3,2,2,3,1,-2,1,3,2,2,1,4,4,-2,-66.35,-72.22,-70.48,-37.5,3,"Brazil","Bahia","Novo Horizonte",-12.870258805,-42.1216713129772,12522,"BRA","BR",76,"BRL","2923035",NA,NA,"BRBA2923035",NA,"BRA.5.282_1"
"3dd70479",2021-07-09,384,6,NA,NA,6082,4569,1651,NA,NA,NA,-3,-2,-2,3,1,-2,1,3,2,2,1,4,4,-2,-63.75,-67.59,-67.5,-37.5,3,"Brazil","Bahia","Novo Horizonte",-12.870258805,-42.1216713129772,12522,"BRA","BR",76,"BRL","2923035",NA,NA,"BRBA2923035",NA,"BRA.5.282_1"
"3dd70479",2021-07-10,385,6,NA,NA,NA,NA,NA,NA,NA,NA,-3,-2,-2,3,1,-2,1,3,2,2,1,4,4,-2,-63.75,-67.59,-67.5,-37.5,3,"Brazil","Bahia","Novo Horizonte",-12.870258805,-42.1216713129772,12522,"BRA","BR",76,"BRL","2923035",NA,NA,"BRBA2923035",NA,"BRA.5.282_1"
"3dd70479",2021-07-11,388,6,NA,NA,NA,NA,NA,NA,NA,NA,-3,-2,-2,3,1,-2,1,3,2,2,1,4,4,-2,-63.75,-67.59,-67.5,-37.5,3,"Brazil","Bahia","Novo Horizonte",-12.870258805,-42.1216713129772,12522,"BRA","BR",76,"BRL","2923035",NA,NA,"BRBA2923035",NA,"BRA.5.282_1"
"3dd70479",2021-07-12,388,6,NA,NA,NA,NA,NA,NA,NA,NA,-3,-2,-2,3,1,-2,1,3,2,2,1,4,4,-2,-63.75,-67.59,-67.5,-37.5,3,"Brazil","Bahia","Novo Horizonte",-12.870258805,-42.1216713129772,12522,"BRA","BR",76,"BRL","2923035",NA,NA,"BRBA2923035",NA,"BRA.5.282_1"
"3dd70479",2021-07-13,388,6,NA,NA,6233,4720,1651,NA,NA,NA,-3,-2,-2,3,1,-2,1,3,2,2,1,4,4,-2,-63.75,-67.59,-67.5,-37.5,3,"Brazil","Bahia","Novo Horizonte",-12.870258805,-42.1216713129772,12522,"BRA","BR",76,"BRL","2923035",NA,NA,"BRBA2923035",NA,"BRA.5.282_1"
"3dd70479",2021-07-14,388,6,NA,NA,6243,4730,1651,NA,NA,NA,-3,-2,-2,3,1,-2,1,3,2,2,1,4,4,-2,-63.75,-67.59,-67.5,-37.5,3,"Brazil","Bahia","Novo Horizonte",-12.870258805,-42.1216713129772,12522,"BRA","BR",76,"BRL","2923035",NA,NA,"BRBA2923035",NA,"BRA.5.282_1"
"3dd70479",2021-07-15,388,6,NA,NA,6391,4730,1799,NA,NA,NA,-3,-2,-2,3,1,-2,1,3,2,2,1,4,4,-2,-63.75,-67.59,-67.5,-37.5,3,"Brazil","Bahia","Novo Horizonte",-12.870258805,-42.1216713129772,12522,"BRA","BR",76,"BRL","2923035",NA,NA,"BRBA2923035",NA,"BRA.5.282_1"
"3dd70479",2021-07-16,397,6,NA,NA,NA,NA,NA,NA,NA,NA,-3,-2,-2,3,1,-2,1,3,2,2,1,4,4,-2,-63.75,-67.59,-67.5,-37.5,3,"Brazil","Bahia","Novo Horizonte",-12.870258805,-42.1216713129772,12522,"BRA","BR",76,"BRL","2923035",NA,NA,"BRBA2923035",NA,"BRA.5.282_1"
"3dd70479",2021-07-17,398,6,NA,NA,6451,4754,1843,NA,NA,NA,-3,-2,-2,3,1,-2,1,3,2,2,1,4,4,-2,-63.75,-67.59,-67.5,-37.5,3,"Brazil","Bahia","Novo Horizonte",-12.870258805,-42.1216713129772,12522,"BRA","BR",76,"BRL","2923035",NA,NA,"BRBA2923035",NA,"BRA.5.282_1"
"3dd70479",2021-07-18,402,7,NA,NA,6452,4754,1844,NA,NA,NA,-3,-2,-2,3,1,-2,1,3,2,2,1,4,4,-2,-63.75,-67.59,-67.5,-37.5,3,"Brazil","Bahia","Novo Horizonte",-12.870258805,-42.1216713129772,12522,"BRA","BR",76,"BRL","2923035",NA,NA,"BRBA2923035",NA,"BRA.5.282_1"
"3dd70479",2021-07-19,404,7,NA,NA,6563,4865,1844,NA,NA,NA,-3,-2,-2,3,1,-2,1,3,2,2,1,4,4,-2,-63.75,-67.59,-67.5,-37.5,3,"Brazil","Bahia","Novo Horizonte",-12.870258805,-42.1216713129772,12522,"BRA","BR",76,"BRL","2923035",NA,NA,"BRBA2923035",NA,"BRA.5.282_1"
"3dd70479",2021-07-20,404,7,NA,NA,6720,5022,1844,NA,NA,NA,-3,-2,-2,3,1,-2,1,3,2,2,1,4,4,-2,-63.75,-67.59,-67.5,-37.5,3,"Brazil","Bahia","Novo Horizonte",-12.870258805,-42.1216713129772,12522,"BRA","BR",76,"BRL","2923035",NA,NA,"BRBA2923035",NA,"BRA.5.282_1"
"3dd70479",2021-07-21,404,7,NA,NA,6783,5022,1907,NA,NA,NA,-3,-1,-2,3,1,-2,1,3,2,2,1,4,4,-2,-61.67,-63.89,-65.12,-37.5,3,"Brazil","Bahia","Novo Horizonte",-12.870258805,-42.1216713129772,12522,"BRA","BR",76,"BRL","2923035",NA,NA,"BRBA2923035",NA,"BRA.5.282_1"
"3dd70479",2021-07-22,405,7,NA,NA,6889,5022,2013,NA,NA,NA,-3,-1,-2,3,1,-2,1,3,2,2,1,4,4,-2,-61.67,-63.89,-65.12,-37.5,3,"Brazil","Bahia","Novo Horizonte",-12.870258805,-42.1216713129772,12522,"BRA","BR",76,"BRL","2923035",NA,NA,"BRBA2923035",NA,"BRA.5.282_1"
"3dd70479",2021-07-23,405,7,NA,NA,7018,5036,2128,NA,NA,NA,-3,-1,-2,3,1,-2,1,3,2,2,1,4,4,-2,-61.67,-63.89,-65.12,-37.5,3,"Brazil","Bahia","Novo Horizonte",-12.870258805,-42.1216713129772,12522,"BRA","BR",76,"BRL","2923035",NA,NA,"BRBA2923035",NA,"BRA.5.282_1"
"3dd70479",2021-07-24,405,7,NA,NA,7096,5114,2128,NA,NA,NA,-3,-1,-2,3,1,-2,1,3,2,2,1,4,4,-2,-61.67,-63.89,-65.12,-37.5,3,"Brazil","Bahia","Novo Horizonte",-12.870258805,-42.1216713129772,12522,"BRA","BR",76,"BRL","2923035",NA,NA,"BRBA2923035",NA,"BRA.5.282_1"
"3dd70479",2021-07-25,405,7,NA,NA,7186,5204,2128,NA,NA,NA,-3,-1,-2,3,1,-2,1,3,2,2,1,4,4,-2,-61.67,-63.89,-65.12,-37.5,3,"Brazil","Bahia","Novo Horizonte",-12.870258805,-42.1216713129772,12522,"BRA","BR",76,"BRL","2923035",NA,NA,"BRBA2923035",NA,"BRA.5.282_1"
"3dd70479",2021-07-26,405,7,NA,NA,7541,5445,2242,NA,NA,NA,2,-1,-2,3,1,-2,1,3,2,2,1,4,4,-2,-60.62,-62.04,-63.93,-37.5,3,"Brazil","Bahia","Novo Horizonte",-12.870258805,-42.1216713129772,12522,"BRA","BR",76,"BRL","2923035",NA,NA,"BRBA2923035",NA,"BRA.5.282_1"
"3dd70479",2021-07-27,405,7,NA,NA,7544,5445,2245,NA,NA,NA,2,-1,-2,3,1,-2,1,3,2,2,1,4,4,-2,-60.62,-62.04,-63.93,-37.5,3,"Brazil","Bahia","Novo Horizonte",-12.870258805,-42.1216713129772,12522,"BRA","BR",76,"BRL","2923035",NA,NA,"BRBA2923035",NA,"BRA.5.282_1"
"3dd70479",2021-07-28,405,7,NA,NA,7561,5445,2262,NA,NA,NA,2,-1,-2,3,1,-2,1,3,2,2,1,4,4,-2,-57.5,-62.04,-63.93,-12.5,3,"Brazil","Bahia","Novo Horizonte",-12.870258805,-42.1216713129772,12522,"BRA","BR",76,"BRL","2923035",NA,NA,"BRBA2923035",NA,"BRA.5.282_1"
"3dd70479",2021-07-29,406,8,NA,NA,NA,NA,NA,NA,NA,NA,2,-1,-2,3,1,-2,1,3,2,2,1,4,4,-2,-57.5,-62.04,-63.93,-12.5,3,"Brazil","Bahia","Novo Horizonte",-12.870258805,-42.1216713129772,12522,"BRA","BR",76,"BRL","2923035",NA,NA,"BRBA2923035",NA,"BRA.5.282_1"
"3dd70479",2021-07-30,406,8,NA,NA,7861,5549,2458,NA,NA,NA,2,-1,-2,3,1,-2,1,3,2,2,1,4,4,-2,-57.5,-62.04,-63.93,-12.5,3,"Brazil","Bahia","Novo Horizonte",-12.870258805,-42.1216713129772,12522,"BRA","BR",76,"BRL","2923035",NA,NA,"BRBA2923035",NA,"BRA.5.282_1"
"3dd70479",2021-07-31,406,8,NA,NA,7862,5549,2459,NA,NA,NA,2,-1,-2,3,1,-2,1,3,2,2,1,4,4,-2,-57.5,-62.04,-63.93,-12.5,3,"Brazil","Bahia","Novo Horizonte",-12.870258805,-42.1216713129772,12522,"BRA","BR",76,"BRL","2923035",NA,NA,"BRBA2923035",NA,"BRA.5.282_1"
"3dd70479",2021-08-01,406,8,NA,NA,7865,5549,2462,NA,NA,NA,2,-1,-2,3,1,-2,1,3,2,2,1,4,4,-2,-57.5,-62.04,-63.93,-12.5,3,"Brazil","Bahia","Novo Horizonte",-12.870258805,-42.1216713129772,12522,"BRA","BR",76,"BRL","2923035",NA,NA,"BRBA2923035",NA,"BRA.5.282_1"
"3dd70479",2021-08-02,406,8,NA,NA,NA,NA,NA,NA,NA,NA,2,-1,-2,3,1,-2,1,3,2,2,1,4,4,-2,-57.5,-62.04,-63.93,-12.5,3,"Brazil","Bahia","Novo Horizonte",-12.870258805,-42.1216713129772,12522,"BRA","BR",76,"BRL","2923035",NA,NA,"BRBA2923035",NA,"BRA.5.282_1"
"3dd70479",2021-08-03,406,8,NA,NA,8271,5806,2611,NA,NA,NA,2,-1,-2,3,1,-2,1,3,2,2,1,4,4,-2,-57.5,-62.04,-63.93,-12.5,3,"Brazil","Bahia","Novo Horizonte",-12.870258805,-42.1216713129772,12522,"BRA","BR",76,"BRL","2923035",NA,NA,"BRBA2923035",NA,"BRA.5.282_1"
"3dd70479",2021-08-04,406,8,NA,NA,8318,5853,2611,NA,NA,NA,2,-1,-2,3,1,-2,1,3,2,2,1,4,4,-2,-57.5,-62.04,-63.93,-12.5,3,"Brazil","Bahia","Novo Horizonte",-12.870258805,-42.1216713129772,12522,"BRA","BR",76,"BRL","2923035",NA,NA,"BRBA2923035",NA,"BRA.5.282_1"
"3dd70479",2021-08-05,406,8,NA,NA,8474,5857,2763,NA,NA,NA,2,-1,-2,3,1,-2,1,3,2,2,1,4,4,-2,-57.5,-62.04,-63.93,-12.5,3,"Brazil","Bahia","Novo Horizonte",-12.870258805,-42.1216713129772,12522,"BRA","BR",76,"BRL","2923035",NA,NA,"BRBA2923035",NA,"BRA.5.282_1"
"3dd70479",2021-08-06,406,8,NA,NA,8521,5857,2810,NA,NA,NA,-2,-1,2,2,1,-2,-1,3,2,2,1,4,4,-2,-54.9,-57.41,-60.95,-12.5,3,"Brazil","Bahia","Novo Horizonte",-12.870258805,-42.1216713129772,12522,"BRA","BR",76,"BRL","2923035",NA,NA,"BRBA2923035",NA,"BRA.5.282_1"
"3dd70479",2021-08-07,406,8,NA,NA,NA,NA,NA,NA,NA,NA,-2,-1,2,2,1,-2,-1,3,2,2,1,4,4,-2,-54.9,-57.41,-60.95,-12.5,3,"Brazil","Bahia","Novo Horizonte",-12.870258805,-42.1216713129772,12522,"BRA","BR",76,"BRL","2923035",NA,NA,"BRBA2923035",NA,"BRA.5.282_1"
"3dd70479",2021-08-08,406,8,NA,NA,NA,NA,NA,NA,NA,NA,-2,-1,2,2,1,-2,-1,3,2,2,1,4,4,-2,-54.9,-57.41,-60.95,-12.5,3,"Brazil","Bahia","Novo Horizonte",-12.870258805,-42.1216713129772,12522,"BRA","BR",76,"BRL","2923035",NA,NA,"BRBA2923035",NA,"BRA.5.282_1"
"3dd70479",2021-08-09,406,8,NA,NA,8696,6031,2811,NA,NA,NA,-2,-1,2,2,1,-2,-1,3,2,2,1,4,4,-2,-54.9,-57.41,-60.95,-12.5,3,"Brazil","Bahia","Novo Horizonte",-12.870258805,-42.1216713129772,12522,"BRA","BR",76,"BRL","2923035",NA,NA,"BRBA2923035",NA,"BRA.5.282_1"
"3dd70479",2021-08-10,406,8,NA,NA,NA,NA,NA,NA,NA,NA,-2,-1,2,2,-1,-2,-1,3,2,2,1,4,4,-1,-51.25,-54.63,-56.79,-12.5,3,"Brazil","Bahia","Novo Horizonte",-12.870258805,-42.1216713129772,12522,"BRA","BR",76,"BRL","2923035",NA,NA,"BRBA2923035",NA,"BRA.5.282_1"
"3dd70479",2021-08-11,406,8,NA,NA,8844,6177,2813,NA,NA,NA,-2,-1,2,2,-1,-2,-1,3,2,2,1,4,4,-1,-51.25,-54.63,-56.79,-12.5,3,"Brazil","Bahia","Novo Horizonte",-12.870258805,-42.1216713129772,12522,"BRA","BR",76,"BRL","2923035",NA,NA,"BRBA2923035",NA,"BRA.5.282_1"
"3dd70479",2021-08-12,406,8,NA,NA,9122,6455,2813,NA,NA,NA,-2,-1,2,2,-1,-2,-1,3,2,2,1,4,4,-1,-51.25,-54.63,-56.79,-12.5,3,"Brazil","Bahia","Novo Horizonte",-12.870258805,-42.1216713129772,12522,"BRA","BR",76,"BRL","2923035",NA,NA,"BRBA2923035",NA,"BRA.5.282_1"
"3dd70479",2021-08-13,411,8,NA,NA,9284,6588,2842,NA,NA,NA,-2,-1,2,2,-1,-2,-1,3,2,2,1,4,4,-1,-51.25,-54.63,-56.79,-12.5,3,"Brazil","Bahia","Novo Horizonte",-12.870258805,-42.1216713129772,12522,"BRA","BR",76,"BRL","2923035",NA,NA,"BRBA2923035",NA,"BRA.5.282_1"
"3dd70479",2021-08-14,411,8,NA,NA,9350,6649,2847,NA,NA,NA,-2,-1,2,2,-1,-2,-1,3,2,2,1,4,4,-1,-51.25,-54.63,-56.79,-12.5,3,"Brazil","Bahia","Novo Horizonte",-12.870258805,-42.1216713129772,12522,"BRA","BR",76,"BRL","2923035",NA,NA,"BRBA2923035",NA,"BRA.5.282_1"
"3dd70479",2021-08-15,411,8,NA,NA,NA,NA,NA,NA,NA,NA,-2,-1,2,2,-1,-2,-1,3,2,2,1,4,4,-1,-51.25,-54.63,-56.79,-12.5,3,"Brazil","Bahia","Novo Horizonte",-12.870258805,-42.1216713129772,12522,"BRA","BR",76,"BRL","2923035",NA,NA,"BRBA2923035",NA,"BRA.5.282_1"
"3dd70479",2021-08-16,411,8,NA,NA,9390,6689,2847,NA,NA,NA,-2,-1,2,2,-1,-2,-1,3,2,2,1,4,4,-1,-51.25,-54.63,-56.79,-12.5,3,"Brazil","Bahia","Novo Horizonte",-12.870258805,-42.1216713129772,12522,"BRA","BR",76,"BRL","2923035",NA,NA,"BRBA2923035",NA,"BRA.5.282_1"
"3dd70479",2021-08-17,412,8,NA,NA,9710,7009,2847,NA,NA,NA,-2,-1,2,2,-1,-2,-1,3,2,2,1,4,4,-1,-51.25,-54.63,-56.79,-12.5,3,"Brazil","Bahia","Novo Horizonte",-12.870258805,-42.1216713129772,12522,"BRA","BR",76,"BRL","2923035",NA,NA,"BRBA2923035",NA,"BRA.5.282_1"
"3dd70479",2021-08-18,412,8,NA,NA,9711,7010,2847,NA,NA,NA,-2,-1,2,2,0,0,0,3,2,2,1,4,4,-1,-45,-43.52,-49.64,-12.5,3,"Brazil","Bahia","Novo Horizonte",-12.870258805,-42.1216713129772,12522,"BRA","BR",76,"BRL","2923035",NA,NA,"BRBA2923035",NA,"BRA.5.282_1"
"3dd70479",2021-08-19,412,8,NA,NA,9861,7160,2847,NA,NA,NA,-2,-1,2,2,0,0,0,3,2,2,1,4,4,-1,-45,-43.52,-49.64,-12.5,3,"Brazil","Bahia","Novo Horizonte",-12.870258805,-42.1216713129772,12522,"BRA","BR",76,"BRL","2923035",NA,NA,"BRBA2923035",NA,"BRA.5.282_1"
"3dd70479",2021-08-20,412,8,NA,NA,9966,7259,2853,NA,NA,NA,-2,-1,-2,-2,0,0,0,3,2,2,1,4,4,-1,-42.66,-39.35,-46.96,-12.5,3,"Brazil","Bahia","Novo Horizonte",-12.870258805,-42.1216713129772,12522,"BRA","BR",76,"BRL","2923035",NA,NA,"BRBA2923035",NA,"BRA.5.282_1"
"3dd70479",2021-08-21,412,8,NA,NA,NA,NA,NA,NA,NA,NA,-2,-1,-2,-2,0,0,0,3,2,2,1,4,4,-1,-42.66,-39.35,-46.96,-12.5,3,"Brazil","Bahia","Novo Horizonte",-12.870258805,-42.1216713129772,12522,"BRA","BR",76,"BRL","2923035",NA,NA,"BRBA2923035",NA,"BRA.5.282_1"
"3dd70479",2021-08-22,412,8,NA,NA,NA,NA,NA,NA,NA,NA,-2,-1,-2,-2,0,0,0,3,2,2,1,4,4,-1,-42.66,-39.35,-46.96,-12.5,3,"Brazil","Bahia","Novo Horizonte",-12.870258805,-42.1216713129772,12522,"BRA","BR",76,"BRL","2923035",NA,NA,"BRBA2923035",NA,"BRA.5.282_1"
"3dd70479",2021-08-23,412,8,NA,NA,10488,7494,3140,NA,NA,NA,-2,-1,-2,-2,0,0,0,3,2,2,1,4,4,-1,-42.66,-39.35,-46.96,-12.5,3,"Brazil","Bahia","Novo Horizonte",-12.870258805,-42.1216713129772,12522,"BRA","BR",76,"BRL","2923035",NA,NA,"BRBA2923035",NA,"BRA.5.282_1"
"3dd70479",2021-08-24,417,8,NA,NA,10541,7545,3142,NA,NA,NA,-2,-1,-2,-2,0,0,0,3,2,2,1,4,4,-1,-42.66,-39.35,-46.96,-12.5,3,"Brazil","Bahia","Novo Horizonte",-12.870258805,-42.1216713129772,12522,"BRA","BR",76,"BRL","2923035",NA,NA,"BRBA2923035",NA,"BRA.5.282_1"
"3dd70479",2021-08-25,417,8,NA,NA,10544,7545,3145,NA,NA,NA,-2,-1,-2,-2,0,0,0,3,2,2,1,4,4,-1,-42.66,-39.35,-46.96,-12.5,3,"Brazil","Bahia","Novo Horizonte",-12.870258805,-42.1216713129772,12522,"BRA","BR",76,"BRL","2923035",NA,NA,"BRBA2923035",NA,"BRA.5.282_1"
"3dd70479",2021-08-26,420,8,NA,NA,10598,7546,3198,NA,NA,NA,-2,-1,-2,-2,0,0,0,3,2,2,1,4,4,-1,-42.66,-39.35,-46.96,-12.5,3,"Brazil","Bahia","Novo Horizonte",-12.870258805,-42.1216713129772,12522,"BRA","BR",76,"BRL","2923035",NA,NA,"BRBA2923035",NA,"BRA.5.282_1"
"3dd70479",2021-08-27,420,8,NA,NA,10798,7546,3398,NA,NA,NA,-2,-1,-2,-2,0,0,0,3,2,2,1,4,4,-1,-42.66,-39.35,-46.96,-12.5,3,"Brazil","Bahia","Novo Horizonte",-12.870258805,-42.1216713129772,12522,"BRA","BR",76,"BRL","2923035",NA,NA,"BRBA2923035",NA,"BRA.5.282_1"
"3dd70479",2021-08-28,433,8,NA,NA,NA,NA,NA,NA,NA,NA,-2,-1,-2,-2,0,0,0,3,2,2,1,4,4,-1,-42.66,-39.35,-46.96,-12.5,3,"Brazil","Bahia","Novo Horizonte",-12.870258805,-42.1216713129772,12522,"BRA","BR",76,"BRL","2923035",NA,NA,"BRBA2923035",NA,"BRA.5.282_1"
"3dd70479",2021-08-29,433,8,NA,NA,10799,7547,3398,NA,NA,NA,-2,-1,-2,-2,0,0,0,3,2,2,1,4,4,-1,-42.66,-39.35,-46.96,-12.5,3,"Brazil","Bahia","Novo Horizonte",-12.870258805,-42.1216713129772,12522,"BRA","BR",76,"BRL","2923035",NA,NA,"BRBA2923035",NA,"BRA.5.282_1"
"3dd70479",2021-08-30,433,8,NA,NA,10914,7644,3416,NA,NA,NA,-2,-1,-2,-2,0,0,0,3,2,2,1,4,4,-1,-42.66,-39.35,-46.96,-12.5,3,"Brazil","Bahia","Novo Horizonte",-12.870258805,-42.1216713129772,12522,"BRA","BR",76,"BRL","2923035",NA,NA,"BRBA2923035",NA,"BRA.5.282_1"
"3dd70479",2021-08-31,433,8,NA,NA,11195,7697,3644,NA,NA,NA,-2,-1,-2,-2,0,0,0,3,2,2,1,4,4,-1,-42.66,-39.35,-46.96,-12.5,3,"Brazil","Bahia","Novo Horizonte",-12.870258805,-42.1216713129772,12522,"BRA","BR",76,"BRL","2923035",NA,NA,"BRBA2923035",NA,"BRA.5.282_1"
"3dd70479",2021-09-01,435,8,NA,NA,11404,7714,3836,NA,NA,NA,2,-1,-2,-2,0,0,0,3,2,2,1,4,4,-1,-43.7,-41.2,-48.15,-12.5,3,"Brazil","Bahia","Novo Horizonte",-12.870258805,-42.1216713129772,12522,"BRA","BR",76,"BRL","2923035",NA,NA,"BRBA2923035",NA,"BRA.5.282_1"
"3dd70479",2021-09-02,439,8,NA,NA,11435,7744,3837,NA,NA,NA,2,-1,-2,-2,0,0,0,3,2,2,1,4,4,-1,-43.7,-41.2,-48.15,-12.5,3,"Brazil","Bahia","Novo Horizonte",-12.870258805,-42.1216713129772,12522,"BRA","BR",76,"BRL","2923035",NA,NA,"BRBA2923035",NA,"BRA.5.282_1"
"3dd70479",2021-09-03,439,8,NA,NA,11436,7744,3838,NA,NA,NA,2,-1,-2,-2,0,0,0,3,2,2,1,4,4,-1,-43.7,-41.2,-48.15,-12.5,3,"Brazil","Bahia","Novo Horizonte",-12.870258805,-42.1216713129772,12522,"BRA","BR",76,"BRL","2923035",NA,NA,"BRBA2923035",NA,"BRA.5.282_1"
"3dd70479",2021-09-04,439,8,NA,NA,NA,NA,NA,NA,NA,NA,2,-1,-2,-2,0,0,0,3,2,2,1,4,4,-1,-43.7,-41.2,-48.15,-12.5,3,"Brazil","Bahia","Novo Horizonte",-12.870258805,-42.1216713129772,12522,"BRA","BR",76,"BRL","2923035",NA,NA,"BRBA2923035",NA,"BRA.5.282_1"
"3dd70479",2021-09-05,439,8,NA,NA,NA,NA,NA,NA,NA,NA,2,-1,-2,-2,0,0,0,3,2,2,1,4,4,-1,-43.7,-41.2,-48.15,-12.5,3,"Brazil","Bahia","Novo Horizonte",-12.870258805,-42.1216713129772,12522,"BRA","BR",76,"BRL","2923035",NA,NA,"BRBA2923035",NA,"BRA.5.282_1"
"3dd70479",2021-09-06,439,8,NA,NA,11698,8006,3838,NA,NA,NA,2,-1,-2,-2,0,0,0,3,2,2,1,4,4,-1,-43.7,-41.2,-48.15,-12.5,3,"Brazil","Bahia","Novo Horizonte",-12.870258805,-42.1216713129772,12522,"BRA","BR",76,"BRL","2923035",NA,NA,"BRBA2923035",NA,"BRA.5.282_1"
"3dd70479",2021-09-07,447,8,NA,NA,NA,NA,NA,NA,NA,NA,2,-1,-2,-2,0,0,0,3,2,2,1,4,4,-1,-43.7,-41.2,-48.15,-12.5,3,"Brazil","Bahia","Novo Horizonte",-12.870258805,-42.1216713129772,12522,"BRA","BR",76,"BRL","2923035",NA,NA,"BRBA2923035",NA,"BRA.5.282_1"
"3dd70479",2021-09-08,447,8,NA,NA,11861,8007,4000,NA,NA,NA,2,-1,-2,-2,0,0,0,3,2,2,1,4,4,-1,-43.7,-41.2,-48.15,-12.5,3,"Brazil","Bahia","Novo Horizonte",-12.870258805,-42.1216713129772,12522,"BRA","BR",76,"BRL","2923035",NA,NA,"BRBA2923035",NA,"BRA.5.282_1"
"3dd70479",2021-09-09,447,8,NA,NA,11868,8007,4007,NA,NA,NA,2,-1,-2,-2,0,0,0,3,2,2,1,4,4,-1,-43.7,-41.2,-48.15,-12.5,3,"Brazil","Bahia","Novo Horizonte",-12.870258805,-42.1216713129772,12522,"BRA","BR",76,"BRL","2923035",NA,NA,"BRBA2923035",NA,"BRA.5.282_1"
"3dd70479",2021-09-10,447,8,NA,NA,NA,NA,NA,NA,NA,NA,2,-1,-2,-2,0,0,0,3,2,2,1,4,4,-1,-43.7,-41.2,-48.15,-12.5,3,"Brazil","Bahia","Novo Horizonte",-12.870258805,-42.1216713129772,12522,"BRA","BR",76,"BRL","2923035",NA,NA,"BRBA2923035",NA,"BRA.5.282_1"
"3dd70479",2021-09-11,447,8,NA,NA,NA,NA,NA,NA,NA,NA,2,-1,-2,2,0,0,0,3,2,2,1,4,5,-1,-45.73,-42.59,-50.48,-12.5,3,"Brazil","Bahia","Novo Horizonte",-12.870258805,-42.1216713129772,12522,"BRA","BR",76,"BRL","2923035",NA,NA,"BRBA2923035",NA,"BRA.5.282_1"
"3dd70479",2021-09-12,447,8,NA,NA,11870,8007,4009,NA,NA,NA,2,-1,-2,2,0,0,0,3,2,2,1,4,5,-1,-45.73,-42.59,-50.48,-12.5,3,"Brazil","Bahia","Novo Horizonte",-12.870258805,-42.1216713129772,12522,"BRA","BR",76,"BRL","2923035",NA,NA,"BRBA2923035",NA,"BRA.5.282_1"
"3dd70479",2021-09-13,453,8,NA,NA,NA,NA,NA,NA,NA,NA,2,-1,-2,2,0,0,0,3,2,2,1,4,5,-1,-45.73,-42.59,-50.48,-12.5,3,"Brazil","Bahia","Novo Horizonte",-12.870258805,-42.1216713129772,12522,"BRA","BR",76,"BRL","2923035",NA,NA,"BRBA2923035",NA,"BRA.5.282_1"
"3dd70479",2021-09-14,453,8,NA,NA,11971,8029,4088,NA,NA,NA,2,-1,-1,2,0,0,0,3,2,2,1,4,5,-1,-42.6,-37.04,-46.9,-12.5,3,"Brazil","Bahia","Novo Horizonte",-12.870258805,-42.1216713129772,12522,"BRA","BR",76,"BRL","2923035",NA,NA,"BRBA2923035",NA,"BRA.5.282_1"
"3dd70479",2021-09-15,453,8,NA,NA,12215,8034,4327,NA,NA,NA,2,-1,-1,2,0,0,0,3,2,2,1,4,5,-1,-42.6,-37.04,-46.9,-12.5,3,"Brazil","Bahia","Novo Horizonte",-12.870258805,-42.1216713129772,12522,"BRA","BR",76,"BRL","2923035",NA,NA,"BRBA2923035",NA,"BRA.5.282_1"
"3dd70479",2021-09-16,453,8,NA,NA,12220,8035,4331,NA,NA,NA,2,-1,-1,2,0,0,0,3,2,2,1,4,5,-1,-42.6,-37.04,-46.9,-12.5,3,"Brazil","Bahia","Novo Horizonte",-12.870258805,-42.1216713129772,12522,"BRA","BR",76,"BRL","2923035",NA,NA,"BRBA2923035",NA,"BRA.5.282_1"
"3dd70479",2021-09-17,453,8,NA,NA,12272,8036,4382,NA,NA,NA,2,-1,-1,2,0,0,0,3,2,2,1,4,5,-1,-42.6,-37.04,-46.9,-12.5,3,"Brazil","Bahia","Novo Horizonte",-12.870258805,-42.1216713129772,12522,"BRA","BR",76,"BRL","2923035",NA,NA,"BRBA2923035",NA,"BRA.5.282_1"
"3dd70479",2021-09-18,453,8,NA,NA,12274,8038,4382,NA,NA,NA,2,-1,-1,2,0,0,0,3,2,2,1,4,5,-1,-42.6,-37.04,-46.9,-12.5,3,"Brazil","Bahia","Novo Horizonte",-12.870258805,-42.1216713129772,12522,"BRA","BR",76,"BRL","2923035",NA,NA,"BRBA2923035",NA,"BRA.5.282_1"
"3dd70479",2021-09-19,453,8,NA,NA,NA,NA,NA,NA,NA,NA,2,-1,-1,2,0,0,0,3,2,2,1,4,5,-1,-42.6,-37.04,-46.9,-12.5,3,"Brazil","Bahia","Novo Horizonte",-12.870258805,-42.1216713129772,12522,"BRA","BR",76,"BRL","2923035",NA,NA,"BRBA2923035",NA,"BRA.5.282_1"
"3dd70479",2021-09-20,453,8,NA,NA,12279,8038,4387,NA,NA,NA,2,-1,-1,2,0,0,0,3,2,2,1,4,5,-1,-42.6,-37.04,-46.9,-12.5,3,"Brazil","Bahia","Novo Horizonte",-12.870258805,-42.1216713129772,12522,"BRA","BR",76,"BRL","2923035",NA,NA,"BRBA2923035",NA,"BRA.5.282_1"
"3dd70479",2021-09-21,453,8,NA,NA,12465,8051,4560,NA,NA,NA,2,-1,-1,2,0,0,0,3,2,2,1,4,5,-1,-42.6,-37.04,-46.9,-12.5,3,"Brazil","Bahia","Novo Horizonte",-12.870258805,-42.1216713129772,12522,"BRA","BR",76,"BRL","2923035",NA,NA,"BRBA2923035",NA,"BRA.5.282_1"
"3dd70479",2021-09-22,453,8,NA,NA,12534,8053,4627,NA,NA,NA,2,-1,-1,-2,0,0,0,3,2,2,1,4,5,-1,-41.82,-35.65,-46.01,-12.5,3,"Brazil","Bahia","Novo Horizonte",-12.870258805,-42.1216713129772,12522,"BRA","BR",76,"BRL","2923035",NA,NA,"BRBA2923035",NA,"BRA.5.282_1"
"3dd70479",2021-09-23,453,8,NA,NA,12775,8294,4627,NA,NA,NA,2,-1,-1,-2,0,0,0,3,2,2,1,4,5,-1,-41.82,-35.65,-46.01,-12.5,3,"Brazil","Bahia","Novo Horizonte",-12.870258805,-42.1216713129772,12522,"BRA","BR",76,"BRL","2923035",NA,NA,"BRBA2923035",NA,"BRA.5.282_1"
"3dd70479",2021-09-24,453,8,NA,NA,12778,8297,4627,NA,NA,NA,2,-1,-1,-2,0,0,0,3,2,2,1,4,5,-1,-41.82,-35.65,-46.01,-12.5,3,"Brazil","Bahia","Novo Horizonte",-12.870258805,-42.1216713129772,12522,"BRA","BR",76,"BRL","2923035",NA,NA,"BRBA2923035",NA,"BRA.5.282_1"
"3dd70479",2021-09-25,453,8,NA,NA,NA,NA,NA,NA,NA,NA,2,-1,-1,-2,0,0,0,3,2,2,1,4,5,-1,-41.82,-35.65,-46.01,-12.5,3,"Brazil","Bahia","Novo Horizonte",-12.870258805,-42.1216713129772,12522,"BRA","BR",76,"BRL","2923035",NA,NA,"BRBA2923035",NA,"BRA.5.282_1"
"3dd70479",2021-09-26,453,8,NA,NA,12779,8297,4628,NA,NA,NA,2,-1,-1,-2,0,0,0,3,2,2,1,4,5,-1,-41.82,-35.65,-46.01,-12.5,3,"Brazil","Bahia","Novo Horizonte",-12.870258805,-42.1216713129772,12522,"BRA","BR",76,"BRL","2923035",NA,NA,"BRBA2923035",NA,"BRA.5.282_1"
"3dd70479",2021-09-27,453,8,NA,NA,12830,8310,4666,NA,NA,NA,-2,-1,-1,-2,0,0,0,3,2,2,1,4,5,-1,-40.78,-33.8,-44.82,-12.5,3,"Brazil","Bahia","Novo Horizonte",-12.870258805,-42.1216713129772,12522,"BRA","BR",76,"BRL","2923035",NA,NA,"BRBA2923035",NA,"BRA.5.282_1"
"3dd70479",2021-09-28,453,8,NA,NA,12960,8321,4752,NA,NA,NA,-2,-1,-1,-2,0,0,0,3,2,2,1,4,5,-1,-40.78,-33.8,-44.82,-12.5,3,"Brazil","Bahia","Novo Horizonte",-12.870258805,-42.1216713129772,12522,"BRA","BR",76,"BRL","2923035",NA,NA,"BRBA2923035",NA,"BRA.5.282_1"
"3dd70479",2021-09-29,453,8,NA,NA,12971,8331,4753,NA,NA,NA,-2,-1,-1,-2,0,0,0,3,2,3,1,4,5,1,-43.91,-33.8,-48.39,-12.5,3,"Brazil","Bahia","Novo Horizonte",-12.870258805,-42.1216713129772,12522,"BRA","BR",76,"BRL","2923035",NA,NA,"BRBA2923035",NA,"BRA.5.282_1"
"3dd70479",2021-09-30,453,8,NA,NA,13143,8362,4894,NA,NA,NA,-2,-1,-1,-2,0,0,0,3,2,3,1,4,5,1,-43.91,-33.8,-48.39,-12.5,3,"Brazil","Bahia","Novo Horizonte",-12.870258805,-42.1216713129772,12522,"BRA","BR",76,"BRL","2923035",NA,NA,"BRBA2923035",NA,"BRA.5.282_1"
"3dd70479",2021-10-01,453,8,NA,NA,13194,8392,4912,NA,NA,NA,-2,-1,-1,-2,0,0,0,3,2,3,1,4,5,1,-43.91,-33.8,-48.39,-12.5,3,"Brazil","Bahia","Novo Horizonte",-12.870258805,-42.1216713129772,12522,"BRA","BR",76,"BRL","2923035",NA,NA,"BRBA2923035",NA,"BRA.5.282_1"
"3dd70479",2021-10-02,453,8,NA,NA,NA,NA,NA,NA,NA,NA,-2,-1,-1,-2,0,0,0,3,2,3,1,4,5,1,-43.91,-33.8,-48.39,-12.5,3,"Brazil","Bahia","Novo Horizonte",-12.870258805,-42.1216713129772,12522,"BRA","BR",76,"BRL","2923035",NA,NA,"BRBA2923035",NA,"BRA.5.282_1"
"3dd70479",2021-10-03,453,8,NA,NA,NA,NA,NA,NA,NA,NA,-2,-1,-1,-2,0,0,0,3,2,3,1,4,5,1,-43.91,-33.8,-48.39,-12.5,3,"Brazil","Bahia","Novo Horizonte",-12.870258805,-42.1216713129772,12522,"BRA","BR",76,"BRL","2923035",NA,NA,"BRBA2923035",NA,"BRA.5.282_1"
"3dd70479",2021-10-04,453,8,NA,NA,13352,8500,4962,NA,NA,NA,-2,-1,-1,-2,0,0,0,3,2,3,1,4,5,1,-43.91,-33.8,-48.39,-12.5,3,"Brazil","Bahia","Novo Horizonte",-12.870258805,-42.1216713129772,12522,"BRA","BR",76,"BRL","2923035",NA,NA,"BRBA2923035",NA,"BRA.5.282_1"
"3dd70479",2021-10-05,469,8,NA,NA,13413,8509,5013,NA,NA,NA,-2,-1,-1,-2,0,0,0,1,2,3,1,4,5,1,-40.78,-28.24,-44.82,-12.5,3,"Brazil","Bahia","Novo Horizonte",-12.870258805,-42.1216713129772,12522,"BRA","BR",76,"BRL","2923035",NA,NA,"BRBA2923035",NA,"BRA.5.282_1"
"3dd70479",2021-10-06,470,8,NA,NA,13570,8519,5160,NA,NA,NA,-2,-1,-1,-2,0,0,0,1,2,3,1,4,5,1,-40.78,-28.24,-44.82,-12.5,3,"Brazil","Bahia","Novo Horizonte",-12.870258805,-42.1216713129772,12522,"BRA","BR",76,"BRL","2923035",NA,NA,"BRBA2923035",NA,"BRA.5.282_1"
"3dd70479",2021-10-07,467,8,NA,NA,13621,8519,5211,NA,NA,NA,-2,-1,-1,-2,0,0,0,1,2,3,1,4,5,1,-40.78,-28.24,-44.82,-12.5,3,"Brazil","Bahia","Novo Horizonte",-12.870258805,-42.1216713129772,12522,"BRA","BR",76,"BRL","2923035",NA,NA,"BRBA2923035",NA,"BRA.5.282_1"
"3dd70479",2021-10-08,467,8,NA,NA,13692,8546,5255,NA,NA,NA,-2,1,1,-2,0,0,0,1,2,3,1,4,5,1,-43.39,-32.87,-47.8,-12.5,3,"Brazil","Bahia","Novo Horizonte",-12.870258805,-42.1216713129772,12522,"BRA","BR",76,"BRL","2923035",NA,NA,"BRBA2923035",NA,"BRA.5.282_1"
"3dd70479",2021-10-09,467,8,NA,NA,NA,NA,NA,NA,NA,NA,-2,1,1,1,0,0,0,1,2,3,1,4,5,1,-42.6,-31.48,-46.9,-12.5,3,"Brazil","Bahia","Novo Horizonte",-12.870258805,-42.1216713129772,12522,"BRA","BR",76,"BRL","2923035",NA,NA,"BRBA2923035",NA,"BRA.5.282_1"
"3dd70479",2021-10-10,467,9,NA,NA,NA,NA,NA,NA,NA,NA,-2,1,1,1,0,0,0,1,2,3,1,4,5,1,-42.6,-31.48,-46.9,-12.5,3,"Brazil","Bahia","Novo Horizonte",-12.870258805,-42.1216713129772,12522,"BRA","BR",76,"BRL","2923035",NA,NA,"BRBA2923035",NA,"BRA.5.282_1"
"3dd70479",2021-10-11,467,9,NA,NA,NA,NA,NA,NA,NA,NA,-2,1,1,1,0,0,0,1,2,3,1,4,5,1,-42.6,-31.48,-46.9,-12.5,3,"Brazil","Bahia","Novo Horizonte",-12.870258805,-42.1216713129772,12522,"BRA","BR",76,"BRL","2923035",NA,NA,"BRBA2923035",NA,"BRA.5.282_1"
"3dd70479",2021-10-12,467,9,NA,NA,NA,NA,NA,NA,NA,NA,-2,1,1,1,0,0,0,1,2,3,1,4,5,-1,-41.56,-31.48,-45.71,-12.5,3,"Brazil","Bahia","Novo Horizonte",-12.870258805,-42.1216713129772,12522,"BRA","BR",76,"BRL","2923035",NA,NA,"BRBA2923035",NA,"BRA.5.282_1"
"3dd70479",2021-10-13,467,9,NA,NA,13765,8547,5261,NA,NA,NA,-2,1,1,1,0,0,0,1,2,3,1,4,5,-1,-41.56,-31.48,-45.71,-12.5,3,"Brazil","Bahia","Novo Horizonte",-12.870258805,-42.1216713129772,12522,"BRA","BR",76,"BRL","2923035",NA,NA,"BRBA2923035",NA,"BRA.5.282_1"
"3dd70479",2021-10-14,467,9,NA,NA,13819,8547,5314,NA,NA,NA,-2,1,1,1,0,0,0,1,2,3,1,4,5,-1,-41.56,-31.48,-45.71,-12.5,3,"Brazil","Bahia","Novo Horizonte",-12.870258805,-42.1216713129772,12522,"BRA","BR",76,"BRL","2923035",NA,NA,"BRBA2923035",NA,"BRA.5.282_1"
"3dd70479",2021-10-15,467,9,NA,NA,13827,8548,5321,NA,NA,NA,-2,1,1,1,0,0,0,1,2,3,1,4,5,-1,-41.56,-31.48,-45.71,-12.5,3,"Brazil","Bahia","Novo Horizonte",-12.870258805,-42.1216713129772,12522,"BRA","BR",76,"BRL","2923035",NA,NA,"BRBA2923035",NA,"BRA.5.282_1"
"3dd70479",2021-10-16,467,9,NA,NA,NA,NA,NA,NA,NA,NA,-2,1,1,1,0,0,0,1,2,3,1,4,5,-1,-41.56,-31.48,-45.71,-12.5,3,"Brazil","Bahia","Novo Horizonte",-12.870258805,-42.1216713129772,12522,"BRA","BR",76,"BRL","2923035",NA,NA,"BRBA2923035",NA,"BRA.5.282_1"
"3dd70479",2021-10-17,467,9,NA,NA,NA,NA,NA,NA,NA,NA,-2,1,1,1,0,0,0,1,2,3,1,4,5,-1,-41.56,-31.48,-45.71,-12.5,3,"Brazil","Bahia","Novo Horizonte",-12.870258805,-42.1216713129772,12522,"BRA","BR",76,"BRL","2923035",NA,NA,"BRBA2923035",NA,"BRA.5.282_1"
"3dd70479",2021-10-18,467,9,NA,NA,14251,8550,5743,NA,NA,NA,-2,1,1,1,0,0,0,1,2,2,1,4,5,-1,-39.48,-31.48,-43.33,-12.5,3,"Brazil","Bahia","Novo Horizonte",-12.870258805,-42.1216713129772,12522,"BRA","BR",76,"BRL","2923035",NA,NA,"BRBA2923035",NA,"BRA.5.282_1"
"3dd70479",2021-10-19,467,9,NA,NA,14337,8550,5829,NA,NA,NA,-2,1,1,1,0,0,0,1,2,2,1,4,5,-1,-39.48,-31.48,-43.33,-12.5,3,"Brazil","Bahia","Novo Horizonte",-12.870258805,-42.1216713129772,12522,"BRA","BR",76,"BRL","2923035",NA,NA,"BRBA2923035",NA,"BRA.5.282_1"
"3dd70479",2021-10-20,467,9,NA,NA,14532,8605,5922,NA,NA,NA,-2,1,1,1,0,0,0,1,2,2,1,4,5,-1,-39.48,-31.48,-43.33,-12.5,3,"Brazil","Bahia","Novo Horizonte",-12.870258805,-42.1216713129772,12522,"BRA","BR",76,"BRL","2923035",NA,NA,"BRBA2923035",NA,"BRA.5.282_1"
"3dd70479",2021-10-21,472,10,NA,NA,14592,8623,5964,NA,NA,NA,-2,1,1,1,0,0,0,1,2,2,1,4,5,-1,-39.48,-31.48,-43.33,-12.5,3,"Brazil","Bahia","Novo Horizonte",-12.870258805,-42.1216713129772,12522,"BRA","BR",76,"BRL","2923035",NA,NA,"BRBA2923035",NA,"BRA.5.282_1"
"3dd70479",2021-10-22,474,10,NA,NA,14718,8748,5965,NA,NA,NA,-2,1,1,1,0,0,0,1,2,2,1,4,5,-1,-39.48,-31.48,-43.33,-12.5,3,"Brazil","Bahia","Novo Horizonte",-12.870258805,-42.1216713129772,12522,"BRA","BR",76,"BRL","2923035",NA,NA,"BRBA2923035",NA,"BRA.5.282_1"
"3dd70479",2021-10-23,474,10,NA,NA,NA,NA,NA,NA,NA,NA,-2,1,1,1,0,0,0,1,2,2,1,4,5,-1,-39.48,-31.48,-43.33,-12.5,3,"Brazil","Bahia","Novo Horizonte",-12.870258805,-42.1216713129772,12522,"BRA","BR",76,"BRL","2923035",NA,NA,"BRBA2923035",NA,"BRA.5.282_1"
"3dd70479",2021-10-24,474,10,NA,NA,14720,8749,5966,NA,NA,NA,-2,1,1,1,0,0,0,1,2,2,1,4,5,-1,-39.48,-31.48,-43.33,-12.5,3,"Brazil","Bahia","Novo Horizonte",-12.870258805,-42.1216713129772,12522,"BRA","BR",76,"BRL","2923035",NA,NA,"BRBA2923035",NA,"BRA.5.282_1"
"3dd70479",2021-10-25,474,10,NA,NA,14881,8755,6121,NA,NA,NA,-2,1,1,1,0,0,0,1,2,2,1,4,5,-1,-39.48,-31.48,-43.33,-12.5,3,"Brazil","Bahia","Novo Horizonte",-12.870258805,-42.1216713129772,12522,"BRA","BR",76,"BRL","2923035",NA,NA,"BRBA2923035",NA,"BRA.5.282_1"
"3dd70479",2021-10-26,474,10,NA,NA,14882,8755,6122,NA,NA,NA,-2,1,1,1,0,0,0,1,2,2,1,4,5,-1,-39.48,-31.48,-43.33,-12.5,3,"Brazil","Bahia","Novo Horizonte",-12.870258805,-42.1216713129772,12522,"BRA","BR",76,"BRL","2923035",NA,NA,"BRBA2923035",NA,"BRA.5.282_1"
"3dd70479",2021-10-27,476,10,NA,NA,15322,8782,6535,NA,NA,NA,-2,1,1,1,0,0,0,1,2,2,1,4,5,-1,-39.48,-31.48,-43.33,-12.5,3,"Brazil","Bahia","Novo Horizonte",-12.870258805,-42.1216713129772,12522,"BRA","BR",76,"BRL","2923035",NA,NA,"BRBA2923035",NA,"BRA.5.282_1"
"3dd70479",2021-10-28,479,10,NA,NA,NA,NA,NA,NA,NA,NA,-2,1,1,1,0,0,0,1,2,2,1,4,5,-1,-39.48,-31.48,-43.33,-12.5,3,"Brazil","Bahia","Novo Horizonte",-12.870258805,-42.1216713129772,12522,"BRA","BR",76,"BRL","2923035",NA,NA,"BRBA2923035",NA,"BRA.5.282_1"
"3dd70479",2021-10-29,479,10,NA,NA,15323,8782,6536,NA,NA,NA,-2,1,1,1,0,0,0,1,2,2,1,4,5,-1,-39.48,-31.48,-43.33,-12.5,3,"Brazil","Bahia","Novo Horizonte",-12.870258805,-42.1216713129772,12522,"BRA","BR",76,"BRL","2923035",NA,NA,"BRBA2923035",NA,"BRA.5.282_1"
"3dd70479",2021-10-30,481,10,NA,NA,NA,NA,NA,NA,NA,NA,-2,1,1,1,0,0,0,1,2,2,1,4,5,-1,-39.48,-31.48,-43.33,-12.5,3,"Brazil","Bahia","Novo Horizonte",-12.870258805,-42.1216713129772,12522,"BRA","BR",76,"BRL","2923035",NA,NA,"BRBA2923035",NA,"BRA.5.282_1"
"3dd70479",2021-10-31,481,10,NA,NA,NA,NA,NA,NA,NA,NA,-2,1,1,1,0,0,0,1,2,2,1,4,5,-1,-39.48,-31.48,-43.33,-12.5,3,"Brazil","Bahia","Novo Horizonte",-12.870258805,-42.1216713129772,12522,"BRA","BR",76,"BRL","2923035",NA,NA,"BRBA2923035",NA,"BRA.5.282_1"
"3dd70479",2021-11-01,481,10,NA,NA,NA,NA,NA,NA,NA,NA,-2,1,1,1,0,0,0,1,2,2,1,4,5,-1,-39.48,-31.48,-43.33,-12.5,3,"Brazil","Bahia","Novo Horizonte",-12.870258805,-42.1216713129772,12522,"BRA","BR",76,"BRL","2923035",NA,NA,"BRBA2923035",NA,"BRA.5.282_1"
"3dd70479",2021-11-02,481,10,NA,NA,15324,8782,6536,NA,NA,NA,-2,1,1,1,0,0,0,1,2,2,1,4,5,0,-38.44,-31.48,-42.14,-12.5,3,"Brazil","Bahia","Novo Horizonte",-12.870258805,-42.1216713129772,12522,"BRA","BR",76,"BRL","2923035",NA,NA,"BRBA2923035",NA,"BRA.5.282_1"
"3dd70479",2021-11-03,481,10,NA,NA,NA,NA,NA,NA,NA,NA,-2,1,1,1,0,0,0,1,2,2,1,4,5,0,-38.44,-31.48,-42.14,-12.5,3,"Brazil","Bahia","Novo Horizonte",-12.870258805,-42.1216713129772,12522,"BRA","BR",76,"BRL","2923035",NA,NA,"BRBA2923035",NA,"BRA.5.282_1"
"3dd70479",2021-11-04,481,10,NA,NA,NA,NA,NA,NA,NA,NA,-2,1,1,1,0,0,0,1,2,2,1,4,5,0,-38.44,-31.48,-42.14,-12.5,3,"Brazil","Bahia","Novo Horizonte",-12.870258805,-42.1216713129772,12522,"BRA","BR",76,"BRL","2923035",NA,NA,"BRBA2923035",NA,"BRA.5.282_1"
"3dd70479",2021-11-05,481,10,NA,NA,15364,8782,6572,NA,NA,NA,-2,1,1,1,0,0,0,1,2,2,1,4,5,0,-38.44,-31.48,-42.14,-12.5,3,"Brazil","Bahia","Novo Horizonte",-12.870258805,-42.1216713129772,12522,"BRA","BR",76,"BRL","2923035",NA,NA,"BRBA2923035",NA,"BRA.5.282_1"
"3dd70479",2021-11-06,481,10,NA,NA,15365,8782,6573,NA,NA,NA,-2,1,1,1,0,0,0,1,2,2,1,4,5,0,-38.44,-31.48,-42.14,-12.5,3,"Brazil","Bahia","Novo Horizonte",-12.870258805,-42.1216713129772,12522,"BRA","BR",76,"BRL","2923035",NA,NA,"BRBA2923035",NA,"BRA.5.282_1"
"3dd70479",2021-11-07,486,10,NA,NA,NA,NA,NA,NA,NA,NA,-2,1,1,1,0,0,0,1,2,2,1,4,5,0,-38.44,-31.48,-42.14,-12.5,3,"Brazil","Bahia","Novo Horizonte",-12.870258805,-42.1216713129772,12522,"BRA","BR",76,"BRL","2923035",NA,NA,"BRBA2923035",NA,"BRA.5.282_1"
"3dd70479",2021-11-08,486,10,NA,NA,15394,8782,6573,NA,NA,NA,-2,1,1,1,0,0,0,1,2,2,1,4,5,0,-38.44,-31.48,-42.14,-12.5,3,"Brazil","Bahia","Novo Horizonte",-12.870258805,-42.1216713129772,12522,"BRA","BR",76,"BRL","2923035",NA,NA,"BRBA2923035",NA,"BRA.5.282_1"
"3dd70479",2021-11-09,486,10,NA,NA,15413,8782,6575,NA,NA,NA,-2,1,1,1,0,0,0,1,2,2,1,4,5,0,-38.44,-31.48,-42.14,-12.5,3,"Brazil","Bahia","Novo Horizonte",-12.870258805,-42.1216713129772,12522,"BRA","BR",76,"BRL","2923035",NA,NA,"BRBA2923035",NA,"BRA.5.282_1"
"3dd70479",2021-11-10,486,10,NA,NA,15564,8787,6721,NA,NA,NA,-2,1,1,1,0,0,0,1,2,2,1,4,5,0,-38.44,-31.48,-42.14,-12.5,3,"Brazil","Bahia","Novo Horizonte",-12.870258805,-42.1216713129772,12522,"BRA","BR",76,"BRL","2923035",NA,NA,"BRBA2923035",NA,"BRA.5.282_1"
"3dd70479",2021-11-11,486,10,NA,NA,15612,8787,6721,NA,NA,NA,-2,1,1,1,0,0,0,1,2,2,1,4,5,0,-38.44,-31.48,-42.14,-12.5,3,"Brazil","Bahia","Novo Horizonte",-12.870258805,-42.1216713129772,12522,"BRA","BR",76,"BRL","2923035",NA,NA,"BRBA2923035",NA,"BRA.5.282_1"
"3dd70479",2021-11-12,486,10,NA,NA,16458,8806,7495,NA,NA,NA,-2,1,1,1,0,0,0,1,2,2,1,4,5,0,-38.44,-31.48,-42.14,-12.5,3,"Brazil","Bahia","Novo Horizonte",-12.870258805,-42.1216713129772,12522,"BRA","BR",76,"BRL","2923035",NA,NA,"BRBA2923035",NA,"BRA.5.282_1"
"3dd70479",2021-11-13,486,10,NA,NA,16460,8806,7497,NA,NA,NA,-2,1,1,1,0,0,0,1,2,2,1,4,5,0,-38.44,-31.48,-42.14,-12.5,3,"Brazil","Bahia","Novo Horizonte",-12.870258805,-42.1216713129772,12522,"BRA","BR",76,"BRL","2923035",NA,NA,"BRBA2923035",NA,"BRA.5.282_1"
"3dd70479",2021-11-14,486,10,NA,NA,NA,NA,NA,NA,NA,NA,-2,1,1,1,0,0,0,1,2,2,1,4,5,0,-38.44,-31.48,-42.14,-12.5,3,"Brazil","Bahia","Novo Horizonte",-12.870258805,-42.1216713129772,12522,"BRA","BR",76,"BRL","2923035",NA,NA,"BRBA2923035",NA,"BRA.5.282_1"
"3dd70479",2021-11-15,489,10,NA,NA,NA,NA,NA,NA,NA,NA,-2,1,1,1,0,0,0,1,2,2,1,4,5,0,-38.44,-31.48,-42.14,-12.5,3,"Brazil","Bahia","Novo Horizonte",-12.870258805,-42.1216713129772,12522,"BRA","BR",76,"BRL","2923035",NA,NA,"BRBA2923035",NA,"BRA.5.282_1"
"3dd70479",2021-11-16,489,10,NA,NA,16485,8809,7514,NA,NA,NA,-2,1,1,1,0,0,0,1,2,2,1,4,5,0,-38.44,-31.48,-42.14,-12.5,3,"Brazil","Bahia","Novo Horizonte",-12.870258805,-42.1216713129772,12522,"BRA","BR",76,"BRL","2923035",NA,NA,"BRBA2923035",NA,"BRA.5.282_1"
"3dd70479",2021-11-17,490,10,NA,NA,16493,8809,7522,NA,NA,NA,-2,1,1,1,0,0,0,1,2,2,1,4,5,0,-38.44,-31.48,-42.14,-12.5,3,"Brazil","Bahia","Novo Horizonte",-12.870258805,-42.1216713129772,12522,"BRA","BR",76,"BRL","2923035",NA,NA,"BRBA2923035",NA,"BRA.5.282_1"
"3dd70479",2021-11-18,491,10,NA,NA,16537,8819,7538,NA,NA,NA,-2,1,1,1,0,0,0,1,2,2,1,4,5,0,-38.44,-31.48,-42.14,-12.5,3,"Brazil","Bahia","Novo Horizonte",-12.870258805,-42.1216713129772,12522,"BRA","BR",76,"BRL","2923035",NA,NA,"BRBA2923035",NA,"BRA.5.282_1"
"3dd70479",2021-11-19,491,10,NA,NA,16585,8820,7538,NA,NA,NA,-2,1,1,1,0,0,0,1,2,2,1,4,5,0,-38.44,-31.48,-42.14,-12.5,3,"Brazil","Bahia","Novo Horizonte",-12.870258805,-42.1216713129772,12522,"BRA","BR",76,"BRL","2923035",NA,NA,"BRBA2923035",NA,"BRA.5.282_1"
"3dd70479",2021-11-20,491,10,NA,NA,16586,8820,7539,NA,NA,NA,-2,1,1,1,0,0,0,1,2,2,1,4,5,0,-38.44,-31.48,-42.14,-12.5,3,"Brazil","Bahia","Novo Horizonte",-12.870258805,-42.1216713129772,12522,"BRA","BR",76,"BRL","2923035",NA,NA,"BRBA2923035",NA,"BRA.5.282_1"
"3dd70479",2021-11-21,491,10,NA,NA,16606,8820,7559,NA,NA,NA,-2,1,1,1,0,0,0,1,2,2,1,4,5,0,-38.44,-31.48,-42.14,-12.5,3,"Brazil","Bahia","Novo Horizonte",-12.870258805,-42.1216713129772,12522,"BRA","BR",76,"BRL","2923035",NA,NA,"BRBA2923035",NA,"BRA.5.282_1"
"3dd70479",2021-11-22,491,10,NA,NA,NA,NA,NA,NA,NA,NA,-2,1,1,1,0,0,0,1,2,2,1,4,5,0,-38.44,-31.48,-42.14,-12.5,3,"Brazil","Bahia","Novo Horizonte",-12.870258805,-42.1216713129772,12522,"BRA","BR",76,"BRL","2923035",NA,NA,"BRBA2923035",NA,"BRA.5.282_1"
"3dd70479",2021-11-23,492,10,NA,NA,17116,8822,7997,NA,NA,NA,-2,1,1,1,0,0,0,1,2,2,1,4,5,0,-38.44,-31.48,-42.14,-12.5,3,"Brazil","Bahia","Novo Horizonte",-12.870258805,-42.1216713129772,12522,"BRA","BR",76,"BRL","2923035",NA,NA,"BRBA2923035",NA,"BRA.5.282_1"
"3dd70479",2021-11-24,492,10,NA,NA,17126,8822,8002,NA,NA,NA,-2,1,1,1,0,0,0,1,2,2,1,4,5,0,-38.44,-31.48,-42.14,-12.5,3,"Brazil","Bahia","Novo Horizonte",-12.870258805,-42.1216713129772,12522,"BRA","BR",76,"BRL","2923035",NA,NA,"BRBA2923035",NA,"BRA.5.282_1"
"3dd70479",2021-11-25,492,10,NA,NA,NA,NA,NA,NA,NA,NA,-2,1,1,1,0,0,0,1,2,2,1,4,5,0,-38.44,-31.48,-42.14,-12.5,3,"Brazil","Bahia","Novo Horizonte",-12.870258805,-42.1216713129772,12522,"BRA","BR",76,"BRL","2923035",NA,NA,"BRBA2923035",NA,"BRA.5.282_1"
"3dd70479",2021-11-26,492,10,NA,NA,17158,8825,8006,NA,NA,NA,-2,1,1,1,0,0,0,1,2,2,1,4,5,0,-38.44,-31.48,-42.14,-12.5,3,"Brazil","Bahia","Novo Horizonte",-12.870258805,-42.1216713129772,12522,"BRA","BR",76,"BRL","2923035",NA,NA,"BRBA2923035",NA,"BRA.5.282_1"
"3dd70479",2021-11-27,492,10,NA,NA,NA,NA,NA,NA,NA,NA,-2,1,1,1,0,0,0,1,2,2,1,4,5,0,-38.44,-31.48,-42.14,-12.5,3,"Brazil","Bahia","Novo Horizonte",-12.870258805,-42.1216713129772,12522,"BRA","BR",76,"BRL","2923035",NA,NA,"BRBA2923035",NA,"BRA.5.282_1"
"3dd70479",2021-11-28,492,10,NA,NA,NA,NA,NA,NA,NA,NA,-2,1,1,1,0,0,0,1,2,2,1,4,5,0,-38.44,-31.48,-42.14,-12.5,3,"Brazil","Bahia","Novo Horizonte",-12.870258805,-42.1216713129772,12522,"BRA","BR",76,"BRL","2923035",NA,NA,"BRBA2923035",NA,"BRA.5.282_1"
"3dd70479",2021-11-29,492,10,NA,NA,17232,8828,8010,NA,NA,NA,-2,1,1,1,0,0,0,1,2,2,1,4,5,0,-38.44,-31.48,-42.14,-12.5,3,"Brazil","Bahia","Novo Horizonte",-12.870258805,-42.1216713129772,12522,"BRA","BR",76,"BRL","2923035",NA,NA,"BRBA2923035",NA,"BRA.5.282_1"
"3dd70479",2021-11-30,492,10,NA,NA,17528,8832,8048,NA,NA,NA,-2,1,1,1,0,0,0,1,2,2,1,4,5,0,-38.44,-31.48,-42.14,-12.5,3,"Brazil","Bahia","Novo Horizonte",-12.870258805,-42.1216713129772,12522,"BRA","BR",76,"BRL","2923035",NA,NA,"BRBA2923035",NA,"BRA.5.282_1"
"3dd70479",2021-12-01,502,10,NA,NA,17586,8838,8048,NA,NA,NA,-2,1,1,1,0,0,0,1,2,2,1,4,5,0,-36.88,-31.48,-42.14,0,3,"Brazil","Bahia","Novo Horizonte",-12.870258805,-42.1216713129772,12522,"BRA","BR",76,"BRL","2923035",NA,NA,"BRBA2923035",NA,"BRA.5.282_1"
"3dd70479",2021-12-02,502,10,NA,NA,NA,NA,NA,NA,NA,NA,-2,1,1,1,0,0,0,1,2,2,1,4,5,0,-36.88,-31.48,-42.14,0,3,"Brazil","Bahia","Novo Horizonte",-12.870258805,-42.1216713129772,12522,"BRA","BR",76,"BRL","2923035",NA,NA,"BRBA2923035",NA,"BRA.5.282_1"
"3dd70479",2021-12-03,502,10,NA,NA,NA,NA,NA,NA,NA,NA,-2,1,1,1,0,0,0,1,2,2,1,4,5,0,-36.88,-31.48,-42.14,0,3,"Brazil","Bahia","Novo Horizonte",-12.870258805,-42.1216713129772,12522,"BRA","BR",76,"BRL","2923035",NA,NA,"BRBA2923035",NA,"BRA.5.282_1"
"3dd70479",2021-12-04,502,10,NA,NA,NA,NA,NA,NA,NA,NA,-2,1,1,1,0,0,0,1,2,2,1,4,5,0,-36.88,-31.48,-42.14,0,3,"Brazil","Bahia","Novo Horizonte",-12.870258805,-42.1216713129772,12522,"BRA","BR",76,"BRL","2923035",NA,NA,"BRBA2923035",NA,"BRA.5.282_1"
"3dd70479",2021-12-05,502,10,NA,NA,NA,NA,NA,NA,NA,NA,-2,1,1,1,0,0,0,1,2,2,1,4,5,0,-36.88,-31.48,-42.14,0,3,"Brazil","Bahia","Novo Horizonte",-12.870258805,-42.1216713129772,12522,"BRA","BR",76,"BRL","2923035",NA,NA,"BRBA2923035",NA,"BRA.5.282_1"
"3dd70479",2021-12-06,502,10,NA,NA,17723,8838,8049,NA,NA,NA,-2,1,1,1,0,0,0,1,2,2,1,4,5,0,-36.88,-31.48,-42.14,0,3,"Brazil","Bahia","Novo Horizonte",-12.870258805,-42.1216713129772,12522,"BRA","BR",76,"BRL","2923035",NA,NA,"BRBA2923035",NA,"BRA.5.282_1"
"3dd70479",2021-12-07,503,10,NA,NA,17789,8847,8081,NA,NA,NA,-2,1,1,1,0,0,0,1,2,2,1,4,5,0,-36.88,-31.48,-42.14,0,3,"Brazil","Bahia","Novo Horizonte",-12.870258805,-42.1216713129772,12522,"BRA","BR",76,"BRL","2923035",NA,NA,"BRBA2923035",NA,"BRA.5.282_1"
"3dd70479",2021-12-08,503,10,NA,NA,17931,8849,8085,NA,NA,NA,-2,1,1,1,0,0,0,1,2,2,1,4,5,0,-36.88,-31.48,-42.14,0,3,"Brazil","Bahia","Novo Horizonte",-12.870258805,-42.1216713129772,12522,"BRA","BR",76,"BRL","2923035",NA,NA,"BRBA2923035",NA,"BRA.5.282_1"
"3dd70479",2021-12-09,505,10,NA,NA,17972,8849,8085,NA,NA,NA,-2,1,1,1,0,0,0,1,2,2,1,4,5,0,-36.88,-31.48,-42.14,0,3,"Brazil","Bahia","Novo Horizonte",-12.870258805,-42.1216713129772,12522,"BRA","BR",76,"BRL","2923035",NA,NA,"BRBA2923035",NA,"BRA.5.282_1"
"3dd70479",2021-12-10,505,10,NA,NA,NA,NA,NA,NA,NA,NA,-2,1,1,1,0,0,0,1,2,2,1,4,5,0,-36.88,-31.48,-42.14,0,3,"Brazil","Bahia","Novo Horizonte",-12.870258805,-42.1216713129772,12522,"BRA","BR",76,"BRL","2923035",NA,NA,"BRBA2923035",NA,"BRA.5.282_1"
"3dd70479",2021-12-11,505,10,NA,NA,NA,NA,NA,NA,NA,NA,-2,1,1,1,0,0,0,1,2,2,1,4,5,0,-36.88,-31.48,-42.14,0,3,"Brazil","Bahia","Novo Horizonte",-12.870258805,-42.1216713129772,12522,"BRA","BR",76,"BRL","2923035",NA,NA,"BRBA2923035",NA,"BRA.5.282_1"
"3dd70479",2021-12-12,505,10,NA,NA,NA,NA,NA,NA,NA,NA,-2,1,1,1,0,0,0,1,2,2,1,4,5,0,-36.88,-31.48,-42.14,0,3,"Brazil","Bahia","Novo Horizonte",-12.870258805,-42.1216713129772,12522,"BRA","BR",76,"BRL","2923035",NA,NA,"BRBA2923035",NA,"BRA.5.282_1"
"3dd70479",2021-12-13,505,10,NA,NA,18078,8850,8086,NA,NA,NA,-2,1,1,1,0,0,0,1,2,2,1,4,5,0,-36.88,-31.48,-42.14,0,3,"Brazil","Bahia","Novo Horizonte",-12.870258805,-42.1216713129772,12522,"BRA","BR",76,"BRL","2923035",NA,NA,"BRBA2923035",NA,"BRA.5.282_1"
"3dd70479",2021-12-14,505,10,NA,NA,18090,8850,8089,NA,NA,NA,-2,1,1,1,0,0,0,1,2,2,1,4,5,0,-36.88,-31.48,-42.14,0,3,"Brazil","Bahia","Novo Horizonte",-12.870258805,-42.1216713129772,12522,"BRA","BR",76,"BRL","2923035",NA,NA,"BRBA2923035",NA,"BRA.5.282_1"
"3dd70479",2021-12-15,505,10,NA,NA,18101,8850,8100,NA,NA,NA,-2,1,1,1,0,0,0,1,2,2,1,4,5,0,-36.88,-31.48,-42.14,0,3,"Brazil","Bahia","Novo Horizonte",-12.870258805,-42.1216713129772,12522,"BRA","BR",76,"BRL","2923035",NA,NA,"BRBA2923035",NA,"BRA.5.282_1"
"3dd70479",2021-12-16,505,10,NA,NA,18127,8851,8104,NA,NA,NA,-2,1,1,1,0,0,0,1,2,2,1,4,5,0,-36.88,-31.48,-42.14,0,3,"Brazil","Bahia","Novo Horizonte",-12.870258805,-42.1216713129772,12522,"BRA","BR",76,"BRL","2923035",NA,NA,"BRBA2923035",NA,"BRA.5.282_1"
"3dd70479",2021-12-17,505,10,NA,NA,18321,8866,8187,NA,NA,NA,-2,1,1,1,0,0,0,1,2,2,1,4,5,0,-36.88,-31.48,-42.14,0,3,"Brazil","Bahia","Novo Horizonte",-12.870258805,-42.1216713129772,12522,"BRA","BR",76,"BRL","2923035",NA,NA,"BRBA2923035",NA,"BRA.5.282_1"
"3dd70479",2021-12-18,505,10,NA,NA,NA,NA,NA,NA,NA,NA,-2,1,1,1,0,0,0,1,2,2,1,4,5,0,-36.88,-31.48,-42.14,0,3,"Brazil","Bahia","Novo Horizonte",-12.870258805,-42.1216713129772,12522,"BRA","BR",76,"BRL","2923035",NA,NA,"BRBA2923035",NA,"BRA.5.282_1"
"3dd70479",2021-12-19,505,10,NA,NA,NA,NA,NA,NA,NA,NA,-2,1,1,1,0,0,0,1,2,2,1,4,5,0,-36.88,-31.48,-42.14,0,3,"Brazil","Bahia","Novo Horizonte",-12.870258805,-42.1216713129772,12522,"BRA","BR",76,"BRL","2923035",NA,NA,"BRBA2923035",NA,"BRA.5.282_1"
"3dd70479",2021-12-20,505,10,NA,NA,18425,8866,8200,NA,NA,NA,-2,1,1,1,0,0,0,1,2,2,1,4,5,0,-36.88,-31.48,-42.14,0,3,"Brazil","Bahia","Novo Horizonte",-12.870258805,-42.1216713129772,12522,"BRA","BR",76,"BRL","2923035",NA,NA,"BRBA2923035",NA,"BRA.5.282_1"
"3dd70479",2021-12-21,505,10,NA,NA,18886,8869,8222,NA,NA,NA,-2,1,1,1,0,0,0,1,2,1,1,4,5,0,-34.79,-31.48,-39.76,0,3,"Brazil","Bahia","Novo Horizonte",-12.870258805,-42.1216713129772,12522,"BRA","BR",76,"BRL","2923035",NA,NA,"BRBA2923035",NA,"BRA.5.282_1"
"3dd70479",2021-12-22,505,10,NA,NA,NA,NA,NA,NA,NA,NA,-2,1,1,1,0,0,0,1,2,1,1,4,5,0,-34.79,-31.48,-39.76,0,3,"Brazil","Bahia","Novo Horizonte",-12.870258805,-42.1216713129772,12522,"BRA","BR",76,"BRL","2923035",NA,NA,"BRBA2923035",NA,"BRA.5.282_1"
"3dd70479",2021-12-23,505,10,NA,NA,18945,8869,8251,NA,NA,NA,-2,1,1,1,0,0,0,1,2,1,1,4,5,0,-34.79,-31.48,-39.76,0,3,"Brazil","Bahia","Novo Horizonte",-12.870258805,-42.1216713129772,12522,"BRA","BR",76,"BRL","2923035",NA,NA,"BRBA2923035",NA,"BRA.5.282_1"
"3dd70479",2021-12-24,505,10,NA,NA,NA,NA,NA,NA,NA,NA,-2,1,1,1,0,0,0,1,2,1,1,4,5,0,-34.79,-31.48,-39.76,0,3,"Brazil","Bahia","Novo Horizonte",-12.870258805,-42.1216713129772,12522,"BRA","BR",76,"BRL","2923035",NA,NA,"BRBA2923035",NA,"BRA.5.282_1"
"3dd70479",2021-12-25,505,10,NA,NA,NA,NA,NA,NA,NA,NA,-2,1,1,1,0,0,0,1,2,1,1,4,5,0,-34.79,-31.48,-39.76,0,3,"Brazil","Bahia","Novo Horizonte",-12.870258805,-42.1216713129772,12522,"BRA","BR",76,"BRL","2923035",NA,NA,"BRBA2923035",NA,"BRA.5.282_1"
"3dd70479",2021-12-26,506,10,NA,NA,NA,NA,NA,NA,NA,NA,-2,1,1,1,0,0,0,1,2,1,1,4,5,0,-34.79,-31.48,-39.76,0,3,"Brazil","Bahia","Novo Horizonte",-12.870258805,-42.1216713129772,12522,"BRA","BR",76,"BRL","2923035",NA,NA,"BRBA2923035",NA,"BRA.5.282_1"
"3dd70479",2021-12-27,506,10,NA,NA,NA,NA,NA,NA,NA,NA,-2,1,1,1,0,0,0,1,2,1,1,4,5,0,-34.79,-31.48,-39.76,0,3,"Brazil","Bahia","Novo Horizonte",-12.870258805,-42.1216713129772,12522,"BRA","BR",76,"BRL","2923035",NA,NA,"BRBA2923035",NA,"BRA.5.282_1"
"3dd70479",2021-12-28,506,10,NA,NA,NA,NA,NA,NA,NA,NA,-2,1,1,1,0,0,0,1,2,1,1,4,5,0,-34.79,-31.48,-39.76,0,3,"Brazil","Bahia","Novo Horizonte",-12.870258805,-42.1216713129772,12522,"BRA","BR",76,"BRL","2923035",NA,NA,"BRBA2923035",NA,"BRA.5.282_1"
"3dd70479",2021-12-29,506,10,NA,NA,NA,NA,NA,NA,NA,NA,-2,1,1,1,0,0,0,1,2,1,1,4,5,0,-34.79,-31.48,-39.76,0,3,"Brazil","Bahia","Novo Horizonte",-12.870258805,-42.1216713129772,12522,"BRA","BR",76,"BRL","2923035",NA,NA,"BRBA2923035",NA,"BRA.5.282_1"
"3dd70479",2021-12-30,506,10,NA,NA,NA,NA,NA,NA,NA,NA,-2,1,1,1,0,0,0,1,2,1,1,4,5,0,-34.79,-31.48,-39.76,0,3,"Brazil","Bahia","Novo Horizonte",-12.870258805,-42.1216713129772,12522,"BRA","BR",76,"BRL","2923035",NA,NA,"BRBA2923035",NA,"BRA.5.282_1"
"3dd70479",2021-12-31,507,10,NA,NA,NA,NA,NA,NA,NA,NA,-2,1,1,1,0,0,0,1,2,1,1,4,5,0,-34.79,-31.48,-39.76,0,3,"Brazil","Bahia","Novo Horizonte",-12.870258805,-42.1216713129772,12522,"BRA","BR",76,"BRL","2923035",NA,NA,"BRBA2923035",NA,"BRA.5.282_1"
"3dd70479",2022-01-01,507,10,NA,NA,NA,NA,NA,NA,NA,NA,-2,1,1,1,0,0,0,1,2,1,1,4,5,0,-34.79,-31.48,-39.76,0,3,"Brazil","Bahia","Novo Horizonte",-12.870258805,-42.1216713129772,12522,"BRA","BR",76,"BRL","2923035",NA,NA,"BRBA2923035",NA,"BRA.5.282_1"
"3dd70479",2022-01-02,507,10,NA,NA,18977,8871,8253,NA,NA,NA,-2,1,1,1,0,0,0,1,2,1,1,4,5,0,-34.79,-31.48,-39.76,0,3,"Brazil","Bahia","Novo Horizonte",-12.870258805,-42.1216713129772,12522,"BRA","BR",76,"BRL","2923035",NA,NA,"BRBA2923035",NA,"BRA.5.282_1"
"3dd70479",2022-01-03,507,10,NA,NA,NA,NA,NA,NA,NA,NA,-2,1,-2,-3,0,0,0,1,2,3,1,4,5,0,-42.86,-38.43,-48.99,0,3,"Brazil","Bahia","Novo Horizonte",-12.870258805,-42.1216713129772,12522,"BRA","BR",76,"BRL","2923035",NA,NA,"BRBA2923035",NA,"BRA.5.282_1"
"3dd70479",2022-01-04,507,10,NA,NA,19160,8876,8292,NA,NA,NA,-2,1,-2,-3,0,0,0,1,2,3,1,4,5,0,-42.86,-38.43,-48.99,0,3,"Brazil","Bahia","Novo Horizonte",-12.870258805,-42.1216713129772,12522,"BRA","BR",76,"BRL","2923035",NA,NA,"BRBA2923035",NA,"BRA.5.282_1"
"3dd70479",2022-01-05,507,10,NA,NA,19397,8887,8366,NA,NA,NA,-2,1,-2,-3,0,0,0,1,2,3,1,4,5,0,-42.86,-38.43,-48.99,0,3,"Brazil","Bahia","Novo Horizonte",-12.870258805,-42.1216713129772,12522,"BRA","BR",76,"BRL","2923035",NA,NA,"BRBA2923035",NA,"BRA.5.282_1"
"3dd70479",2022-01-06,507,10,NA,NA,NA,NA,NA,NA,NA,NA,-2,1,-2,-3,0,0,0,1,2,3,1,4,5,0,-42.86,-38.43,-48.99,0,3,"Brazil","Bahia","Novo Horizonte",-12.870258805,-42.1216713129772,12522,"BRA","BR",76,"BRL","2923035",NA,NA,"BRBA2923035",NA,"BRA.5.282_1"
"3dd70479",2022-01-07,507,10,NA,NA,NA,NA,NA,NA,NA,NA,-2,1,-2,-3,0,0,0,1,2,3,1,4,5,0,-42.86,-38.43,-48.99,0,3,"Brazil","Bahia","Novo Horizonte",-12.870258805,-42.1216713129772,12522,"BRA","BR",76,"BRL","2923035",NA,NA,"BRBA2923035",NA,"BRA.5.282_1"
"3dd70479",2022-01-08,507,10,NA,NA,NA,NA,NA,NA,NA,NA,-2,1,-2,-3,0,0,0,1,2,3,1,4,5,0,-42.86,-38.43,-48.99,0,3,"Brazil","Bahia","Novo Horizonte",-12.870258805,-42.1216713129772,12522,"BRA","BR",76,"BRL","2923035",NA,NA,"BRBA2923035",NA,"BRA.5.282_1"
"3dd70479",2022-01-09,507,10,NA,NA,NA,NA,NA,NA,NA,NA,-2,1,-2,-3,0,0,0,1,2,3,1,4,5,0,-42.86,-38.43,-48.99,0,3,"Brazil","Bahia","Novo Horizonte",-12.870258805,-42.1216713129772,12522,"BRA","BR",76,"BRL","2923035",NA,NA,"BRBA2923035",NA,"BRA.5.282_1"
"3dd70479",2022-01-10,507,10,NA,NA,NA,NA,NA,NA,NA,NA,-2,1,1,1,0,0,0,1,2,3,1,4,5,0,-38.96,-31.48,-44.52,0,3,"Brazil","Bahia","Novo Horizonte",-12.870258805,-42.1216713129772,12522,"BRA","BR",76,"BRL","2923035",NA,NA,"BRBA2923035",NA,"BRA.5.282_1"
"3dd70479",2022-01-11,507,10,NA,NA,19713,8888,8367,NA,NA,NA,-2,1,1,1,0,0,0,1,2,3,1,4,5,0,-38.96,-31.48,-44.52,0,3,"Brazil","Bahia","Novo Horizonte",-12.870258805,-42.1216713129772,12522,"BRA","BR",76,"BRL","2923035",NA,NA,"BRBA2923035",NA,"BRA.5.282_1"
"3dd70479",2022-01-12,508,10,NA,NA,19799,8889,8373,NA,NA,NA,-2,1,1,1,0,0,0,1,2,1,0,4,5,0,-31.67,-31.48,-36.19,0,3,"Brazil","Bahia","Novo Horizonte",-12.870258805,-42.1216713129772,12522,"BRA","BR",76,"BRL","2923035",NA,NA,"BRBA2923035",NA,"BRA.5.282_1"
"3dd70479",2022-01-13,508,10,NA,NA,19963,8889,8393,NA,NA,NA,-2,1,1,1,0,0,0,1,2,1,0,4,5,0,-31.67,-31.48,-36.19,0,3,"Brazil","Bahia","Novo Horizonte",-12.870258805,-42.1216713129772,12522,"BRA","BR",76,"BRL","2923035",NA,NA,"BRBA2923035",NA,"BRA.5.282_1"
"3dd70479",2022-01-14,508,10,NA,NA,19967,8889,8393,NA,NA,NA,-2,1,1,1,0,0,0,1,2,1,0,4,5,0,-31.67,-31.48,-36.19,0,3,"Brazil","Bahia","Novo Horizonte",-12.870258805,-42.1216713129772,12522,"BRA","BR",76,"BRL","2923035",NA,NA,"BRBA2923035",NA,"BRA.5.282_1"
"3dd70479",2022-01-15,508,10,NA,NA,NA,NA,NA,NA,NA,NA,-2,1,1,1,0,0,0,1,2,1,0,4,5,0,-31.67,-31.48,-36.19,0,3,"Brazil","Bahia","Novo Horizonte",-12.870258805,-42.1216713129772,12522,"BRA","BR",76,"BRL","2923035",NA,NA,"BRBA2923035",NA,"BRA.5.282_1"
"3dd70479",2022-01-16,508,10,NA,NA,NA,NA,NA,NA,NA,NA,-2,1,1,1,0,0,0,1,2,1,0,4,5,0,-31.67,-31.48,-36.19,0,3,"Brazil","Bahia","Novo Horizonte",-12.870258805,-42.1216713129772,12522,"BRA","BR",76,"BRL","2923035",NA,NA,"BRBA2923035",NA,"BRA.5.282_1"
"3dd70479",2022-01-17,508,10,NA,NA,NA,NA,NA,NA,NA,NA,-2,1,1,1,0,0,0,1,2,1,0,4,5,0,-31.67,-31.48,-36.19,0,3,"Brazil","Bahia","Novo Horizonte",-12.870258805,-42.1216713129772,12522,"BRA","BR",76,"BRL","2923035",NA,NA,"BRBA2923035",NA,"BRA.5.282_1"
"3dd70479",2022-01-18,508,10,NA,NA,20119,8897,8407,NA,NA,NA,-2,1,1,1,0,0,0,1,2,1,0,4,5,0,-31.67,-31.48,-36.19,0,3,"Brazil","Bahia","Novo Horizonte",-12.870258805,-42.1216713129772,12522,"BRA","BR",76,"BRL","2923035",NA,NA,"BRBA2923035",NA,"BRA.5.282_1"
"3dd70479",2022-01-19,508,10,NA,NA,NA,NA,NA,NA,NA,NA,-2,1,1,1,0,0,0,1,2,1,0,4,5,0,-31.67,-31.48,-36.19,0,3,"Brazil","Bahia","Novo Horizonte",-12.870258805,-42.1216713129772,12522,"BRA","BR",76,"BRL","2923035",NA,NA,"BRBA2923035",NA,"BRA.5.282_1"
"3dd70479",2022-01-20,508,10,NA,NA,20399,8900,8413,NA,NA,NA,-2,1,1,1,0,0,0,1,2,1,0,4,5,0,-31.67,-31.48,-36.19,0,3,"Brazil","Bahia","Novo Horizonte",-12.870258805,-42.1216713129772,12522,"BRA","BR",76,"BRL","2923035",NA,NA,"BRBA2923035",NA,"BRA.5.282_1"
"3dd70479",2022-01-21,508,10,NA,NA,NA,NA,NA,NA,NA,NA,-2,1,1,1,0,0,0,1,2,1,0,4,5,0,-31.67,-31.48,-36.19,0,3,"Brazil","Bahia","Novo Horizonte",-12.870258805,-42.1216713129772,12522,"BRA","BR",76,"BRL","2923035",NA,NA,"BRBA2923035",NA,"BRA.5.282_1"
"3dd70479",2022-01-22,508,10,NA,NA,NA,NA,NA,NA,NA,NA,-2,1,1,1,0,0,0,1,2,1,0,4,5,0,-31.67,-31.48,-36.19,0,3,"Brazil","Bahia","Novo Horizonte",-12.870258805,-42.1216713129772,12522,"BRA","BR",76,"BRL","2923035",NA,NA,"BRBA2923035",NA,"BRA.5.282_1"
"3dd70479",2022-01-23,514,10,NA,NA,NA,NA,NA,NA,NA,NA,-2,1,1,1,0,0,0,1,2,1,0,4,5,0,-31.67,-31.48,-36.19,0,3,"Brazil","Bahia","Novo Horizonte",-12.870258805,-42.1216713129772,12522,"BRA","BR",76,"BRL","2923035",NA,NA,"BRBA2923035",NA,"BRA.5.282_1"
"3dd70479",2022-01-24,514,10,NA,NA,20418,8918,8413,NA,NA,NA,-2,1,1,1,0,0,0,1,2,1,0,4,5,0,-31.67,-31.48,-36.19,0,3,"Brazil","Bahia","Novo Horizonte",-12.870258805,-42.1216713129772,12522,"BRA","BR",76,"BRL","2923035",NA,NA,"BRBA2923035",NA,"BRA.5.282_1"
"3dd70479",2022-01-25,514,10,NA,NA,NA,NA,NA,NA,NA,NA,-2,1,1,1,0,0,0,1,2,1,0,4,5,0,-31.67,-31.48,-36.19,0,3,"Brazil","Bahia","Novo Horizonte",-12.870258805,-42.1216713129772,12522,"BRA","BR",76,"BRL","2923035",NA,NA,"BRBA2923035",NA,"BRA.5.282_1"
"3dd70479",2022-01-26,514,10,NA,NA,NA,NA,NA,NA,NA,NA,-2,1,1,1,0,0,0,1,2,1,0,4,5,0,-31.67,-31.48,-36.19,0,3,"Brazil","Bahia","Novo Horizonte",-12.870258805,-42.1216713129772,12522,"BRA","BR",76,"BRL","2923035",NA,NA,"BRBA2923035",NA,"BRA.5.282_1"
"3dd70479",2022-01-27,514,10,NA,NA,NA,NA,NA,NA,NA,NA,-2,1,1,1,0,0,0,1,2,1,0,4,5,0,-31.67,-31.48,-36.19,0,3,"Brazil","Bahia","Novo Horizonte",-12.870258805,-42.1216713129772,12522,"BRA","BR",76,"BRL","2923035",NA,NA,"BRBA2923035",NA,"BRA.5.282_1"
"3dd70479",2022-01-28,540,10,NA,NA,20478,8977,8413,NA,NA,NA,-2,1,1,1,0,0,0,1,2,1,0,4,5,0,-31.67,-31.48,-36.19,0,3,"Brazil","Bahia","Novo Horizonte",-12.870258805,-42.1216713129772,12522,"BRA","BR",76,"BRL","2923035",NA,NA,"BRBA2923035",NA,"BRA.5.282_1"
"3dd70479",2022-01-29,540,10,NA,NA,NA,NA,NA,NA,NA,NA,-2,1,1,1,0,0,0,1,2,1,0,4,5,0,-31.67,-31.48,-36.19,0,3,"Brazil","Bahia","Novo Horizonte",-12.870258805,-42.1216713129772,12522,"BRA","BR",76,"BRL","2923035",NA,NA,"BRBA2923035",NA,"BRA.5.282_1"
"3dd70479",2022-01-30,540,10,NA,NA,20606,8978,8428,NA,NA,NA,-2,1,1,1,0,0,0,1,2,1,0,4,5,0,-31.67,-31.48,-36.19,0,3,"Brazil","Bahia","Novo Horizonte",-12.870258805,-42.1216713129772,12522,"BRA","BR",76,"BRL","2923035",NA,NA,"BRBA2923035",NA,"BRA.5.282_1"
"3dd70479",2022-01-31,540,10,NA,NA,NA,NA,NA,NA,NA,NA,-2,1,1,1,0,0,0,1,2,1,0,4,5,0,-31.67,-31.48,-36.19,0,3,"Brazil","Bahia","Novo Horizonte",-12.870258805,-42.1216713129772,12522,"BRA","BR",76,"BRL","2923035",NA,NA,"BRBA2923035",NA,"BRA.5.282_1"
"3dd70479",2022-02-01,540,10,NA,NA,NA,NA,NA,NA,NA,NA,-2,-2,-2,-4,-2,0,0,1,2,1,0,4,5,0,-42.86,-51.39,-48.99,0,3,"Brazil","Bahia","Novo Horizonte",-12.870258805,-42.1216713129772,12522,"BRA","BR",76,"BRL","2923035",NA,NA,"BRBA2923035",NA,"BRA.5.282_1"
"3dd70479",2022-02-02,540,10,NA,NA,20751,8979,8428,NA,NA,NA,-2,-2,-2,-4,-2,0,0,1,2,1,0,4,5,0,-42.86,-51.39,-48.99,0,3,"Brazil","Bahia","Novo Horizonte",-12.870258805,-42.1216713129772,12522,"BRA","BR",76,"BRL","2923035",NA,NA,"BRBA2923035",NA,"BRA.5.282_1"
"3dd70479",2022-02-03,582,10,NA,NA,20873,8983,8442,NA,NA,NA,1,-2,-2,-4,-2,0,-2,1,2,1,0,4,5,0,-46.51,-57.87,-53.15,0,3,"Brazil","Bahia","Novo Horizonte",-12.870258805,-42.1216713129772,12522,"BRA","BR",76,"BRL","2923035",NA,NA,"BRBA2923035",NA,"BRA.5.282_1"
"3dd70479",2022-02-04,583,10,NA,NA,21100,9056,8449,NA,NA,NA,1,-2,-2,-4,-2,0,-2,1,2,1,0,4,5,0,-46.51,-57.87,-53.15,0,3,"Brazil","Bahia","Novo Horizonte",-12.870258805,-42.1216713129772,12522,"BRA","BR",76,"BRL","2923035",NA,NA,"BRBA2923035",NA,"BRA.5.282_1"
"3dd70479",2022-02-05,583,10,NA,NA,NA,NA,NA,NA,NA,NA,1,-2,-2,-4,-2,0,-2,1,2,1,0,4,5,0,-46.51,-57.87,-53.15,0,3,"Brazil","Bahia","Novo Horizonte",-12.870258805,-42.1216713129772,12522,"BRA","BR",76,"BRL","2923035",NA,NA,"BRBA2923035",NA,"BRA.5.282_1"
"3dd70479",2022-02-06,583,10,NA,NA,21101,9056,8449,NA,NA,NA,1,-2,-2,-4,-2,0,-2,1,2,1,0,4,5,0,-46.51,-57.87,-53.15,0,3,"Brazil","Bahia","Novo Horizonte",-12.870258805,-42.1216713129772,12522,"BRA","BR",76,"BRL","2923035",NA,NA,"BRBA2923035",NA,"BRA.5.282_1"
"3dd70479",2022-02-07,583,10,NA,NA,21104,9056,8450,NA,NA,NA,1,-2,-2,-4,-2,0,-2,1,2,1,0,4,5,0,-46.51,-57.87,-53.15,0,3,"Brazil","Bahia","Novo Horizonte",-12.870258805,-42.1216713129772,12522,"BRA","BR",76,"BRL","2923035",NA,NA,"BRBA2923035",NA,"BRA.5.282_1"
"3dd70479",2022-02-08,583,10,NA,NA,NA,NA,NA,NA,NA,NA,1,-2,-2,-4,-2,0,-2,1,2,1,0,4,5,0,-46.51,-57.87,-53.15,0,3,"Brazil","Bahia","Novo Horizonte",-12.870258805,-42.1216713129772,12522,"BRA","BR",76,"BRL","2923035",NA,NA,"BRBA2923035",NA,"BRA.5.282_1"
"3dd70479",2022-02-09,583,10,NA,NA,21175,9120,8451,NA,NA,NA,1,-2,-2,-4,-2,0,-2,1,2,1,0,4,5,0,-46.51,-57.87,-53.15,0,3,"Brazil","Bahia","Novo Horizonte",-12.870258805,-42.1216713129772,12522,"BRA","BR",76,"BRL","2923035",NA,NA,"BRBA2923035",NA,"BRA.5.282_1"
"3dd70479",2022-02-10,584,10,NA,NA,NA,NA,NA,NA,NA,NA,1,-2,-2,-4,-2,0,-2,1,2,1,0,4,5,0,-46.51,-57.87,-53.15,0,3,"Brazil","Bahia","Novo Horizonte",-12.870258805,-42.1216713129772,12522,"BRA","BR",76,"BRL","2923035",NA,NA,"BRBA2923035",NA,"BRA.5.282_1"
"3dd70479",2022-02-11,584,10,NA,NA,21429,9221,8477,NA,NA,NA,1,-2,-2,-4,-2,0,-2,1,2,1,0,4,5,0,-46.51,-57.87,-53.15,0,3,"Brazil","Bahia","Novo Horizonte",-12.870258805,-42.1216713129772,12522,"BRA","BR",76,"BRL","2923035",NA,NA,"BRBA2923035",NA,"BRA.5.282_1"
"3dd70479",2022-02-12,606,10,NA,NA,NA,NA,NA,NA,NA,NA,1,-2,-2,-4,-2,0,-2,1,2,1,0,4,5,0,-46.51,-57.87,-53.15,0,3,"Brazil","Bahia","Novo Horizonte",-12.870258805,-42.1216713129772,12522,"BRA","BR",76,"BRL","2923035",NA,NA,"BRBA2923035",NA,"BRA.5.282_1"
"3dd70479",2022-02-13,606,10,NA,NA,NA,NA,NA,NA,NA,NA,1,2,2,4,-2,0,-2,1,2,2,0,4,5,0,-51.98,-63.89,-59.4,0,3,"Brazil","Bahia","Novo Horizonte",-12.870258805,-42.1216713129772,12522,"BRA","BR",76,"BRL","2923035",NA,NA,"BRBA2923035",NA,"BRA.5.282_1"
"3dd70479",2022-02-14,606,10,NA,NA,NA,NA,NA,NA,NA,NA,1,2,2,4,-2,0,-2,1,2,2,0,4,5,0,-51.98,-63.89,-59.4,0,3,"Brazil","Bahia","Novo Horizonte",-12.870258805,-42.1216713129772,12522,"BRA","BR",76,"BRL","2923035",NA,NA,"BRBA2923035",NA,"BRA.5.282_1"
"3dd70479",2022-02-15,607,10,NA,NA,21469,9222,8477,NA,NA,NA,1,2,2,4,-2,0,-2,1,2,2,0,4,5,0,-51.98,-63.89,-59.4,0,3,"Brazil","Bahia","Novo Horizonte",-12.870258805,-42.1216713129772,12522,"BRA","BR",76,"BRL","2923035",NA,NA,"BRBA2923035",NA,"BRA.5.282_1"
"3dd70479",2022-02-16,607,10,NA,NA,21800,9225,8484,NA,NA,NA,1,2,2,4,-2,0,-2,1,2,2,0,4,5,0,-51.98,-63.89,-59.4,0,3,"Brazil","Bahia","Novo Horizonte",-12.870258805,-42.1216713129772,12522,"BRA","BR",76,"BRL","2923035",NA,NA,"BRBA2923035",NA,"BRA.5.282_1"
"3dd70479",2022-02-17,608,10,NA,NA,22147,9226,8490,NA,NA,NA,1,2,2,4,-2,0,-2,1,2,2,0,4,5,0,-51.98,-63.89,-59.4,0,3,"Brazil","Bahia","Novo Horizonte",-12.870258805,-42.1216713129772,12522,"BRA","BR",76,"BRL","2923035",NA,NA,"BRBA2923035",NA,"BRA.5.282_1"
"3dd70479",2022-02-18,613,10,NA,NA,22271,9350,8490,NA,NA,NA,1,2,2,4,-2,0,-2,1,2,2,0,4,5,0,-51.98,-63.89,-59.4,0,3,"Brazil","Bahia","Novo Horizonte",-12.870258805,-42.1216713129772,12522,"BRA","BR",76,"BRL","2923035",NA,NA,"BRBA2923035",NA,"BRA.5.282_1"
"3dd70479",2022-02-19,613,10,NA,NA,22272,9350,8491,NA,NA,NA,1,2,2,4,-2,0,-2,1,2,2,0,4,5,0,-51.98,-63.89,-59.4,0,3,"Brazil","Bahia","Novo Horizonte",-12.870258805,-42.1216713129772,12522,"BRA","BR",76,"BRL","2923035",NA,NA,"BRBA2923035",NA,"BRA.5.282_1"
"3dd70479",2022-02-20,613,10,NA,NA,NA,NA,NA,NA,NA,NA,1,2,2,4,-2,0,-2,1,2,2,0,4,5,0,-51.98,-63.89,-59.4,0,3,"Brazil","Bahia","Novo Horizonte",-12.870258805,-42.1216713129772,12522,"BRA","BR",76,"BRL","2923035",NA,NA,"BRBA2923035",NA,"BRA.5.282_1"
"3dd70479",2022-02-21,613,10,NA,NA,22310,9351,8491,NA,NA,NA,1,2,2,4,-2,0,-2,1,2,2,0,4,5,0,-51.98,-63.89,-59.4,0,3,"Brazil","Bahia","Novo Horizonte",-12.870258805,-42.1216713129772,12522,"BRA","BR",76,"BRL","2923035",NA,NA,"BRBA2923035",NA,"BRA.5.282_1"
"3dd70479",2022-02-22,613,10,NA,NA,22401,9353,8491,NA,NA,NA,1,2,2,4,-2,0,-2,1,2,2,0,4,5,0,-51.98,-63.89,-59.4,0,3,"Brazil","Bahia","Novo Horizonte",-12.870258805,-42.1216713129772,12522,"BRA","BR",76,"BRL","2923035",NA,NA,"BRBA2923035",NA,"BRA.5.282_1"
"3dd70479",2022-02-23,614,10,NA,NA,22497,9354,8493,NA,NA,NA,1,2,2,4,-2,0,-2,1,2,2,0,4,5,0,-51.98,-63.89,-59.4,0,3,"Brazil","Bahia","Novo Horizonte",-12.870258805,-42.1216713129772,12522,"BRA","BR",76,"BRL","2923035",NA,NA,"BRBA2923035",NA,"BRA.5.282_1"
"3dd70479",2022-02-24,614,10,NA,NA,NA,NA,NA,NA,NA,NA,1,2,2,4,-2,0,-2,1,2,2,0,4,5,0,-51.98,-63.89,-59.4,0,3,"Brazil","Bahia","Novo Horizonte",-12.870258805,-42.1216713129772,12522,"BRA","BR",76,"BRL","2923035",NA,NA,"BRBA2923035",NA,"BRA.5.282_1"
"3dd70479",2022-02-25,614,10,NA,NA,22584,9440,8494,NA,NA,NA,1,2,2,4,-2,0,-2,1,2,2,0,4,5,0,-51.98,-63.89,-59.4,0,3,"Brazil","Bahia","Novo Horizonte",-12.870258805,-42.1216713129772,12522,"BRA","BR",76,"BRL","2923035",NA,NA,"BRBA2923035",NA,"BRA.5.282_1"
"3dd70479",2022-02-26,614,10,NA,NA,NA,NA,NA,NA,NA,NA,1,2,2,4,-2,0,-2,1,2,2,0,4,5,0,-51.98,-63.89,-59.4,0,3,"Brazil","Bahia","Novo Horizonte",-12.870258805,-42.1216713129772,12522,"BRA","BR",76,"BRL","2923035",NA,NA,"BRBA2923035",NA,"BRA.5.282_1"
"3dd70479",2022-02-27,614,10,NA,NA,NA,NA,NA,NA,NA,NA,1,2,2,4,-2,0,-2,1,2,2,0,4,5,0,-51.98,-63.89,-59.4,0,3,"Brazil","Bahia","Novo Horizonte",-12.870258805,-42.1216713129772,12522,"BRA","BR",76,"BRL","2923035",NA,NA,"BRBA2923035",NA,"BRA.5.282_1"
"3dd70479",2022-02-28,614,10,NA,NA,22634,9489,8495,NA,NA,NA,1,2,2,4,-2,0,-2,1,2,2,0,4,5,0,-51.98,-63.89,-59.4,0,3,"Brazil","Bahia","Novo Horizonte",-12.870258805,-42.1216713129772,12522,"BRA","BR",76,"BRL","2923035",NA,NA,"BRBA2923035",NA,"BRA.5.282_1"
"3dd70479",2022-03-01,614,10,NA,NA,NA,NA,NA,NA,NA,NA,1,2,2,4,-2,0,-2,1,2,2,0,4,5,0,-51.98,-63.89,-59.4,0,3,"Brazil","Bahia","Novo Horizonte",-12.870258805,-42.1216713129772,12522,"BRA","BR",76,"BRL","2923035",NA,NA,"BRBA2923035",NA,"BRA.5.282_1"
"3dd70479",2022-03-02,614,10,NA,NA,22801,9497,8497,NA,NA,NA,1,2,2,4,-2,0,-2,1,2,1,0,4,5,0,-49.9,-63.89,-57.02,0,3,"Brazil","Bahia","Novo Horizonte",-12.870258805,-42.1216713129772,12522,"BRA","BR",76,"BRL","2923035",NA,NA,"BRBA2923035",NA,"BRA.5.282_1"
"3dd70479",2022-03-03,614,10,NA,NA,NA,NA,NA,NA,NA,NA,1,2,2,4,-2,0,-2,1,2,1,0,4,5,0,-49.9,-63.89,-57.02,0,3,"Brazil","Bahia","Novo Horizonte",-12.870258805,-42.1216713129772,12522,"BRA","BR",76,"BRL","2923035",NA,NA,"BRBA2923035",NA,"BRA.5.282_1"
"3dd70479",2022-03-04,614,10,NA,NA,22858,9547,8498,NA,NA,NA,1,2,2,4,-2,0,-2,1,2,1,0,4,5,0,-49.9,-63.89,-57.02,0,3,"Brazil","Bahia","Novo Horizonte",-12.870258805,-42.1216713129772,12522,"BRA","BR",76,"BRL","2923035",NA,NA,"BRBA2923035",NA,"BRA.5.282_1"
"3dd70479",2022-03-05,614,10,NA,NA,NA,NA,NA,NA,NA,NA,1,2,2,4,-2,0,-2,1,2,1,0,4,5,0,-49.9,-63.89,-57.02,0,3,"Brazil","Bahia","Novo Horizonte",-12.870258805,-42.1216713129772,12522,"BRA","BR",76,"BRL","2923035",NA,NA,"BRBA2923035",NA,"BRA.5.282_1"
"3dd70479",2022-03-06,614,10,NA,NA,NA,NA,NA,NA,NA,NA,1,2,2,4,-2,0,-2,1,2,1,0,4,5,0,-49.9,-63.89,-57.02,0,3,"Brazil","Bahia","Novo Horizonte",-12.870258805,-42.1216713129772,12522,"BRA","BR",76,"BRL","2923035",NA,NA,"BRBA2923035",NA,"BRA.5.282_1"
"3dd70479",2022-03-07,614,10,NA,NA,22883,9547,8498,NA,NA,NA,1,2,2,4,-2,0,-2,1,2,1,0,4,5,0,-49.9,-63.89,-57.02,0,3,"Brazil","Bahia","Novo Horizonte",-12.870258805,-42.1216713129772,12522,"BRA","BR",76,"BRL","2923035",NA,NA,"BRBA2923035",NA,"BRA.5.282_1"
"3dd70479",2022-03-08,614,10,NA,NA,22884,9547,8499,NA,NA,NA,1,2,2,4,-2,0,-2,1,2,1,0,4,5,0,-49.9,-63.89,-57.02,0,3,"Brazil","Bahia","Novo Horizonte",-12.870258805,-42.1216713129772,12522,"BRA","BR",76,"BRL","2923035",NA,NA,"BRBA2923035",NA,"BRA.5.282_1"
"3dd70479",2022-03-09,614,10,NA,NA,23064,9552,8545,NA,NA,NA,1,2,2,4,-2,0,-2,1,2,1,0,4,5,0,-49.9,-63.89,-57.02,0,3,"Brazil","Bahia","Novo Horizonte",-12.870258805,-42.1216713129772,12522,"BRA","BR",76,"BRL","2923035",NA,NA,"BRBA2923035",NA,"BRA.5.282_1"
"3dd70479",2022-03-10,614,11,NA,NA,23168,9552,8545,NA,NA,NA,1,2,2,4,-2,0,-2,1,2,1,0,4,5,0,-49.9,-63.89,-57.02,0,3,"Brazil","Bahia","Novo Horizonte",-12.870258805,-42.1216713129772,12522,"BRA","BR",76,"BRL","2923035",NA,NA,"BRBA2923035",NA,"BRA.5.282_1"
"3dd70479",2022-03-11,614,11,NA,NA,23277,9594,8612,NA,NA,NA,1,2,2,4,-2,0,-2,1,2,1,0,4,5,0,-49.9,-63.89,-57.02,0,3,"Brazil","Bahia","Novo Horizonte",-12.870258805,-42.1216713129772,12522,"BRA","BR",76,"BRL","2923035",NA,NA,"BRBA2923035",NA,"BRA.5.282_1"
"3dd70479",2022-03-12,614,11,NA,NA,NA,NA,NA,NA,NA,NA,1,2,2,4,-2,0,-2,1,2,1,0,4,5,0,-49.9,-63.89,-57.02,0,3,"Brazil","Bahia","Novo Horizonte",-12.870258805,-42.1216713129772,12522,"BRA","BR",76,"BRL","2923035",NA,NA,"BRBA2923035",NA,"BRA.5.282_1"
"3dd70479",2022-03-13,614,11,NA,NA,NA,NA,NA,NA,NA,NA,1,2,2,4,-2,0,-2,1,2,1,0,4,5,0,-49.9,-63.89,-57.02,0,3,"Brazil","Bahia","Novo Horizonte",-12.870258805,-42.1216713129772,12522,"BRA","BR",76,"BRL","2923035",NA,NA,"BRBA2923035",NA,"BRA.5.282_1"
"3dd70479",2022-03-14,614,11,NA,NA,NA,NA,NA,NA,NA,NA,1,2,2,4,-2,0,-2,1,2,1,0,4,5,0,-49.9,-63.89,-57.02,0,3,"Brazil","Bahia","Novo Horizonte",-12.870258805,-42.1216713129772,12522,"BRA","BR",76,"BRL","2923035",NA,NA,"BRBA2923035",NA,"BRA.5.282_1"
"3dd70479",2022-03-15,614,11,NA,NA,23347,9613,8612,NA,NA,NA,1,2,2,4,-2,0,-2,1,2,1,0,4,5,0,-49.9,-63.89,-57.02,0,3,"Brazil","Bahia","Novo Horizonte",-12.870258805,-42.1216713129772,12522,"BRA","BR",76,"BRL","2923035",NA,NA,"BRBA2923035",NA,"BRA.5.282_1"
"3dd70479",2022-03-16,614,11,NA,NA,23451,9616,8618,NA,NA,NA,1,2,2,4,-2,0,-2,1,2,1,0,4,5,0,-49.9,-63.89,-57.02,0,3,"Brazil","Bahia","Novo Horizonte",-12.870258805,-42.1216713129772,12522,"BRA","BR",76,"BRL","2923035",NA,NA,"BRBA2923035",NA,"BRA.5.282_1"
"3dd70479",2022-03-17,614,11,NA,NA,23452,9616,8618,NA,NA,NA,1,2,2,4,-2,0,-2,1,2,1,0,4,5,0,-49.9,-63.89,-57.02,0,3,"Brazil","Bahia","Novo Horizonte",-12.870258805,-42.1216713129772,12522,"BRA","BR",76,"BRL","2923035",NA,NA,"BRBA2923035",NA,"BRA.5.282_1"
"3dd70479",2022-03-18,614,11,NA,NA,NA,NA,NA,NA,NA,NA,1,2,2,4,-2,0,-2,1,2,1,0,4,5,0,-49.9,-63.89,-57.02,0,3,"Brazil","Bahia","Novo Horizonte",-12.870258805,-42.1216713129772,12522,"BRA","BR",76,"BRL","2923035",NA,NA,"BRBA2923035",NA,"BRA.5.282_1"
"3dd70479",2022-03-19,614,11,NA,NA,NA,NA,NA,NA,NA,NA,1,2,2,4,-2,0,-2,1,2,1,0,4,5,0,-49.9,-63.89,-57.02,0,3,"Brazil","Bahia","Novo Horizonte",-12.870258805,-42.1216713129772,12522,"BRA","BR",76,"BRL","2923035",NA,NA,"BRBA2923035",NA,"BRA.5.282_1"
"3dd70479",2022-03-20,614,11,NA,NA,NA,NA,NA,NA,NA,NA,1,2,2,4,-2,0,-2,1,2,1,0,4,5,0,-49.9,-63.89,-57.02,0,3,"Brazil","Bahia","Novo Horizonte",-12.870258805,-42.1216713129772,12522,"BRA","BR",76,"BRL","2923035",NA,NA,"BRBA2923035",NA,"BRA.5.282_1"
"3dd70479",2022-03-21,614,11,NA,NA,23462,9616,8618,NA,NA,NA,1,2,2,4,-2,0,-2,1,2,1,0,4,5,0,-49.9,-63.89,-57.02,0,3,"Brazil","Bahia","Novo Horizonte",-12.870258805,-42.1216713129772,12522,"BRA","BR",76,"BRL","2923035",NA,NA,"BRBA2923035",NA,"BRA.5.282_1"
"3dd70479",2022-03-22,614,11,NA,NA,23479,9623,8628,NA,NA,NA,1,2,2,4,-2,0,-2,1,2,1,0,4,5,0,-49.9,-63.89,-57.02,0,3,"Brazil","Bahia","Novo Horizonte",-12.870258805,-42.1216713129772,12522,"BRA","BR",76,"BRL","2923035",NA,NA,"BRBA2923035",NA,"BRA.5.282_1"
"3dd70479",2022-03-23,614,11,NA,NA,23575,9624,8633,NA,NA,NA,1,2,2,4,-2,0,-2,1,2,0,0,4,5,0,-47.81,-63.89,-54.64,0,3,"Brazil","Bahia","Novo Horizonte",-12.870258805,-42.1216713129772,12522,"BRA","BR",76,"BRL","2923035",NA,NA,"BRBA2923035",NA,"BRA.5.282_1"
"3dd70479",2022-03-24,614,11,NA,NA,NA,NA,NA,NA,NA,NA,1,2,2,4,-2,0,-2,1,2,0,0,4,5,0,-47.81,-63.89,-54.64,0,3,"Brazil","Bahia","Novo Horizonte",-12.870258805,-42.1216713129772,12522,"BRA","BR",76,"BRL","2923035",NA,NA,"BRBA2923035",NA,"BRA.5.282_1"
"3dd70479",2022-03-25,614,11,NA,NA,23642,9644,8675,NA,NA,NA,1,2,2,4,-2,0,-2,1,2,0,0,4,5,0,-47.81,-63.89,-54.64,0,3,"Brazil","Bahia","Novo Horizonte",-12.870258805,-42.1216713129772,12522,"BRA","BR",76,"BRL","2923035",NA,NA,"BRBA2923035",NA,"BRA.5.282_1"
"3dd70479",2022-03-26,614,11,NA,NA,NA,NA,NA,NA,NA,NA,1,2,2,4,-2,0,-2,1,2,0,0,4,5,0,-47.81,-63.89,-54.64,0,3,"Brazil","Bahia","Novo Horizonte",-12.870258805,-42.1216713129772,12522,"BRA","BR",76,"BRL","2923035",NA,NA,"BRBA2923035",NA,"BRA.5.282_1"
"3dd70479",2022-03-27,614,11,NA,NA,NA,NA,NA,NA,NA,NA,1,2,2,4,-2,0,-2,1,2,0,0,4,5,0,-47.81,-63.89,-54.64,0,3,"Brazil","Bahia","Novo Horizonte",-12.870258805,-42.1216713129772,12522,"BRA","BR",76,"BRL","2923035",NA,NA,"BRBA2923035",NA,"BRA.5.282_1"
"3dd70479",2022-03-28,614,11,NA,NA,23652,9644,8685,NA,NA,NA,1,2,2,4,-2,0,-2,1,2,0,0,4,5,0,-47.81,-63.89,-54.64,0,3,"Brazil","Bahia","Novo Horizonte",-12.870258805,-42.1216713129772,12522,"BRA","BR",76,"BRL","2923035",NA,NA,"BRBA2923035",NA,"BRA.5.282_1"
"3dd70479",2022-03-29,614,11,NA,NA,23729,9644,8686,NA,NA,NA,1,2,2,4,-2,0,-2,1,2,0,0,4,5,0,-47.81,-63.89,-54.64,0,3,"Brazil","Bahia","Novo Horizonte",-12.870258805,-42.1216713129772,12522,"BRA","BR",76,"BRL","2923035",NA,NA,"BRBA2923035",NA,"BRA.5.282_1"
"3dd70479",2022-03-30,619,11,NA,NA,23930,9657,8706,NA,NA,NA,1,2,2,4,-2,0,-2,1,2,0,0,4,5,0,-47.81,-63.89,-54.64,0,3,"Brazil","Bahia","Novo Horizonte",-12.870258805,-42.1216713129772,12522,"BRA","BR",76,"BRL","2923035",NA,NA,"BRBA2923035",NA,"BRA.5.282_1"
"3dd70479",2022-03-31,619,11,NA,NA,23944,9661,8716,NA,NA,NA,1,2,2,4,-2,0,-2,1,2,0,0,4,5,0,-47.81,-63.89,-54.64,0,3,"Brazil","Bahia","Novo Horizonte",-12.870258805,-42.1216713129772,12522,"BRA","BR",76,"BRL","2923035",NA,NA,"BRBA2923035",NA,"BRA.5.282_1"
"3dd70479",2022-04-01,618,11,NA,NA,23995,9668,8760,NA,NA,NA,1,2,2,4,-2,0,-2,1,2,0,0,4,5,1,-49.9,-63.89,-57.02,0,3,"Brazil","Bahia","Novo Horizonte",-12.870258805,-42.1216713129772,12522,"BRA","BR",76,"BRL","2923035",NA,NA,"BRBA2923035",NA,"BRA.5.282_1"
"3dd70479",2022-04-02,618,11,NA,NA,NA,NA,NA,NA,NA,NA,1,2,2,4,-2,0,-2,1,2,0,0,4,5,1,-49.9,-63.89,-57.02,0,3,"Brazil","Bahia","Novo Horizonte",-12.870258805,-42.1216713129772,12522,"BRA","BR",76,"BRL","2923035",NA,NA,"BRBA2923035",NA,"BRA.5.282_1"
"3dd70479",2022-04-03,618,11,NA,NA,NA,NA,NA,NA,NA,NA,1,2,2,4,-2,0,-2,1,2,0,0,4,5,1,-49.9,-63.89,-57.02,0,3,"Brazil","Bahia","Novo Horizonte",-12.870258805,-42.1216713129772,12522,"BRA","BR",76,"BRL","2923035",NA,NA,"BRBA2923035",NA,"BRA.5.282_1"
"3dd70479",2022-04-04,618,11,NA,NA,24004,9668,8760,NA,NA,NA,1,2,2,4,-2,0,-2,1,2,0,0,-4,5,1,-49.11,-63.89,-56.13,0,3,"Brazil","Bahia","Novo Horizonte",-12.870258805,-42.1216713129772,12522,"BRA","BR",76,"BRL","2923035",NA,NA,"BRBA2923035",NA,"BRA.5.282_1"
"3dd70479",2022-04-05,618,11,NA,NA,24005,9669,8760,NA,NA,NA,1,2,2,4,-2,0,-2,1,2,0,0,-4,5,1,-49.11,-63.89,-56.13,0,3,"Brazil","Bahia","Novo Horizonte",-12.870258805,-42.1216713129772,12522,"BRA","BR",76,"BRL","2923035",NA,NA,"BRBA2923035",NA,"BRA.5.282_1"
"3dd70479",2022-04-06,621,11,NA,NA,24034,9670,8763,NA,NA,NA,1,2,2,4,-2,0,-2,1,2,0,0,-4,5,1,-49.11,-63.89,-56.13,0,3,"Brazil","Bahia","Novo Horizonte",-12.870258805,-42.1216713129772,12522,"BRA","BR",76,"BRL","2923035",NA,NA,"BRBA2923035",NA,"BRA.5.282_1"
"3dd70479",2022-04-07,621,11,NA,NA,24065,9671,8764,NA,NA,NA,1,2,2,4,-2,0,-2,1,2,0,0,-4,5,1,-49.11,-63.89,-56.13,0,3,"Brazil","Bahia","Novo Horizonte",-12.870258805,-42.1216713129772,12522,"BRA","BR",76,"BRL","2923035",NA,NA,"BRBA2923035",NA,"BRA.5.282_1"
"3dd70479",2022-04-08,621,11,NA,NA,24148,9673,8797,NA,NA,NA,1,2,2,4,-2,0,-2,1,2,0,0,-4,5,1,-49.11,-63.89,-56.13,0,3,"Brazil","Bahia","Novo Horizonte",-12.870258805,-42.1216713129772,12522,"BRA","BR",76,"BRL","2923035",NA,NA,"BRBA2923035",NA,"BRA.5.282_1"
"3dd70479",2022-04-09,621,11,NA,NA,NA,NA,NA,NA,NA,NA,1,2,2,4,-2,0,-2,1,2,0,0,-4,5,1,-49.11,-63.89,-56.13,0,3,"Brazil","Bahia","Novo Horizonte",-12.870258805,-42.1216713129772,12522,"BRA","BR",76,"BRL","2923035",NA,NA,"BRBA2923035",NA,"BRA.5.282_1"
"3dd70479",2022-04-10,621,11,NA,NA,NA,NA,NA,NA,NA,NA,1,2,2,4,-2,0,-2,1,2,0,0,-4,5,1,-49.11,-63.89,-56.13,0,3,"Brazil","Bahia","Novo Horizonte",-12.870258805,-42.1216713129772,12522,"BRA","BR",76,"BRL","2923035",NA,NA,"BRBA2923035",NA,"BRA.5.282_1"
"3dd70479",2022-04-11,621,11,NA,NA,NA,NA,NA,NA,NA,NA,1,2,2,4,-2,0,-2,1,2,0,0,-3,5,1,-47.55,-63.89,-54.35,0,3,"Brazil","Bahia","Novo Horizonte",-12.870258805,-42.1216713129772,12522,"BRA","BR",76,"BRL","2923035",NA,NA,"BRBA2923035",NA,"BRA.5.282_1"
"3dd70479",2022-04-12,621,11,NA,NA,24200,9673,8797,NA,NA,NA,1,-2,2,4,-2,0,-2,1,2,0,0,-3,5,1,-46.51,-62.04,-53.15,0,3,"Brazil","Bahia","Novo Horizonte",-12.870258805,-42.1216713129772,12522,"BRA","BR",76,"BRL","2923035",NA,NA,"BRBA2923035",NA,"BRA.5.282_1"
"3dd70479",2022-04-13,622,11,NA,NA,24241,9673,8799,NA,NA,NA,1,-2,2,4,-2,0,-2,1,2,0,0,-3,5,1,-46.51,-62.04,-53.15,0,3,"Brazil","Bahia","Novo Horizonte",-12.870258805,-42.1216713129772,12522,"BRA","BR",76,"BRL","2923035",NA,NA,"BRBA2923035",NA,"BRA.5.282_1"
"3dd70479",2022-04-14,622,11,NA,NA,NA,NA,NA,NA,NA,NA,1,-2,2,4,-2,0,-2,1,2,0,0,-3,5,1,-46.51,-62.04,-53.15,0,3,"Brazil","Bahia","Novo Horizonte",-12.870258805,-42.1216713129772,12522,"BRA","BR",76,"BRL","2923035",NA,NA,"BRBA2923035",NA,"BRA.5.282_1"
"3dd70479",2022-04-15,622,11,NA,NA,NA,NA,NA,NA,NA,NA,1,-2,2,4,-2,0,-2,1,2,0,0,-3,5,1,-46.51,-62.04,-53.15,0,3,"Brazil","Bahia","Novo Horizonte",-12.870258805,-42.1216713129772,12522,"BRA","BR",76,"BRL","2923035",NA,NA,"BRBA2923035",NA,"BRA.5.282_1"
"3dd70479",2022-04-16,622,11,NA,NA,NA,NA,NA,NA,NA,NA,1,-2,2,4,-2,0,-2,1,2,0,0,-3,5,1,-46.51,-62.04,-53.15,0,3,"Brazil","Bahia","Novo Horizonte",-12.870258805,-42.1216713129772,12522,"BRA","BR",76,"BRL","2923035",NA,NA,"BRBA2923035",NA,"BRA.5.282_1"
"3dd70479",2022-04-17,622,11,NA,NA,NA,NA,NA,NA,NA,NA,1,-2,2,4,-2,0,-2,1,2,0,0,-3,5,1,-46.51,-62.04,-53.15,0,3,"Brazil","Bahia","Novo Horizonte",-12.870258805,-42.1216713129772,12522,"BRA","BR",76,"BRL","2923035",NA,NA,"BRBA2923035",NA,"BRA.5.282_1"
"3dd70479",2022-04-18,622,11,NA,NA,24268,9673,8826,NA,NA,NA,1,-2,2,4,-2,0,-2,1,2,0,0,-3,5,1,-46.51,-62.04,-53.15,0,3,"Brazil","Bahia","Novo Horizonte",-12.870258805,-42.1216713129772,12522,"BRA","BR",76,"BRL","2923035",NA,NA,"BRBA2923035",NA,"BRA.5.282_1"
"3dd70479",2022-04-19,622,11,NA,NA,24311,9677,8847,NA,NA,NA,1,-2,2,4,-2,0,-2,1,2,0,0,-3,5,1,-46.51,-62.04,-53.15,0,3,"Brazil","Bahia","Novo Horizonte",-12.870258805,-42.1216713129772,12522,"BRA","BR",76,"BRL","2923035",NA,NA,"BRBA2923035",NA,"BRA.5.282_1"
"3dd70479",2022-04-20,622,11,NA,NA,NA,NA,NA,NA,NA,NA,1,-2,2,4,-2,0,-2,1,2,0,0,-3,5,1,-46.51,-62.04,-53.15,0,3,"Brazil","Bahia","Novo Horizonte",-12.870258805,-42.1216713129772,12522,"BRA","BR",76,"BRL","2923035",NA,NA,"BRBA2923035",NA,"BRA.5.282_1"
"3dd70479",2022-04-21,622,11,NA,NA,NA,NA,NA,NA,NA,NA,1,-2,2,4,-2,0,-2,1,2,0,0,-3,5,1,-46.51,-62.04,-53.15,0,3,"Brazil","Bahia","Novo Horizonte",-12.870258805,-42.1216713129772,12522,"BRA","BR",76,"BRL","2923035",NA,NA,"BRBA2923035",NA,"BRA.5.282_1"
"3dd70479",2022-04-22,623,11,NA,NA,24427,9685,8927,NA,NA,NA,1,-2,2,4,-2,0,-2,1,2,0,0,-3,5,1,-46.51,-62.04,-53.15,0,3,"Brazil","Bahia","Novo Horizonte",-12.870258805,-42.1216713129772,12522,"BRA","BR",76,"BRL","2923035",NA,NA,"BRBA2923035",NA,"BRA.5.282_1"
"3dd70479",2022-04-23,623,11,NA,NA,NA,NA,NA,NA,NA,NA,1,-2,2,4,-2,0,-2,1,2,0,0,-3,5,1,-46.51,-62.04,-53.15,0,3,"Brazil","Bahia","Novo Horizonte",-12.870258805,-42.1216713129772,12522,"BRA","BR",76,"BRL","2923035",NA,NA,"BRBA2923035",NA,"BRA.5.282_1"
"3dd70479",2022-04-24,623,11,NA,NA,NA,NA,NA,NA,NA,NA,1,-2,2,4,-2,0,-2,1,2,0,0,-3,5,1,-46.51,-62.04,-53.15,0,3,"Brazil","Bahia","Novo Horizonte",-12.870258805,-42.1216713129772,12522,"BRA","BR",76,"BRL","2923035",NA,NA,"BRBA2923035",NA,"BRA.5.282_1"
"3dd70479",2022-04-25,623,11,NA,NA,NA,NA,NA,NA,NA,NA,1,-2,2,4,-2,0,-2,1,2,0,0,-3,5,1,-46.51,-62.04,-53.15,0,3,"Brazil","Bahia","Novo Horizonte",-12.870258805,-42.1216713129772,12522,"BRA","BR",76,"BRL","2923035",NA,NA,"BRBA2923035",NA,"BRA.5.282_1"
"3dd70479",2022-04-26,623,11,NA,NA,24451,9686,8929,NA,NA,NA,1,-2,2,4,-2,0,-2,1,2,0,0,-3,5,1,-46.51,-62.04,-53.15,0,3,"Brazil","Bahia","Novo Horizonte",-12.870258805,-42.1216713129772,12522,"BRA","BR",76,"BRL","2923035",NA,NA,"BRBA2923035",NA,"BRA.5.282_1"
"3dd70479",2022-04-27,623,11,NA,NA,24467,9686,8932,NA,NA,NA,1,-2,2,4,-2,0,-2,1,2,0,0,-3,5,1,-46.51,-62.04,-53.15,0,3,"Brazil","Bahia","Novo Horizonte",-12.870258805,-42.1216713129772,12522,"BRA","BR",76,"BRL","2923035",NA,NA,"BRBA2923035",NA,"BRA.5.282_1"
"3dd70479",2022-04-28,623,11,NA,NA,NA,NA,NA,NA,NA,NA,1,-2,2,4,-2,0,-2,1,2,0,0,-3,5,1,-46.51,-62.04,-53.15,0,3,"Brazil","Bahia","Novo Horizonte",-12.870258805,-42.1216713129772,12522,"BRA","BR",76,"BRL","2923035",NA,NA,"BRBA2923035",NA,"BRA.5.282_1"
"3dd70479",2022-04-29,623,11,NA,NA,24509,9687,8973,NA,NA,NA,1,-2,2,4,-2,0,-2,1,2,0,0,-3,5,1,-46.51,-62.04,-53.15,0,3,"Brazil","Bahia","Novo Horizonte",-12.870258805,-42.1216713129772,12522,"BRA","BR",76,"BRL","2923035",NA,NA,"BRBA2923035",NA,"BRA.5.282_1"
"3dd70479",2022-04-30,623,11,NA,NA,NA,NA,NA,NA,NA,NA,1,-2,2,4,-2,0,-2,1,2,0,0,-3,5,1,-46.51,-62.04,-53.15,0,3,"Brazil","Bahia","Novo Horizonte",-12.870258805,-42.1216713129772,12522,"BRA","BR",76,"BRL","2923035",NA,NA,"BRBA2923035",NA,"BRA.5.282_1"
"3dd70479",2022-05-01,623,11,NA,NA,NA,NA,NA,NA,NA,NA,1,-2,2,4,-2,0,-2,1,2,0,0,-3,5,1,-46.51,-62.04,-53.15,0,3,"Brazil","Bahia","Novo Horizonte",-12.870258805,-42.1216713129772,12522,"BRA","BR",76,"BRL","2923035",NA,NA,"BRBA2923035",NA,"BRA.5.282_1"
"3dd70479",2022-05-02,623,11,NA,NA,NA,NA,NA,NA,NA,NA,1,-2,2,4,-2,0,-2,1,2,0,0,-3,5,1,-46.51,-62.04,-53.15,0,3,"Brazil","Bahia","Novo Horizonte",-12.870258805,-42.1216713129772,12522,"BRA","BR",76,"BRL","2923035",NA,NA,"BRBA2923035",NA,"BRA.5.282_1"
"3dd70479",2022-05-03,623,11,NA,NA,NA,NA,NA,NA,NA,NA,1,-2,2,4,-2,0,-2,1,2,0,0,-3,5,1,-46.51,-62.04,-53.15,0,3,"Brazil","Bahia","Novo Horizonte",-12.870258805,-42.1216713129772,12522,"BRA","BR",76,"BRL","2923035",NA,NA,"BRBA2923035",NA,"BRA.5.282_1"
"3dd70479",2022-05-04,624,11,NA,NA,24736,9688,8979,NA,NA,NA,1,-2,-2,-4,-2,0,-2,1,2,0,0,-3,5,1,-44.17,-57.87,-50.48,0,3,"Brazil","Bahia","Novo Horizonte",-12.870258805,-42.1216713129772,12522,"BRA","BR",76,"BRL","2923035",NA,NA,"BRBA2923035",NA,"BRA.5.282_1"
"3dd70479",2022-05-05,624,11,NA,NA,24781,9688,8979,NA,NA,NA,1,-2,-2,-4,-2,0,-2,1,2,0,0,-3,5,1,-44.17,-57.87,-50.48,0,3,"Brazil","Bahia","Novo Horizonte",-12.870258805,-42.1216713129772,12522,"BRA","BR",76,"BRL","2923035",NA,NA,"BRBA2923035",NA,"BRA.5.282_1"
"3dd70479",2022-05-06,624,11,NA,NA,24976,9694,9014,NA,NA,NA,1,-2,-2,-4,-2,0,-2,1,2,0,0,-3,5,1,-44.17,-57.87,-50.48,0,3,"Brazil","Bahia","Novo Horizonte",-12.870258805,-42.1216713129772,12522,"BRA","BR",76,"BRL","2923035",NA,NA,"BRBA2923035",NA,"BRA.5.282_1"
"3dd70479",2022-05-07,624,11,NA,NA,NA,NA,NA,NA,NA,NA,1,-2,-2,-4,-2,0,-2,1,2,0,0,-3,5,1,-44.17,-57.87,-50.48,0,3,"Brazil","Bahia","Novo Horizonte",-12.870258805,-42.1216713129772,12522,"BRA","BR",76,"BRL","2923035",NA,NA,"BRBA2923035",NA,"BRA.5.282_1"
"3dd70479",2022-05-08,624,11,NA,NA,NA,NA,NA,NA,NA,NA,1,-2,-2,-4,-2,0,-2,1,2,0,0,-3,5,1,-44.17,-57.87,-50.48,0,3,"Brazil","Bahia","Novo Horizonte",-12.870258805,-42.1216713129772,12522,"BRA","BR",76,"BRL","2923035",NA,NA,"BRBA2923035",NA,"BRA.5.282_1"
"3dd70479",2022-05-09,624,11,NA,NA,NA,NA,NA,NA,NA,NA,1,-2,-2,-4,-2,0,-2,1,2,0,0,-3,5,1,-44.17,-57.87,-50.48,0,3,"Brazil","Bahia","Novo Horizonte",-12.870258805,-42.1216713129772,12522,"BRA","BR",76,"BRL","2923035",NA,NA,"BRBA2923035",NA,"BRA.5.282_1"
"3dd70479",2022-05-10,624,11,NA,NA,NA,NA,NA,NA,NA,NA,1,-2,-2,-4,-2,0,-2,1,2,0,0,-3,5,1,-44.17,-57.87,-50.48,0,3,"Brazil","Bahia","Novo Horizonte",-12.870258805,-42.1216713129772,12522,"BRA","BR",76,"BRL","2923035",NA,NA,"BRBA2923035",NA,"BRA.5.282_1"
"3dd70479",2022-05-11,624,11,NA,NA,25083,9696,9049,NA,NA,NA,1,-2,-2,-4,-2,0,-2,1,2,0,0,-3,5,1,-44.17,-57.87,-50.48,0,3,"Brazil","Bahia","Novo Horizonte",-12.870258805,-42.1216713129772,12522,"BRA","BR",76,"BRL","2923035",NA,NA,"BRBA2923035",NA,"BRA.5.282_1"
"3dd70479",2022-05-12,624,11,NA,NA,25084,9696,9050,NA,NA,NA,1,-2,-2,-4,-2,0,-2,1,2,0,0,-3,5,1,-44.17,-57.87,-50.48,0,3,"Brazil","Bahia","Novo Horizonte",-12.870258805,-42.1216713129772,12522,"BRA","BR",76,"BRL","2923035",NA,NA,"BRBA2923035",NA,"BRA.5.282_1"
"3dd70479",2022-05-13,624,11,NA,NA,25179,9696,9050,NA,NA,NA,1,-2,-2,-4,-2,0,-2,1,2,0,0,-3,5,1,-44.17,-57.87,-50.48,0,3,"Brazil","Bahia","Novo Horizonte",-12.870258805,-42.1216713129772,12522,"BRA","BR",76,"BRL","2923035",NA,NA,"BRBA2923035",NA,"BRA.5.282_1"
"3dd70479",2022-05-14,624,11,NA,NA,NA,NA,NA,NA,NA,NA,1,-2,-2,-4,-2,0,-2,1,2,0,0,-3,5,1,-44.17,-57.87,-50.48,0,3,"Brazil","Bahia","Novo Horizonte",-12.870258805,-42.1216713129772,12522,"BRA","BR",76,"BRL","2923035",NA,NA,"BRBA2923035",NA,"BRA.5.282_1"
"3dd70479",2022-05-15,624,11,NA,NA,NA,NA,NA,NA,NA,NA,1,-2,-2,-4,-2,0,-2,1,2,0,0,-3,5,1,-44.17,-57.87,-50.48,0,3,"Brazil","Bahia","Novo Horizonte",-12.870258805,-42.1216713129772,12522,"BRA","BR",76,"BRL","2923035",NA,NA,"BRBA2923035",NA,"BRA.5.282_1"
"3dd70479",2022-05-16,624,11,NA,NA,25209,9696,9050,NA,NA,NA,1,-2,-2,-4,-2,0,-2,1,2,0,0,-3,5,1,-44.17,-57.87,-50.48,0,3,"Brazil","Bahia","Novo Horizonte",-12.870258805,-42.1216713129772,12522,"BRA","BR",76,"BRL","2923035",NA,NA,"BRBA2923035",NA,"BRA.5.282_1"
"3dd70479",2022-05-17,624,11,NA,NA,NA,NA,NA,NA,NA,NA,1,-2,-2,-4,-2,0,-2,1,2,0,0,-3,5,1,-44.17,-57.87,-50.48,0,3,"Brazil","Bahia","Novo Horizonte",-12.870258805,-42.1216713129772,12522,"BRA","BR",76,"BRL","2923035",NA,NA,"BRBA2923035",NA,"BRA.5.282_1"
"3dd70479",2022-05-18,624,11,NA,NA,25215,9696,9051,NA,NA,NA,1,-2,-2,-4,-2,0,-2,1,2,0,0,-3,5,1,-44.17,-57.87,-50.48,0,3,"Brazil","Bahia","Novo Horizonte",-12.870258805,-42.1216713129772,12522,"BRA","BR",76,"BRL","2923035",NA,NA,"BRBA2923035",NA,"BRA.5.282_1"
"3dd70479",2022-05-19,624,11,NA,NA,NA,NA,NA,NA,NA,NA,1,-2,-2,-4,-2,0,-2,1,2,0,0,-3,5,1,-44.17,-57.87,-50.48,0,3,"Brazil","Bahia","Novo Horizonte",-12.870258805,-42.1216713129772,12522,"BRA","BR",76,"BRL","2923035",NA,NA,"BRBA2923035",NA,"BRA.5.282_1"
"3dd70479",2022-05-20,624,11,NA,NA,25216,9696,9051,NA,NA,NA,1,-2,-2,-4,-2,0,-2,1,2,0,0,-3,5,1,-44.17,-57.87,-50.48,0,3,"Brazil","Bahia","Novo Horizonte",-12.870258805,-42.1216713129772,12522,"BRA","BR",76,"BRL","2923035",NA,NA,"BRBA2923035",NA,"BRA.5.282_1"
"3dd70479",2022-05-21,624,11,NA,NA,NA,NA,NA,NA,NA,NA,1,-2,-2,-4,-2,0,-2,1,2,0,0,-3,5,1,-44.17,-57.87,-50.48,0,3,"Brazil","Bahia","Novo Horizonte",-12.870258805,-42.1216713129772,12522,"BRA","BR",76,"BRL","2923035",NA,NA,"BRBA2923035",NA,"BRA.5.282_1"
"3dd70479",2022-05-22,624,11,NA,NA,NA,NA,NA,NA,NA,NA,1,-2,-2,-4,-2,0,-2,1,2,0,0,-3,5,1,-44.17,-57.87,-50.48,0,3,"Brazil","Bahia","Novo Horizonte",-12.870258805,-42.1216713129772,12522,"BRA","BR",76,"BRL","2923035",NA,NA,"BRBA2923035",NA,"BRA.5.282_1"
"3dd70479",2022-05-23,624,11,NA,NA,NA,NA,NA,NA,NA,NA,1,-2,-2,-4,-2,0,-2,1,2,0,0,-3,5,1,-44.17,-57.87,-50.48,0,3,"Brazil","Bahia","Novo Horizonte",-12.870258805,-42.1216713129772,12522,"BRA","BR",76,"BRL","2923035",NA,NA,"BRBA2923035",NA,"BRA.5.282_1"
"3dd70479",2022-05-24,624,11,NA,NA,25417,9697,9053,NA,NA,NA,1,1,-2,-4,-2,0,-2,1,2,0,0,2,5,1,-42.34,-56.02,-48.39,0,3,"Brazil","Bahia","Novo Horizonte",-12.870258805,-42.1216713129772,12522,"BRA","BR",76,"BRL","2923035",NA,NA,"BRBA2923035",NA,"BRA.5.282_1"
"3dd70479",2022-05-25,624,11,NA,NA,25431,9697,9053,NA,NA,NA,1,1,-2,-4,-2,0,-2,1,2,0,0,2,5,1,-42.34,-56.02,-48.39,0,3,"Brazil","Bahia","Novo Horizonte",-12.870258805,-42.1216713129772,12522,"BRA","BR",76,"BRL","2923035",NA,NA,"BRBA2923035",NA,"BRA.5.282_1"
"3dd70479",2022-05-26,624,11,NA,NA,25439,9697,9060,NA,NA,NA,1,1,-2,-4,-2,0,-2,1,2,0,0,2,5,1,-42.34,-56.02,-48.39,0,3,"Brazil","Bahia","Novo Horizonte",-12.870258805,-42.1216713129772,12522,"BRA","BR",76,"BRL","2923035",NA,NA,"BRBA2923035",NA,"BRA.5.282_1"
"3dd70479",2022-05-27,624,11,NA,NA,25447,9698,9061,NA,NA,NA,1,1,-2,-4,-2,0,-2,1,2,0,0,2,5,1,-42.34,-56.02,-48.39,0,3,"Brazil","Bahia","Novo Horizonte",-12.870258805,-42.1216713129772,12522,"BRA","BR",76,"BRL","2923035",NA,NA,"BRBA2923035",NA,"BRA.5.282_1"
"3dd70479",2022-05-28,624,11,NA,NA,NA,NA,NA,NA,NA,NA,1,1,-2,-4,-2,0,-2,1,2,0,0,2,5,1,-42.34,-56.02,-48.39,0,3,"Brazil","Bahia","Novo Horizonte",-12.870258805,-42.1216713129772,12522,"BRA","BR",76,"BRL","2923035",NA,NA,"BRBA2923035",NA,"BRA.5.282_1"
"3dd70479",2022-05-29,624,11,NA,NA,NA,NA,NA,NA,NA,NA,1,1,-2,-4,-2,0,-2,1,2,0,0,2,5,1,-42.34,-56.02,-48.39,0,3,"Brazil","Bahia","Novo Horizonte",-12.870258805,-42.1216713129772,12522,"BRA","BR",76,"BRL","2923035",NA,NA,"BRBA2923035",NA,"BRA.5.282_1"
"3dd70479",2022-05-30,624,11,NA,NA,NA,NA,NA,NA,NA,NA,1,1,-2,-4,-2,0,-2,1,2,0,0,2,5,1,-42.34,-56.02,-48.39,0,3,"Brazil","Bahia","Novo Horizonte",-12.870258805,-42.1216713129772,12522,"BRA","BR",76,"BRL","2923035",NA,NA,"BRBA2923035",NA,"BRA.5.282_1"
"3dd70479",2022-05-31,625,11,NA,NA,NA,NA,NA,NA,NA,NA,1,1,-2,-4,-2,0,-2,1,2,0,0,2,5,1,-42.34,-56.02,-48.39,0,3,"Brazil","Bahia","Novo Horizonte",-12.870258805,-42.1216713129772,12522,"BRA","BR",76,"BRL","2923035",NA,NA,"BRBA2923035",NA,"BRA.5.282_1"
"3dd70479",2022-06-01,625,11,NA,NA,25472,9699,9073,NA,NA,NA,1,1,-2,-4,-2,0,-2,1,2,0,0,2,5,1,-42.34,-56.02,-48.39,0,3,"Brazil","Bahia","Novo Horizonte",-12.870258805,-42.1216713129772,12522,"BRA","BR",76,"BRL","2923035",NA,NA,"BRBA2923035",NA,"BRA.5.282_1"
"3dd70479",2022-06-02,625,11,NA,NA,25476,9699,9073,NA,NA,NA,1,1,-2,-4,-2,0,-2,1,2,0,0,2,5,1,-42.34,-56.02,-48.39,0,3,"Brazil","Bahia","Novo Horizonte",-12.870258805,-42.1216713129772,12522,"BRA","BR",76,"BRL","2923035",NA,NA,"BRBA2923035",NA,"BRA.5.282_1"
"3dd70479",2022-06-03,625,11,NA,NA,NA,NA,NA,NA,NA,NA,1,1,-2,-4,-2,0,-2,1,2,0,0,2,5,1,-42.34,-56.02,-48.39,0,3,"Brazil","Bahia","Novo Horizonte",-12.870258805,-42.1216713129772,12522,"BRA","BR",76,"BRL","2923035",NA,NA,"BRBA2923035",NA,"BRA.5.282_1"
"3dd70479",2022-06-04,625,11,NA,NA,NA,NA,NA,NA,NA,NA,1,1,-2,-4,-2,0,-2,1,2,0,0,2,5,1,-42.34,-56.02,-48.39,0,3,"Brazil","Bahia","Novo Horizonte",-12.870258805,-42.1216713129772,12522,"BRA","BR",76,"BRL","2923035",NA,NA,"BRBA2923035",NA,"BRA.5.282_1"
"3dd70479",2022-06-05,625,11,NA,NA,NA,NA,NA,NA,NA,NA,1,1,-2,-4,-2,0,-2,1,2,0,0,2,5,1,-42.34,-56.02,-48.39,0,3,"Brazil","Bahia","Novo Horizonte",-12.870258805,-42.1216713129772,12522,"BRA","BR",76,"BRL","2923035",NA,NA,"BRBA2923035",NA,"BRA.5.282_1"
"3dd70479",2022-06-06,625,11,NA,NA,25518,9699,9073,NA,NA,NA,1,1,-2,-4,-2,0,-2,1,2,0,0,2,5,1,-42.34,-56.02,-48.39,0,3,"Brazil","Bahia","Novo Horizonte",-12.870258805,-42.1216713129772,12522,"BRA","BR",76,"BRL","2923035",NA,NA,"BRBA2923035",NA,"BRA.5.282_1"
"3dd70479",2022-06-07,625,11,NA,NA,25560,9699,9073,NA,NA,NA,1,1,-2,-4,-2,0,-2,1,2,0,0,2,5,1,-42.34,-56.02,-48.39,0,3,"Brazil","Bahia","Novo Horizonte",-12.870258805,-42.1216713129772,12522,"BRA","BR",76,"BRL","2923035",NA,NA,"BRBA2923035",NA,"BRA.5.282_1"
"3dd70479",2022-06-08,625,11,NA,NA,25686,9700,9073,NA,NA,NA,1,1,-2,-4,-2,0,-2,1,2,0,0,2,5,1,-42.34,-56.02,-48.39,0,3,"Brazil","Bahia","Novo Horizonte",-12.870258805,-42.1216713129772,12522,"BRA","BR",76,"BRL","2923035",NA,NA,"BRBA2923035",NA,"BRA.5.282_1"
"3dd70479",2022-06-09,625,11,NA,NA,NA,NA,NA,NA,NA,NA,1,1,-2,-4,-2,0,-2,1,2,0,0,2,5,1,-42.34,-56.02,-48.39,0,3,"Brazil","Bahia","Novo Horizonte",-12.870258805,-42.1216713129772,12522,"BRA","BR",76,"BRL","2923035",NA,NA,"BRBA2923035",NA,"BRA.5.282_1"
"3dd70479",2022-06-10,626,11,NA,NA,25812,9701,9082,NA,NA,NA,1,1,-2,-4,-2,0,-2,1,2,0,0,2,5,1,-42.34,-56.02,-48.39,0,3,"Brazil","Bahia","Novo Horizonte",-12.870258805,-42.1216713129772,12522,"BRA","BR",76,"BRL","2923035",NA,NA,"BRBA2923035",NA,"BRA.5.282_1"
"3dd70479",2022-06-11,626,11,NA,NA,25813,9701,9083,NA,NA,NA,1,1,-2,-4,-2,0,-2,1,2,0,0,2,5,1,-42.34,-56.02,-48.39,0,3,"Brazil","Bahia","Novo Horizonte",-12.870258805,-42.1216713129772,12522,"BRA","BR",76,"BRL","2923035",NA,NA,"BRBA2923035",NA,"BRA.5.282_1"
"3dd70479",2022-06-12,626,11,NA,NA,NA,NA,NA,NA,NA,NA,1,1,-2,-4,-2,0,-2,1,2,0,0,2,5,1,-42.34,-56.02,-48.39,0,3,"Brazil","Bahia","Novo Horizonte",-12.870258805,-42.1216713129772,12522,"BRA","BR",76,"BRL","2923035",NA,NA,"BRBA2923035",NA,"BRA.5.282_1"
"3dd70479",2022-06-13,626,11,NA,NA,NA,NA,NA,NA,NA,NA,1,1,-2,-4,-2,0,-2,1,2,0,0,2,5,1,-42.34,-56.02,-48.39,0,3,"Brazil","Bahia","Novo Horizonte",-12.870258805,-42.1216713129772,12522,"BRA","BR",76,"BRL","2923035",NA,NA,"BRBA2923035",NA,"BRA.5.282_1"
"3dd70479",2022-06-14,626,11,NA,NA,25901,9701,9083,NA,NA,NA,1,1,-2,-4,-2,0,-2,1,2,0,0,2,5,1,-42.34,-56.02,-48.39,0,3,"Brazil","Bahia","Novo Horizonte",-12.870258805,-42.1216713129772,12522,"BRA","BR",76,"BRL","2923035",NA,NA,"BRBA2923035",NA,"BRA.5.282_1"
"3dd70479",2022-06-15,626,11,NA,NA,25934,9701,9083,NA,NA,NA,1,1,2,4,2,0,2,1,2,0,0,2,5,1,-47.81,-65.74,-54.64,0,3,"Brazil","Bahia","Novo Horizonte",-12.870258805,-42.1216713129772,12522,"BRA","BR",76,"BRL","2923035",NA,NA,"BRBA2923035",NA,"BRA.5.282_1"
"3dd70479",2022-06-16,626,11,NA,NA,NA,NA,NA,NA,NA,NA,1,1,2,4,2,0,2,1,2,0,0,2,5,1,-47.81,-65.74,-54.64,0,3,"Brazil","Bahia","Novo Horizonte",-12.870258805,-42.1216713129772,12522,"BRA","BR",76,"BRL","2923035",NA,NA,"BRBA2923035",NA,"BRA.5.282_1"
"3dd70479",2022-06-17,626,11,NA,NA,NA,NA,NA,NA,NA,NA,1,1,2,4,2,0,2,1,2,0,0,2,5,1,-47.81,-65.74,-54.64,0,3,"Brazil","Bahia","Novo Horizonte",-12.870258805,-42.1216713129772,12522,"BRA","BR",76,"BRL","2923035",NA,NA,"BRBA2923035",NA,"BRA.5.282_1"
"3dd70479",2022-06-18,626,11,NA,NA,NA,NA,NA,NA,NA,NA,1,1,2,4,2,0,2,1,2,0,0,2,5,1,-47.81,-65.74,-54.64,0,3,"Brazil","Bahia","Novo Horizonte",-12.870258805,-42.1216713129772,12522,"BRA","BR",76,"BRL","2923035",NA,NA,"BRBA2923035",NA,"BRA.5.282_1"
"3dd70479",2022-06-19,626,11,NA,NA,25935,9701,9083,NA,NA,NA,1,1,2,4,2,0,2,1,2,0,0,2,5,1,-47.81,-65.74,-54.64,0,3,"Brazil","Bahia","Novo Horizonte",-12.870258805,-42.1216713129772,12522,"BRA","BR",76,"BRL","2923035",NA,NA,"BRBA2923035",NA,"BRA.5.282_1"
"3dd70479",2022-06-20,626,11,NA,NA,25942,9701,9083,NA,NA,NA,1,1,2,4,2,0,2,1,2,0,0,2,5,1,-47.81,-65.74,-54.64,0,3,"Brazil","Bahia","Novo Horizonte",-12.870258805,-42.1216713129772,12522,"BRA","BR",76,"BRL","2923035",NA,NA,"BRBA2923035",NA,"BRA.5.282_1"
"3dd70479",2022-06-21,626,11,NA,NA,NA,NA,NA,NA,NA,NA,1,1,2,4,2,0,2,1,2,0,0,2,5,1,-47.81,-65.74,-54.64,0,3,"Brazil","Bahia","Novo Horizonte",-12.870258805,-42.1216713129772,12522,"BRA","BR",76,"BRL","2923035",NA,NA,"BRBA2923035",NA,"BRA.5.282_1"
"3dd70479",2022-06-22,626,11,NA,NA,26088,9701,9083,NA,NA,NA,1,1,2,4,2,0,2,1,2,0,0,2,5,1,-47.81,-65.74,-54.64,0,3,"Brazil","Bahia","Novo Horizonte",-12.870258805,-42.1216713129772,12522,"BRA","BR",76,"BRL","2923035",NA,NA,"BRBA2923035",NA,"BRA.5.282_1"
"3dd70479",2022-06-23,626,11,NA,NA,26133,9701,9085,NA,NA,NA,1,1,2,4,2,0,2,1,2,0,0,2,5,1,-47.81,-65.74,-54.64,0,3,"Brazil","Bahia","Novo Horizonte",-12.870258805,-42.1216713129772,12522,"BRA","BR",76,"BRL","2923035",NA,NA,"BRBA2923035",NA,"BRA.5.282_1"
"3dd70479",2022-06-24,626,11,NA,NA,NA,NA,NA,NA,NA,NA,1,1,2,4,2,0,2,1,2,0,0,2,5,1,-47.81,-65.74,-54.64,0,3,"Brazil","Bahia","Novo Horizonte",-12.870258805,-42.1216713129772,12522,"BRA","BR",76,"BRL","2923035",NA,NA,"BRBA2923035",NA,"BRA.5.282_1"
"3dd70479",2022-06-25,626,11,NA,NA,NA,NA,NA,NA,NA,NA,1,1,2,4,2,0,2,1,2,0,0,2,5,1,-47.81,-65.74,-54.64,0,3,"Brazil","Bahia","Novo Horizonte",-12.870258805,-42.1216713129772,12522,"BRA","BR",76,"BRL","2923035",NA,NA,"BRBA2923035",NA,"BRA.5.282_1"
"3dd70479",2022-06-26,626,11,NA,NA,NA,NA,NA,NA,NA,NA,1,1,2,4,2,0,2,1,2,0,0,2,5,1,-47.81,-65.74,-54.64,0,3,"Brazil","Bahia","Novo Horizonte",-12.870258805,-42.1216713129772,12522,"BRA","BR",76,"BRL","2923035",NA,NA,"BRBA2923035",NA,"BRA.5.282_1"
"3dd70479",2022-06-27,626,11,NA,NA,NA,NA,NA,NA,NA,NA,1,1,2,4,2,0,2,1,2,0,0,2,5,1,-47.81,-65.74,-54.64,0,3,"Brazil","Bahia","Novo Horizonte",-12.870258805,-42.1216713129772,12522,"BRA","BR",76,"BRL","2923035",NA,NA,"BRBA2923035",NA,"BRA.5.282_1"
"3dd70479",2022-06-28,626,11,NA,NA,26262,9701,9085,NA,NA,NA,1,1,2,4,2,0,2,1,2,0,0,2,5,1,-47.81,-65.74,-54.64,0,3,"Brazil","Bahia","Novo Horizonte",-12.870258805,-42.1216713129772,12522,"BRA","BR",76,"BRL","2923035",NA,NA,"BRBA2923035",NA,"BRA.5.282_1"
"3dd70479",2022-06-29,630,11,NA,NA,26357,9701,9085,NA,NA,NA,1,1,2,4,2,0,2,1,2,0,0,2,5,1,-47.81,-65.74,-54.64,0,3,"Brazil","Bahia","Novo Horizonte",-12.870258805,-42.1216713129772,12522,"BRA","BR",76,"BRL","2923035",NA,NA,"BRBA2923035",NA,"BRA.5.282_1"
"3dd70479",2022-06-30,656,11,NA,NA,26500,9701,9089,NA,NA,NA,1,1,2,4,2,0,2,1,2,0,0,2,5,1,-47.81,-65.74,-54.64,0,3,"Brazil","Bahia","Novo Horizonte",-12.870258805,-42.1216713129772,12522,"BRA","BR",76,"BRL","2923035",NA,NA,"BRBA2923035",NA,"BRA.5.282_1"
"3dd70479",2022-07-01,656,11,NA,NA,26646,9701,9090,NA,NA,NA,1,1,2,4,2,0,2,1,2,0,0,2,5,1,-47.81,-65.74,-54.64,0,3,"Brazil","Bahia","Novo Horizonte",-12.870258805,-42.1216713129772,12522,"BRA","BR",76,"BRL","2923035",NA,NA,"BRBA2923035",NA,"BRA.5.282_1"
"3dd70479",2022-07-02,656,11,NA,NA,NA,NA,NA,NA,NA,NA,1,1,2,4,2,0,2,1,2,0,0,2,5,1,-47.81,-65.74,-54.64,0,3,"Brazil","Bahia","Novo Horizonte",-12.870258805,-42.1216713129772,12522,"BRA","BR",76,"BRL","2923035",NA,NA,"BRBA2923035",NA,"BRA.5.282_1"
"3dd70479",2022-07-03,656,11,NA,NA,NA,NA,NA,NA,NA,NA,1,1,2,4,2,0,2,1,2,0,0,2,5,1,-47.81,-65.74,-54.64,0,3,"Brazil","Bahia","Novo Horizonte",-12.870258805,-42.1216713129772,12522,"BRA","BR",76,"BRL","2923035",NA,NA,"BRBA2923035",NA,"BRA.5.282_1"
"3dd70479",2022-07-04,658,11,NA,NA,NA,NA,NA,NA,NA,NA,1,1,2,4,2,0,2,1,2,0,0,2,5,1,-47.81,-65.74,-54.64,0,3,"Brazil","Bahia","Novo Horizonte",-12.870258805,-42.1216713129772,12522,"BRA","BR",76,"BRL","2923035",NA,NA,"BRBA2923035",NA,"BRA.5.282_1"
"3dd70479",2022-07-05,658,11,NA,NA,NA,NA,NA,NA,NA,NA,1,1,2,4,2,0,2,1,2,0,0,2,5,1,-47.81,-65.74,-54.64,0,3,"Brazil","Bahia","Novo Horizonte",-12.870258805,-42.1216713129772,12522,"BRA","BR",76,"BRL","2923035",NA,NA,"BRBA2923035",NA,"BRA.5.282_1"
"3dd70479",2022-07-06,673,11,NA,NA,26958,9706,9098,NA,NA,NA,1,0,2,4,2,0,2,1,2,2,0,-2,5,1,-49.11,-62.04,-56.13,0,3,"Brazil","Bahia","Novo Horizonte",-12.870258805,-42.1216713129772,12522,"BRA","BR",76,"BRL","2923035",NA,NA,"BRBA2923035",NA,"BRA.5.282_1"
"3dd70479",2022-07-07,689,11,NA,NA,26960,9706,9098,NA,NA,NA,1,0,2,4,2,0,2,1,2,2,0,-2,5,1,-49.11,-62.04,-56.13,0,3,"Brazil","Bahia","Novo Horizonte",-12.870258805,-42.1216713129772,12522,"BRA","BR",76,"BRL","2923035",NA,NA,"BRBA2923035",NA,"BRA.5.282_1"
"3dd70479",2022-07-08,701,11,NA,NA,26998,9714,9106,NA,NA,NA,1,0,2,4,2,0,2,1,2,2,0,-2,5,1,-49.11,-62.04,-56.13,0,3,"Brazil","Bahia","Novo Horizonte",-12.870258805,-42.1216713129772,12522,"BRA","BR",76,"BRL","2923035",NA,NA,"BRBA2923035",NA,"BRA.5.282_1"
"3dd70479",2022-07-09,708,11,NA,NA,NA,NA,NA,NA,NA,NA,1,0,2,4,2,0,2,1,2,2,0,-2,5,1,-49.11,-62.04,-56.13,0,3,"Brazil","Bahia","Novo Horizonte",-12.870258805,-42.1216713129772,12522,"BRA","BR",76,"BRL","2923035",NA,NA,"BRBA2923035",NA,"BRA.5.282_1"
"3dd70479",2022-07-10,708,11,NA,NA,NA,NA,NA,NA,NA,NA,1,0,2,4,2,0,2,1,2,2,0,-2,5,1,-49.11,-62.04,-56.13,0,3,"Brazil","Bahia","Novo Horizonte",-12.870258805,-42.1216713129772,12522,"BRA","BR",76,"BRL","2923035",NA,NA,"BRBA2923035",NA,"BRA.5.282_1"
"3dd70479",2022-07-11,708,11,NA,NA,27173,9716,9108,NA,NA,NA,1,0,2,4,2,0,2,1,2,2,0,-2,5,1,-49.11,-62.04,-56.13,0,3,"Brazil","Bahia","Novo Horizonte",-12.870258805,-42.1216713129772,12522,"BRA","BR",76,"BRL","2923035",NA,NA,"BRBA2923035",NA,"BRA.5.282_1"
"3dd70479",2022-07-12,708,11,NA,NA,27244,9721,9130,NA,NA,NA,1,0,2,4,2,0,2,1,2,2,0,-2,5,1,-49.11,-62.04,-56.13,0,3,"Brazil","Bahia","Novo Horizonte",-12.870258805,-42.1216713129772,12522,"BRA","BR",76,"BRL","2923035",NA,NA,"BRBA2923035",NA,"BRA.5.282_1"
"3dd70479",2022-07-13,708,11,NA,NA,27308,9721,9130,NA,NA,NA,1,0,2,4,2,0,2,1,2,2,0,-2,5,1,-49.11,-62.04,-56.13,0,3,"Brazil","Bahia","Novo Horizonte",-12.870258805,-42.1216713129772,12522,"BRA","BR",76,"BRL","2923035",NA,NA,"BRBA2923035",NA,"BRA.5.282_1"
"3dd70479",2022-07-14,720,11,NA,NA,27326,9724,9145,NA,NA,NA,1,0,2,4,2,0,2,1,2,2,0,-2,5,1,-49.11,-62.04,-56.13,0,3,"Brazil","Bahia","Novo Horizonte",-12.870258805,-42.1216713129772,12522,"BRA","BR",76,"BRL","2923035",NA,NA,"BRBA2923035",NA,"BRA.5.282_1"
"3dd70479",2022-07-15,730,11,NA,NA,27573,9758,9205,NA,NA,NA,1,0,2,4,2,0,2,1,2,2,0,-2,5,1,-49.11,-62.04,-56.13,0,3,"Brazil","Bahia","Novo Horizonte",-12.870258805,-42.1216713129772,12522,"BRA","BR",76,"BRL","2923035",NA,NA,"BRBA2923035",NA,"BRA.5.282_1"
"3dd70479",2022-07-16,754,11,NA,NA,NA,NA,NA,NA,NA,NA,1,0,2,4,2,0,2,1,2,2,0,-2,5,1,-49.11,-62.04,-56.13,0,3,"Brazil","Bahia","Novo Horizonte",-12.870258805,-42.1216713129772,12522,"BRA","BR",76,"BRL","2923035",NA,NA,"BRBA2923035",NA,"BRA.5.282_1"
"3dd70479",2022-07-17,754,11,NA,NA,NA,NA,NA,NA,NA,NA,1,0,2,4,2,0,2,1,2,2,0,-2,5,1,-49.11,-62.04,-56.13,0,3,"Brazil","Bahia","Novo Horizonte",-12.870258805,-42.1216713129772,12522,"BRA","BR",76,"BRL","2923035",NA,NA,"BRBA2923035",NA,"BRA.5.282_1"
"3dd70479",2022-07-18,754,11,NA,NA,27814,9758,9207,NA,NA,NA,1,0,2,4,2,0,2,1,2,2,0,-2,5,1,-49.11,-62.04,-56.13,0,3,"Brazil","Bahia","Novo Horizonte",-12.870258805,-42.1216713129772,12522,"BRA","BR",76,"BRL","2923035",NA,NA,"BRBA2923035",NA,"BRA.5.282_1"
"3dd70479",2022-07-19,758,11,NA,NA,27817,9758,9207,NA,NA,NA,1,0,2,4,2,0,2,1,2,2,0,-2,5,1,-49.11,-62.04,-56.13,0,3,"Brazil","Bahia","Novo Horizonte",-12.870258805,-42.1216713129772,12522,"BRA","BR",76,"BRL","2923035",NA,NA,"BRBA2923035",NA,"BRA.5.282_1"
"3dd70479",2022-07-20,761,11,NA,NA,27825,9758,9207,NA,NA,NA,1,0,2,4,2,0,2,1,2,2,0,-2,5,1,-49.11,-62.04,-56.13,0,3,"Brazil","Bahia","Novo Horizonte",-12.870258805,-42.1216713129772,12522,"BRA","BR",76,"BRL","2923035",NA,NA,"BRBA2923035",NA,"BRA.5.282_1"
"3dd70479",2022-07-21,763,11,NA,NA,NA,NA,NA,NA,NA,NA,1,0,2,4,2,0,2,1,2,2,0,-2,5,1,-49.11,-62.04,-56.13,0,3,"Brazil","Bahia","Novo Horizonte",-12.870258805,-42.1216713129772,12522,"BRA","BR",76,"BRL","2923035",NA,NA,"BRBA2923035",NA,"BRA.5.282_1"
"3dd70479",2022-07-22,772,11,NA,NA,27889,9758,9208,NA,NA,NA,1,0,2,4,2,0,2,1,2,2,0,-2,5,1,-49.11,-62.04,-56.13,0,3,"Brazil","Bahia","Novo Horizonte",-12.870258805,-42.1216713129772,12522,"BRA","BR",76,"BRL","2923035",NA,NA,"BRBA2923035",NA,"BRA.5.282_1"
"3dd70479",2022-07-23,779,11,NA,NA,NA,NA,NA,NA,NA,NA,1,0,-2,-4,-2,0,-2,1,2,2,0,-2,5,1,-43.65,-52.31,-49.88,0,3,"Brazil","Bahia","Novo Horizonte",-12.870258805,-42.1216713129772,12522,"BRA","BR",76,"BRL","2923035",NA,NA,"BRBA2923035",NA,"BRA.5.282_1"
"3dd70479",2022-07-24,779,11,NA,NA,NA,NA,NA,NA,NA,NA,1,0,-2,-4,-2,0,-2,1,2,2,0,-2,5,1,-43.65,-52.31,-49.88,0,3,"Brazil","Bahia","Novo Horizonte",-12.870258805,-42.1216713129772,12522,"BRA","BR",76,"BRL","2923035",NA,NA,"BRBA2923035",NA,"BRA.5.282_1"
"3dd70479",2022-07-25,779,11,NA,NA,27898,9758,9208,NA,NA,NA,1,0,-2,-4,-2,0,-2,1,2,2,0,-2,5,1,-43.65,-52.31,-49.88,0,3,"Brazil","Bahia","Novo Horizonte",-12.870258805,-42.1216713129772,12522,"BRA","BR",76,"BRL","2923035",NA,NA,"BRBA2923035",NA,"BRA.5.282_1"
"3dd70479",2022-07-26,779,11,NA,NA,28034,9758,9208,NA,NA,NA,1,0,-2,-4,-2,0,-2,1,2,2,0,-2,5,1,-43.65,-52.31,-49.88,0,3,"Brazil","Bahia","Novo Horizonte",-12.870258805,-42.1216713129772,12522,"BRA","BR",76,"BRL","2923035",NA,NA,"BRBA2923035",NA,"BRA.5.282_1"
"3dd70479",2022-07-27,779,11,NA,NA,28083,9758,9208,NA,NA,NA,1,0,-2,-4,-2,0,-2,1,2,2,0,-2,5,1,-43.65,-52.31,-49.88,0,3,"Brazil","Bahia","Novo Horizonte",-12.870258805,-42.1216713129772,12522,"BRA","BR",76,"BRL","2923035",NA,NA,"BRBA2923035",NA,"BRA.5.282_1"
"3dd70479",2022-07-28,784,11,NA,NA,28152,9761,9214,NA,NA,NA,1,0,-2,-4,-2,0,-2,1,2,2,0,-2,5,1,-43.65,-52.31,-49.88,0,3,"Brazil","Bahia","Novo Horizonte",-12.870258805,-42.1216713129772,12522,"BRA","BR",76,"BRL","2923035",NA,NA,"BRBA2923035",NA,"BRA.5.282_1"
"3dd70479",2022-07-29,789,11,NA,NA,28269,9809,9245,NA,NA,NA,1,0,-2,-4,-2,0,-2,1,2,2,0,-2,5,1,-43.65,-52.31,-49.88,0,3,"Brazil","Bahia","Novo Horizonte",-12.870258805,-42.1216713129772,12522,"BRA","BR",76,"BRL","2923035",NA,NA,"BRBA2923035",NA,"BRA.5.282_1"
"3dd70479",2022-07-30,796,11,NA,NA,NA,NA,NA,NA,NA,NA,1,0,-2,-4,-2,0,-2,1,2,2,0,-2,5,1,-43.65,-52.31,-49.88,0,3,"Brazil","Bahia","Novo Horizonte",-12.870258805,-42.1216713129772,12522,"BRA","BR",76,"BRL","2923035",NA,NA,"BRBA2923035",NA,"BRA.5.282_1"
"3dd70479",2022-07-31,796,11,NA,NA,NA,NA,NA,NA,NA,NA,1,0,-2,-4,-2,0,-2,1,2,2,0,-2,5,1,-43.65,-52.31,-49.88,0,3,"Brazil","Bahia","Novo Horizonte",-12.870258805,-42.1216713129772,12522,"BRA","BR",76,"BRL","2923035",NA,NA,"BRBA2923035",NA,"BRA.5.282_1"
"3dd70479",2022-08-01,796,11,NA,NA,28271,9811,9245,NA,NA,NA,1,0,0,0,0,0,0,1,2,3,0,1,5,1,-25.42,-17.59,-29.05,0,3,"Brazil","Bahia","Novo Horizonte",-12.870258805,-42.1216713129772,12522,"BRA","BR",76,"BRL","2923035",NA,NA,"BRBA2923035",NA,"BRA.5.282_1"
"3dd70479",2022-08-02,796,11,NA,NA,28373,9811,9246,NA,NA,NA,1,0,0,0,0,0,0,1,2,3,0,1,5,1,-25.42,-17.59,-29.05,0,3,"Brazil","Bahia","Novo Horizonte",-12.870258805,-42.1216713129772,12522,"BRA","BR",76,"BRL","2923035",NA,NA,"BRBA2923035",NA,"BRA.5.282_1"
"3dd70479",2022-08-03,803,11,NA,NA,28401,9811,9246,NA,NA,NA,1,0,0,0,0,0,0,1,2,3,0,1,5,1,-25.42,-17.59,-29.05,0,3,"Brazil","Bahia","Novo Horizonte",-12.870258805,-42.1216713129772,12522,"BRA","BR",76,"BRL","2923035",NA,NA,"BRBA2923035",NA,"BRA.5.282_1"
"3dd70479",2022-08-04,803,11,NA,NA,NA,NA,NA,NA,NA,NA,1,0,0,0,0,0,0,1,2,3,0,1,5,1,-25.42,-17.59,-29.05,0,3,"Brazil","Bahia","Novo Horizonte",-12.870258805,-42.1216713129772,12522,"BRA","BR",76,"BRL","2923035",NA,NA,"BRBA2923035",NA,"BRA.5.282_1"
"3dd70479",2022-08-05,803,11,NA,NA,28525,9811,9247,NA,NA,NA,1,0,0,0,0,0,0,1,2,3,0,1,5,1,-25.42,-17.59,-29.05,0,3,"Brazil","Bahia","Novo Horizonte",-12.870258805,-42.1216713129772,12522,"BRA","BR",76,"BRL","2923035",NA,NA,"BRBA2923035",NA,"BRA.5.282_1"
"3dd70479",2022-08-06,805,11,NA,NA,NA,NA,NA,NA,NA,NA,1,0,0,0,0,0,0,1,2,3,0,1,5,1,-25.42,-17.59,-29.05,0,3,"Brazil","Bahia","Novo Horizonte",-12.870258805,-42.1216713129772,12522,"BRA","BR",76,"BRL","2923035",NA,NA,"BRBA2923035",NA,"BRA.5.282_1"
"3dd70479",2022-08-07,805,11,NA,NA,NA,NA,NA,NA,NA,NA,1,0,0,0,0,0,0,1,2,3,0,1,5,1,-25.42,-17.59,-29.05,0,3,"Brazil","Bahia","Novo Horizonte",-12.870258805,-42.1216713129772,12522,"BRA","BR",76,"BRL","2923035",NA,NA,"BRBA2923035",NA,"BRA.5.282_1"
"3dd70479",2022-08-08,805,11,NA,NA,NA,NA,NA,NA,NA,NA,1,0,0,0,0,0,0,1,2,3,0,1,5,1,-25.42,-17.59,-29.05,0,3,"Brazil","Bahia","Novo Horizonte",-12.870258805,-42.1216713129772,12522,"BRA","BR",76,"BRL","2923035",NA,NA,"BRBA2923035",NA,"BRA.5.282_1"
"3dd70479",2022-08-09,816,11,NA,NA,NA,NA,NA,NA,NA,NA,1,0,0,0,0,0,0,1,2,3,0,1,5,1,-25.42,-17.59,-29.05,0,3,"Brazil","Bahia","Novo Horizonte",-12.870258805,-42.1216713129772,12522,"BRA","BR",76,"BRL","2923035",NA,NA,"BRBA2923035",NA,"BRA.5.282_1"
"3dd70479",2022-08-10,817,11,NA,NA,NA,NA,NA,NA,NA,NA,1,0,0,0,0,0,0,1,2,3,0,1,5,1,-25.42,-17.59,-29.05,0,3,"Brazil","Bahia","Novo Horizonte",-12.870258805,-42.1216713129772,12522,"BRA","BR",76,"BRL","2923035",NA,NA,"BRBA2923035",NA,"BRA.5.282_1"
"3dd70479",2022-08-11,817,11,NA,NA,NA,NA,NA,NA,NA,NA,1,0,0,0,0,0,0,1,2,3,0,1,5,1,-25.42,-17.59,-29.05,0,3,"Brazil","Bahia","Novo Horizonte",-12.870258805,-42.1216713129772,12522,"BRA","BR",76,"BRL","2923035",NA,NA,"BRBA2923035",NA,"BRA.5.282_1"
"3dd70479",2022-08-12,817,11,NA,NA,NA,NA,NA,NA,NA,NA,1,0,0,0,0,0,0,1,2,3,0,1,5,1,-25.42,-17.59,-29.05,0,3,"Brazil","Bahia","Novo Horizonte",-12.870258805,-42.1216713129772,12522,"BRA","BR",76,"BRL","2923035",NA,NA,"BRBA2923035",NA,"BRA.5.282_1"
"3dd70479",2022-08-13,826,11,NA,NA,NA,NA,NA,NA,NA,NA,1,0,0,0,0,0,0,1,2,3,0,1,5,1,-25.42,-17.59,-29.05,0,3,"Brazil","Bahia","Novo Horizonte",-12.870258805,-42.1216713129772,12522,"BRA","BR",76,"BRL","2923035",NA,NA,"BRBA2923035",NA,"BRA.5.282_1"
"3dd70479",2022-08-14,826,11,NA,NA,NA,NA,NA,NA,NA,NA,1,0,0,0,0,0,0,1,2,3,0,1,5,1,-25.42,-17.59,-29.05,0,3,"Brazil","Bahia","Novo Horizonte",-12.870258805,-42.1216713129772,12522,"BRA","BR",76,"BRL","2923035",NA,NA,"BRBA2923035",NA,"BRA.5.282_1"
"3dd70479",2022-08-15,826,11,NA,NA,NA,NA,NA,NA,NA,NA,1,0,0,0,0,0,0,1,2,3,0,1,5,1,-25.42,-17.59,-29.05,0,3,"Brazil","Bahia","Novo Horizonte",-12.870258805,-42.1216713129772,12522,"BRA","BR",76,"BRL","2923035",NA,NA,"BRBA2923035",NA,"BRA.5.282_1"
"3dd70479",2022-08-16,830,11,NA,NA,28567,9811,9247,NA,NA,NA,1,0,0,0,0,0,0,1,2,3,1,1,5,1,-28.54,-17.59,-32.62,0,3,"Brazil","Bahia","Novo Horizonte",-12.870258805,-42.1216713129772,12522,"BRA","BR",76,"BRL","2923035",NA,NA,"BRBA2923035",NA,"BRA.5.282_1"
"3dd70479",2022-08-17,830,11,NA,NA,28653,9811,9247,NA,NA,NA,1,0,0,0,0,0,0,1,2,3,1,1,5,1,-28.54,-17.59,-32.62,0,3,"Brazil","Bahia","Novo Horizonte",-12.870258805,-42.1216713129772,12522,"BRA","BR",76,"BRL","2923035",NA,NA,"BRBA2923035",NA,"BRA.5.282_1"
"3dd70479",2022-08-18,830,11,NA,NA,28687,9811,9247,NA,NA,NA,1,0,0,0,0,0,0,1,2,3,1,1,5,1,-28.54,-17.59,-32.62,0,3,"Brazil","Bahia","Novo Horizonte",-12.870258805,-42.1216713129772,12522,"BRA","BR",76,"BRL","2923035",NA,NA,"BRBA2923035",NA,"BRA.5.282_1"
"3dd70479",2022-08-19,838,11,NA,NA,28738,9820,9260,NA,NA,NA,1,0,0,0,0,0,0,1,2,3,1,1,5,1,-28.54,-17.59,-32.62,0,3,"Brazil","Bahia","Novo Horizonte",-12.870258805,-42.1216713129772,12522,"BRA","BR",76,"BRL","2923035",NA,NA,"BRBA2923035",NA,"BRA.5.282_1"
"3dd70479",2022-08-20,841,11,NA,NA,NA,NA,NA,NA,NA,NA,1,0,0,0,0,0,0,1,2,3,1,1,5,1,-28.54,-17.59,-32.62,0,3,"Brazil","Bahia","Novo Horizonte",-12.870258805,-42.1216713129772,12522,"BRA","BR",76,"BRL","2923035",NA,NA,"BRBA2923035",NA,"BRA.5.282_1"
"3dd70479",2022-08-21,841,11,NA,NA,NA,NA,NA,NA,NA,NA,1,0,0,0,0,0,0,1,2,3,1,1,5,1,-28.54,-17.59,-32.62,0,3,"Brazil","Bahia","Novo Horizonte",-12.870258805,-42.1216713129772,12522,"BRA","BR",76,"BRL","2923035",NA,NA,"BRBA2923035",NA,"BRA.5.282_1"
"3dd70479",2022-08-22,841,11,NA,NA,28751,9824,9264,NA,NA,NA,1,0,0,0,0,0,0,1,2,3,1,1,5,1,-28.54,-17.59,-32.62,0,3,"Brazil","Bahia","Novo Horizonte",-12.870258805,-42.1216713129772,12522,"BRA","BR",76,"BRL","2923035",NA,NA,"BRBA2923035",NA,"BRA.5.282_1"
"3dd70479",2022-08-23,845,11,NA,NA,28858,9826,9264,NA,NA,NA,1,0,0,0,0,0,0,1,2,3,1,1,5,1,-28.54,-17.59,-32.62,0,3,"Brazil","Bahia","Novo Horizonte",-12.870258805,-42.1216713129772,12522,"BRA","BR",76,"BRL","2923035",NA,NA,"BRBA2923035",NA,"BRA.5.282_1"
"3dd70479",2022-08-24,846,11,NA,NA,NA,NA,NA,NA,NA,NA,0,0,0,0,0,0,0,1,2,3,1,1,5,1,-26.46,-13.89,-30.24,0,3,"Brazil","Bahia","Novo Horizonte",-12.870258805,-42.1216713129772,12522,"BRA","BR",76,"BRL","2923035",NA,NA,"BRBA2923035",NA,"BRA.5.282_1"
"3dd70479",2022-08-25,856,12,NA,NA,28899,9842,9267,NA,NA,NA,0,0,0,0,0,0,0,1,2,3,1,1,5,1,-26.46,-13.89,-30.24,0,3,"Brazil","Bahia","Novo Horizonte",-12.870258805,-42.1216713129772,12522,"BRA","BR",76,"BRL","2923035",NA,NA,"BRBA2923035",NA,"BRA.5.282_1"
"3dd70479",2022-08-26,856,12,NA,NA,28920,9846,9272,NA,NA,NA,0,0,0,0,0,0,0,1,2,3,1,1,5,1,-26.46,-13.89,-30.24,0,3,"Brazil","Bahia","Novo Horizonte",-12.870258805,-42.1216713129772,12522,"BRA","BR",76,"BRL","2923035",NA,NA,"BRBA2923035",NA,"BRA.5.282_1"
"3dd70479",2022-08-27,857,12,NA,NA,NA,NA,NA,NA,NA,NA,0,0,0,0,0,0,0,1,2,3,1,1,5,1,-26.46,-13.89,-30.24,0,3,"Brazil","Bahia","Novo Horizonte",-12.870258805,-42.1216713129772,12522,"BRA","BR",76,"BRL","2923035",NA,NA,"BRBA2923035",NA,"BRA.5.282_1"
"3dd70479",2022-08-28,857,12,NA,NA,NA,NA,NA,NA,NA,NA,0,0,0,0,0,0,0,1,2,3,1,1,5,1,-26.46,-13.89,-30.24,0,3,"Brazil","Bahia","Novo Horizonte",-12.870258805,-42.1216713129772,12522,"BRA","BR",76,"BRL","2923035",NA,NA,"BRBA2923035",NA,"BRA.5.282_1"
"3dd70479",2022-08-29,857,12,NA,NA,29184,9849,9275,NA,NA,NA,0,0,0,0,0,0,0,1,2,3,1,1,5,1,-26.46,-13.89,-30.24,0,3,"Brazil","Bahia","Novo Horizonte",-12.870258805,-42.1216713129772,12522,"BRA","BR",76,"BRL","2923035",NA,NA,"BRBA2923035",NA,"BRA.5.282_1"
"3dd70479",2022-08-30,864,12,NA,NA,29253,9863,9275,NA,NA,NA,0,0,0,0,0,0,0,1,2,3,1,1,5,1,-26.46,-13.89,-30.24,0,3,"Brazil","Bahia","Novo Horizonte",-12.870258805,-42.1216713129772,12522,"BRA","BR",76,"BRL","2923035",NA,NA,"BRBA2923035",NA,"BRA.5.282_1"
"3dd70479",2022-08-31,866,12,NA,NA,29291,9863,9276,NA,NA,NA,0,0,0,0,0,0,0,1,2,3,1,1,5,1,-26.46,-13.89,-30.24,0,3,"Brazil","Bahia","Novo Horizonte",-12.870258805,-42.1216713129772,12522,"BRA","BR",76,"BRL","2923035",NA,NA,"BRBA2923035",NA,"BRA.5.282_1"
"3dd70479",2022-09-01,869,12,NA,NA,NA,NA,NA,NA,NA,NA,0,0,0,0,0,0,0,1,2,3,0,1,5,1,-23.33,-13.89,-26.67,0,3,"Brazil","Bahia","Novo Horizonte",-12.870258805,-42.1216713129772,12522,"BRA","BR",76,"BRL","2923035",NA,NA,"BRBA2923035",NA,"BRA.5.282_1"
"3dd70479",2022-09-02,873,12,NA,NA,29368,9868,9283,NA,NA,NA,0,0,0,0,0,0,0,1,2,3,0,1,5,1,-23.33,-13.89,-26.67,0,3,"Brazil","Bahia","Novo Horizonte",-12.870258805,-42.1216713129772,12522,"BRA","BR",76,"BRL","2923035",NA,NA,"BRBA2923035",NA,"BRA.5.282_1"
"3dd70479",2022-09-03,876,12,NA,NA,NA,NA,NA,NA,NA,NA,0,0,0,0,0,0,0,1,2,3,0,1,5,1,-23.33,-13.89,-26.67,0,3,"Brazil","Bahia","Novo Horizonte",-12.870258805,-42.1216713129772,12522,"BRA","BR",76,"BRL","2923035",NA,NA,"BRBA2923035",NA,"BRA.5.282_1"
"3dd70479",2022-09-04,876,12,NA,NA,NA,NA,NA,NA,NA,NA,0,0,0,0,0,0,0,1,2,3,0,1,5,1,-23.33,-13.89,-26.67,0,3,"Brazil","Bahia","Novo Horizonte",-12.870258805,-42.1216713129772,12522,"BRA","BR",76,"BRL","2923035",NA,NA,"BRBA2923035",NA,"BRA.5.282_1"
"3dd70479",2022-09-05,876,12,NA,NA,NA,NA,NA,NA,NA,NA,0,0,0,0,0,0,0,1,2,3,0,1,5,1,-23.33,-13.89,-26.67,0,3,"Brazil","Bahia","Novo Horizonte",-12.870258805,-42.1216713129772,12522,"BRA","BR",76,"BRL","2923035",NA,NA,"BRBA2923035",NA,"BRA.5.282_1"
"3dd70479",2022-09-06,888,12,NA,NA,29414,9870,9283,NA,NA,NA,0,0,0,0,0,0,0,1,2,3,0,1,5,1,-23.33,-13.89,-26.67,0,3,"Brazil","Bahia","Novo Horizonte",-12.870258805,-42.1216713129772,12522,"BRA","BR",76,"BRL","2923035",NA,NA,"BRBA2923035",NA,"BRA.5.282_1"
"3dd70479",2022-09-07,899,12,NA,NA,NA,NA,NA,NA,NA,NA,0,0,0,0,0,0,0,1,2,3,0,1,5,1,-23.33,-13.89,-26.67,0,3,"Brazil","Bahia","Novo Horizonte",-12.870258805,-42.1216713129772,12522,"BRA","BR",76,"BRL","2923035",NA,NA,"BRBA2923035",NA,"BRA.5.282_1"
"3dd70479",2022-09-08,899,12,NA,NA,NA,NA,NA,NA,NA,NA,0,0,0,0,0,0,0,1,2,3,0,1,5,1,-23.33,-13.89,-26.67,0,3,"Brazil","Bahia","Novo Horizonte",-12.870258805,-42.1216713129772,12522,"BRA","BR",76,"BRL","2923035",NA,NA,"BRBA2923035",NA,"BRA.5.282_1"
"3dd70479",2022-09-09,904,12,NA,NA,29442,9870,9285,NA,NA,NA,0,0,0,0,0,0,0,1,2,3,0,1,5,1,-23.33,-13.89,-26.67,0,3,"Brazil","Bahia","Novo Horizonte",-12.870258805,-42.1216713129772,12522,"BRA","BR",76,"BRL","2923035",NA,NA,"BRBA2923035",NA,"BRA.5.282_1"
"3dd70479",2022-09-10,905,12,NA,NA,NA,NA,NA,NA,NA,NA,0,0,0,0,0,0,0,1,2,3,0,1,5,1,-23.33,-13.89,-26.67,0,3,"Brazil","Bahia","Novo Horizonte",-12.870258805,-42.1216713129772,12522,"BRA","BR",76,"BRL","2923035",NA,NA,"BRBA2923035",NA,"BRA.5.282_1"
"3dd70479",2022-09-11,905,12,NA,NA,NA,NA,NA,NA,NA,NA,0,0,0,0,0,0,0,1,2,3,0,1,5,1,-23.33,-13.89,-26.67,0,3,"Brazil","Bahia","Novo Horizonte",-12.870258805,-42.1216713129772,12522,"BRA","BR",76,"BRL","2923035",NA,NA,"BRBA2923035",NA,"BRA.5.282_1"
"3dd70479",2022-09-12,905,12,NA,NA,NA,NA,NA,NA,NA,NA,0,0,0,0,0,0,0,1,2,3,0,1,5,1,-23.33,-13.89,-26.67,0,3,"Brazil","Bahia","Novo Horizonte",-12.870258805,-42.1216713129772,12522,"BRA","BR",76,"BRL","2923035",NA,NA,"BRBA2923035",NA,"BRA.5.282_1"
"3dd70479",2022-09-13,906,12,NA,NA,NA,NA,NA,NA,NA,NA,0,0,0,0,0,0,0,1,2,3,0,1,5,1,-23.33,-13.89,-26.67,0,3,"Brazil","Bahia","Novo Horizonte",-12.870258805,-42.1216713129772,12522,"BRA","BR",76,"BRL","2923035",NA,NA,"BRBA2923035",NA,"BRA.5.282_1"
"3dd70479",2022-09-14,909,12,NA,NA,29487,9870,9286,NA,NA,NA,0,0,0,0,0,0,0,1,2,3,0,1,5,1,-23.33,-13.89,-26.67,0,3,"Brazil","Bahia","Novo Horizonte",-12.870258805,-42.1216713129772,12522,"BRA","BR",76,"BRL","2923035",NA,NA,"BRBA2923035",NA,"BRA.5.282_1"
"3dd70479",2022-09-15,912,13,NA,NA,29514,9870,9287,NA,NA,NA,0,0,0,0,0,0,0,1,2,3,0,1,5,1,-23.33,-13.89,-26.67,0,3,"Brazil","Bahia","Novo Horizonte",-12.870258805,-42.1216713129772,12522,"BRA","BR",76,"BRL","2923035",NA,NA,"BRBA2923035",NA,"BRA.5.282_1"
"3dd70479",2022-09-16,915,12,NA,NA,29534,9870,9287,NA,NA,NA,0,0,0,0,0,0,0,1,2,3,0,1,5,1,-23.33,-13.89,-26.67,0,3,"Brazil","Bahia","Novo Horizonte",-12.870258805,-42.1216713129772,12522,"BRA","BR",76,"BRL","2923035",NA,NA,"BRBA2923035",NA,"BRA.5.282_1"
"3dd70479",2022-09-17,915,12,NA,NA,NA,NA,NA,NA,NA,NA,0,0,0,0,0,0,0,1,2,3,0,1,5,1,-23.33,-13.89,-26.67,0,3,"Brazil","Bahia","Novo Horizonte",-12.870258805,-42.1216713129772,12522,"BRA","BR",76,"BRL","2923035",NA,NA,"BRBA2923035",NA,"BRA.5.282_1"
"3dd70479",2022-09-18,915,12,NA,NA,NA,NA,NA,NA,NA,NA,0,0,0,0,0,0,0,1,2,3,0,1,5,1,-23.33,-13.89,-26.67,0,3,"Brazil","Bahia","Novo Horizonte",-12.870258805,-42.1216713129772,12522,"BRA","BR",76,"BRL","2923035",NA,NA,"BRBA2923035",NA,"BRA.5.282_1"
"3dd70479",2022-09-19,915,12,NA,NA,NA,NA,NA,NA,NA,NA,0,0,0,0,0,0,0,1,2,3,0,1,5,1,-23.33,-13.89,-26.67,0,3,"Brazil","Bahia","Novo Horizonte",-12.870258805,-42.1216713129772,12522,"BRA","BR",76,"BRL","2923035",NA,NA,"BRBA2923035",NA,"BRA.5.282_1"
"3dd70479",2022-09-20,915,12,NA,NA,29588,9878,9293,NA,NA,NA,0,0,0,0,0,0,0,1,2,3,0,1,5,1,-23.33,-13.89,-26.67,0,3,"Brazil","Bahia","Novo Horizonte",-12.870258805,-42.1216713129772,12522,"BRA","BR",76,"BRL","2923035",NA,NA,"BRBA2923035",NA,"BRA.5.282_1"
"3dd70479",2022-09-21,918,12,NA,NA,29598,9878,9293,NA,NA,NA,0,0,0,0,0,0,0,1,2,3,0,1,5,1,-23.33,-13.89,-26.67,0,3,"Brazil","Bahia","Novo Horizonte",-12.870258805,-42.1216713129772,12522,"BRA","BR",76,"BRL","2923035",NA,NA,"BRBA2923035",NA,"BRA.5.282_1"
"3dd70479",2022-09-22,918,12,NA,NA,29599,9878,9293,NA,NA,NA,0,0,0,0,0,0,0,1,2,3,0,1,5,1,-23.33,-13.89,-26.67,0,3,"Brazil","Bahia","Novo Horizonte",-12.870258805,-42.1216713129772,12522,"BRA","BR",76,"BRL","2923035",NA,NA,"BRBA2923035",NA,"BRA.5.282_1"
"3dd70479",2022-09-23,918,12,NA,NA,NA,NA,NA,NA,NA,NA,0,0,0,0,0,0,0,1,2,3,0,1,5,1,-23.33,-13.89,-26.67,0,3,"Brazil","Bahia","Novo Horizonte",-12.870258805,-42.1216713129772,12522,"BRA","BR",76,"BRL","2923035",NA,NA,"BRBA2923035",NA,"BRA.5.282_1"
"3dd70479",2022-09-24,918,12,NA,NA,NA,NA,NA,NA,NA,NA,0,0,0,0,0,0,0,1,2,3,0,1,5,1,-23.33,-13.89,-26.67,0,3,"Brazil","Bahia","Novo Horizonte",-12.870258805,-42.1216713129772,12522,"BRA","BR",76,"BRL","2923035",NA,NA,"BRBA2923035",NA,"BRA.5.282_1"
"3dd70479",2022-09-25,918,12,NA,NA,NA,NA,NA,NA,NA,NA,0,0,0,0,0,0,0,1,2,3,0,1,5,1,-23.33,-13.89,-26.67,0,3,"Brazil","Bahia","Novo Horizonte",-12.870258805,-42.1216713129772,12522,"BRA","BR",76,"BRL","2923035",NA,NA,"BRBA2923035",NA,"BRA.5.282_1"
"3dd70479",2022-09-26,918,12,NA,NA,29617,9890,9299,NA,NA,NA,0,0,0,0,0,0,0,1,2,3,0,1,5,1,-23.33,-13.89,-26.67,0,3,"Brazil","Bahia","Novo Horizonte",-12.870258805,-42.1216713129772,12522,"BRA","BR",76,"BRL","2923035",NA,NA,"BRBA2923035",NA,"BRA.5.282_1"
"3dd70479",2022-09-27,918,12,NA,NA,NA,NA,NA,NA,NA,NA,0,0,0,0,0,0,0,1,2,3,0,1,5,1,-23.33,-13.89,-26.67,0,3,"Brazil","Bahia","Novo Horizonte",-12.870258805,-42.1216713129772,12522,"BRA","BR",76,"BRL","2923035",NA,NA,"BRBA2923035",NA,"BRA.5.282_1"
"3dd70479",2022-09-28,919,12,NA,NA,29694,9903,9310,NA,NA,NA,0,0,0,0,0,0,0,1,2,0,0,1,5,1,-17.08,-13.89,-19.52,0,3,"Brazil","Bahia","Novo Horizonte",-12.870258805,-42.1216713129772,12522,"BRA","BR",76,"BRL","2923035",NA,NA,"BRBA2923035",NA,"BRA.5.282_1"
"3dd70479",2022-09-29,919,12,NA,NA,29708,9904,9322,NA,NA,NA,0,0,0,0,0,0,0,1,2,0,0,1,5,1,-17.08,-13.89,-19.52,0,3,"Brazil","Bahia","Novo Horizonte",-12.870258805,-42.1216713129772,12522,"BRA","BR",76,"BRL","2923035",NA,NA,"BRBA2923035",NA,"BRA.5.282_1"
"3dd70479",2022-09-30,919,12,NA,NA,29730,9912,9330,NA,NA,NA,0,0,0,0,0,0,0,1,2,0,0,1,5,1,-17.08,-13.89,-19.52,0,3,"Brazil","Bahia","Novo Horizonte",-12.870258805,-42.1216713129772,12522,"BRA","BR",76,"BRL","2923035",NA,NA,"BRBA2923035",NA,"BRA.5.282_1"
"3dd70479",2022-10-01,919,12,NA,NA,NA,NA,NA,NA,NA,NA,0,0,0,0,0,0,0,1,2,0,0,1,5,1,-17.08,-13.89,-19.52,0,3,"Brazil","Bahia","Novo Horizonte",-12.870258805,-42.1216713129772,12522,"BRA","BR",76,"BRL","2923035",NA,NA,"BRBA2923035",NA,"BRA.5.282_1"
"3dd70479",2022-10-02,919,12,NA,NA,NA,NA,NA,NA,NA,NA,0,0,0,0,0,0,0,1,2,0,0,1,5,1,-17.08,-13.89,-19.52,0,3,"Brazil","Bahia","Novo Horizonte",-12.870258805,-42.1216713129772,12522,"BRA","BR",76,"BRL","2923035",NA,NA,"BRBA2923035",NA,"BRA.5.282_1"
"3dd70479",2022-10-03,919,12,NA,NA,NA,NA,NA,NA,NA,NA,0,0,0,0,0,0,0,1,2,0,0,1,5,1,-17.08,-13.89,-19.52,0,3,"Brazil","Bahia","Novo Horizonte",-12.870258805,-42.1216713129772,12522,"BRA","BR",76,"BRL","2923035",NA,NA,"BRBA2923035",NA,"BRA.5.282_1"
"3dd70479",2022-10-04,919,12,NA,NA,29747,9917,9342,NA,NA,NA,0,0,0,0,0,0,0,1,2,0,0,1,5,1,-17.08,-13.89,-19.52,0,3,"Brazil","Bahia","Novo Horizonte",-12.870258805,-42.1216713129772,12522,"BRA","BR",76,"BRL","2923035",NA,NA,"BRBA2923035",NA,"BRA.5.282_1"
"3dd70479",2022-10-05,919,12,NA,NA,NA,NA,NA,NA,NA,NA,0,0,0,0,0,0,0,1,2,0,0,1,5,1,-17.08,-13.89,-19.52,0,3,"Brazil","Bahia","Novo Horizonte",-12.870258805,-42.1216713129772,12522,"BRA","BR",76,"BRL","2923035",NA,NA,"BRBA2923035",NA,"BRA.5.282_1"
"3dd70479",2022-10-06,919,12,NA,NA,NA,NA,NA,NA,NA,NA,0,0,0,0,0,0,0,1,2,0,0,1,5,1,-17.08,-13.89,-19.52,0,3,"Brazil","Bahia","Novo Horizonte",-12.870258805,-42.1216713129772,12522,"BRA","BR",76,"BRL","2923035",NA,NA,"BRBA2923035",NA,"BRA.5.282_1"
"3dd70479",2022-10-07,919,12,NA,NA,NA,NA,NA,NA,NA,NA,0,0,0,0,0,0,0,1,2,0,0,1,5,1,-17.08,-13.89,-19.52,0,3,"Brazil","Bahia","Novo Horizonte",-12.870258805,-42.1216713129772,12522,"BRA","BR",76,"BRL","2923035",NA,NA,"BRBA2923035",NA,"BRA.5.282_1"
"3dd70479",2022-10-08,919,12,NA,NA,NA,NA,NA,NA,NA,NA,0,0,0,0,0,0,0,1,2,0,0,1,5,1,-17.08,-13.89,-19.52,0,3,"Brazil","Bahia","Novo Horizonte",-12.870258805,-42.1216713129772,12522,"BRA","BR",76,"BRL","2923035",NA,NA,"BRBA2923035",NA,"BRA.5.282_1"
"3dd70479",2022-10-09,919,12,NA,NA,NA,NA,NA,NA,NA,NA,0,0,0,0,0,0,0,1,2,0,0,1,5,1,-17.08,-13.89,-19.52,0,3,"Brazil","Bahia","Novo Horizonte",-12.870258805,-42.1216713129772,12522,"BRA","BR",76,"BRL","2923035",NA,NA,"BRBA2923035",NA,"BRA.5.282_1"
"3dd70479",2022-10-10,919,12,NA,NA,NA,NA,NA,NA,NA,NA,0,0,0,0,0,0,0,1,2,0,0,1,5,1,-17.08,-13.89,-19.52,0,3,"Brazil","Bahia","Novo Horizonte",-12.870258805,-42.1216713129772,12522,"BRA","BR",76,"BRL","2923035",NA,NA,"BRBA2923035",NA,"BRA.5.282_1"
"3dd70479",2022-10-11,919,12,NA,NA,NA,NA,NA,NA,NA,NA,0,0,0,0,0,0,0,1,2,0,0,1,5,1,-17.08,-13.89,-19.52,0,3,"Brazil","Bahia","Novo Horizonte",-12.870258805,-42.1216713129772,12522,"BRA","BR",76,"BRL","2923035",NA,NA,"BRBA2923035",NA,"BRA.5.282_1"
"3dd70479",2022-10-12,919,12,NA,NA,NA,NA,NA,NA,NA,NA,0,0,0,0,0,0,0,1,2,0,0,1,5,1,-17.08,-13.89,-19.52,0,3,"Brazil","Bahia","Novo Horizonte",-12.870258805,-42.1216713129772,12522,"BRA","BR",76,"BRL","2923035",NA,NA,"BRBA2923035",NA,"BRA.5.282_1"
"3dd70479",2022-10-13,919,12,NA,NA,NA,NA,NA,NA,NA,NA,0,0,0,0,0,0,0,1,2,0,0,1,5,1,-17.08,-13.89,-19.52,0,3,"Brazil","Bahia","Novo Horizonte",-12.870258805,-42.1216713129772,12522,"BRA","BR",76,"BRL","2923035",NA,NA,"BRBA2923035",NA,"BRA.5.282_1"
"3dd70479",2022-10-14,919,12,NA,NA,29753,9918,9342,NA,NA,NA,0,0,0,0,0,0,0,1,2,0,0,1,5,1,-17.08,-13.89,-19.52,0,3,"Brazil","Bahia","Novo Horizonte",-12.870258805,-42.1216713129772,12522,"BRA","BR",76,"BRL","2923035",NA,NA,"BRBA2923035",NA,"BRA.5.282_1"
"3dd70479",2022-10-15,919,12,NA,NA,NA,NA,NA,NA,NA,NA,0,0,0,0,0,0,0,1,2,0,0,1,5,1,-17.08,-13.89,-19.52,0,3,"Brazil","Bahia","Novo Horizonte",-12.870258805,-42.1216713129772,12522,"BRA","BR",76,"BRL","2923035",NA,NA,"BRBA2923035",NA,"BRA.5.282_1"
"3dd70479",2022-10-16,919,12,NA,NA,NA,NA,NA,NA,NA,NA,0,0,0,0,0,0,0,1,2,0,0,1,5,1,-17.08,-13.89,-19.52,0,3,"Brazil","Bahia","Novo Horizonte",-12.870258805,-42.1216713129772,12522,"BRA","BR",76,"BRL","2923035",NA,NA,"BRBA2923035",NA,"BRA.5.282_1"
"3dd70479",2022-10-17,919,12,NA,NA,NA,NA,NA,NA,NA,NA,0,0,0,0,0,0,0,1,2,0,0,1,5,1,-17.08,-13.89,-19.52,0,3,"Brazil","Bahia","Novo Horizonte",-12.870258805,-42.1216713129772,12522,"BRA","BR",76,"BRL","2923035",NA,NA,"BRBA2923035",NA,"BRA.5.282_1"
"3dd70479",2022-10-18,919,12,NA,NA,NA,NA,NA,NA,NA,NA,0,0,0,0,0,0,0,1,2,0,0,1,5,1,-17.08,-13.89,-19.52,0,3,"Brazil","Bahia","Novo Horizonte",-12.870258805,-42.1216713129772,12522,"BRA","BR",76,"BRL","2923035",NA,NA,"BRBA2923035",NA,"BRA.5.282_1"
"3dd70479",2022-10-19,919,12,NA,NA,29754,9918,9342,NA,NA,NA,0,0,0,0,0,0,0,1,2,0,0,1,5,1,-17.08,-13.89,-19.52,0,3,"Brazil","Bahia","Novo Horizonte",-12.870258805,-42.1216713129772,12522,"BRA","BR",76,"BRL","2923035",NA,NA,"BRBA2923035",NA,"BRA.5.282_1"
"3dd70479",2022-10-20,919,12,NA,NA,NA,NA,NA,NA,NA,NA,0,0,0,0,0,0,0,1,2,0,0,1,5,1,-17.08,-13.89,-19.52,0,3,"Brazil","Bahia","Novo Horizonte",-12.870258805,-42.1216713129772,12522,"BRA","BR",76,"BRL","2923035",NA,NA,"BRBA2923035",NA,"BRA.5.282_1"
"3dd70479",2022-10-21,919,12,NA,NA,29785,9919,9343,NA,NA,NA,0,0,0,0,0,0,0,1,2,0,0,1,5,1,-17.08,-13.89,-19.52,0,3,"Brazil","Bahia","Novo Horizonte",-12.870258805,-42.1216713129772,12522,"BRA","BR",76,"BRL","2923035",NA,NA,"BRBA2923035",NA,"BRA.5.282_1"
"3dd70479",2022-10-22,919,12,NA,NA,NA,NA,NA,NA,NA,NA,0,0,0,0,0,0,0,1,2,0,0,1,5,1,-17.08,-13.89,-19.52,0,3,"Brazil","Bahia","Novo Horizonte",-12.870258805,-42.1216713129772,12522,"BRA","BR",76,"BRL","2923035",NA,NA,"BRBA2923035",NA,"BRA.5.282_1"
"3dd70479",2022-10-23,919,12,NA,NA,NA,NA,NA,NA,NA,NA,0,0,0,0,0,0,0,1,2,0,0,1,5,1,-17.08,-13.89,-19.52,0,3,"Brazil","Bahia","Novo Horizonte",-12.870258805,-42.1216713129772,12522,"BRA","BR",76,"BRL","2923035",NA,NA,"BRBA2923035",NA,"BRA.5.282_1"
"3dd70479",2022-10-24,919,12,NA,NA,29809,9919,9345,NA,NA,NA,0,0,0,0,0,0,0,1,2,0,0,1,5,1,-17.08,-13.89,-19.52,0,3,"Brazil","Bahia","Novo Horizonte",-12.870258805,-42.1216713129772,12522,"BRA","BR",76,"BRL","2923035",NA,NA,"BRBA2923035",NA,"BRA.5.282_1"
"3dd70479",2022-10-25,919,12,NA,NA,NA,NA,NA,NA,NA,NA,0,0,0,0,0,0,0,1,2,0,0,1,5,1,-17.08,-13.89,-19.52,0,3,"Brazil","Bahia","Novo Horizonte",-12.870258805,-42.1216713129772,12522,"BRA","BR",76,"BRL","2923035",NA,NA,"BRBA2923035",NA,"BRA.5.282_1"
"3dd70479",2022-10-26,919,12,NA,NA,29816,9920,9348,NA,NA,NA,0,0,0,0,0,0,0,1,2,0,0,1,5,1,-17.08,-13.89,-19.52,0,3,"Brazil","Bahia","Novo Horizonte",-12.870258805,-42.1216713129772,12522,"BRA","BR",76,"BRL","2923035",NA,NA,"BRBA2923035",NA,"BRA.5.282_1"
"3dd70479",2022-10-27,919,12,NA,NA,NA,NA,NA,NA,NA,NA,0,0,0,0,0,0,0,1,2,0,0,1,5,1,-20.21,-13.89,-19.52,-25,3,"Brazil","Bahia","Novo Horizonte",-12.870258805,-42.1216713129772,12522,"BRA","BR",76,"BRL","2923035",NA,NA,"BRBA2923035",NA,"BRA.5.282_1"
"3dd70479",2022-10-28,919,12,NA,NA,NA,NA,NA,NA,NA,NA,0,0,0,0,0,0,0,1,2,0,0,1,5,1,-20.21,-13.89,-19.52,-25,3,"Brazil","Bahia","Novo Horizonte",-12.870258805,-42.1216713129772,12522,"BRA","BR",76,"BRL","2923035",NA,NA,"BRBA2923035",NA,"BRA.5.282_1"
"3dd70479",2022-10-29,919,12,NA,NA,NA,NA,NA,NA,NA,NA,0,0,0,0,0,0,0,1,2,0,0,1,5,1,-20.21,-13.89,-19.52,-25,3,"Brazil","Bahia","Novo Horizonte",-12.870258805,-42.1216713129772,12522,"BRA","BR",76,"BRL","2923035",NA,NA,"BRBA2923035",NA,"BRA.5.282_1"
"3dd70479",2022-10-30,919,12,NA,NA,29820,9920,9352,NA,NA,NA,0,0,0,0,0,0,0,1,2,0,0,1,5,1,-20.21,-13.89,-19.52,-25,3,"Brazil","Bahia","Novo Horizonte",-12.870258805,-42.1216713129772,12522,"BRA","BR",76,"BRL","2923035",NA,NA,"BRBA2923035",NA,"BRA.5.282_1"
"3dd70479",2022-10-31,919,12,NA,NA,NA,NA,NA,NA,NA,NA,0,0,0,0,0,0,0,1,2,0,0,1,5,1,-20.21,-13.89,-19.52,-25,3,"Brazil","Bahia","Novo Horizonte",-12.870258805,-42.1216713129772,12522,"BRA","BR",76,"BRL","2923035",NA,NA,"BRBA2923035",NA,"BRA.5.282_1"
"3dd70479",2022-11-01,919,12,NA,NA,NA,NA,NA,NA,NA,NA,0,0,0,0,0,0,0,1,2,0,0,1,5,1,-20.21,-13.89,-19.52,-25,3,"Brazil","Bahia","Novo Horizonte",-12.870258805,-42.1216713129772,12522,"BRA","BR",76,"BRL","2923035",NA,NA,"BRBA2923035",NA,"BRA.5.282_1"
"3dd70479",2022-11-02,919,12,NA,NA,NA,NA,NA,NA,NA,NA,0,0,0,0,0,0,0,1,2,0,0,1,5,1,-20.21,-13.89,-19.52,-25,3,"Brazil","Bahia","Novo Horizonte",-12.870258805,-42.1216713129772,12522,"BRA","BR",76,"BRL","2923035",NA,NA,"BRBA2923035",NA,"BRA.5.282_1"
"3dd70479",2022-11-03,919,12,NA,NA,NA,NA,NA,NA,NA,NA,0,0,0,0,0,0,0,1,2,0,0,1,5,1,-20.21,-13.89,-19.52,-25,3,"Brazil","Bahia","Novo Horizonte",-12.870258805,-42.1216713129772,12522,"BRA","BR",76,"BRL","2923035",NA,NA,"BRBA2923035",NA,"BRA.5.282_1"
"3dd70479",2022-11-04,919,12,NA,NA,29840,9922,9355,NA,NA,NA,0,0,0,0,0,0,0,1,2,0,0,1,5,1,-20.21,-13.89,-19.52,-25,3,"Brazil","Bahia","Novo Horizonte",-12.870258805,-42.1216713129772,12522,"BRA","BR",76,"BRL","2923035",NA,NA,"BRBA2923035",NA,"BRA.5.282_1"
"3dd70479",2022-11-05,919,12,NA,NA,NA,NA,NA,NA,NA,NA,0,0,0,0,0,0,0,1,2,0,0,1,5,1,-20.21,-13.89,-19.52,-25,3,"Brazil","Bahia","Novo Horizonte",-12.870258805,-42.1216713129772,12522,"BRA","BR",76,"BRL","2923035",NA,NA,"BRBA2923035",NA,"BRA.5.282_1"
"3dd70479",2022-11-06,919,12,NA,NA,NA,NA,NA,NA,NA,NA,0,0,0,0,0,0,0,1,2,0,0,1,5,1,-20.21,-13.89,-19.52,-25,3,"Brazil","Bahia","Novo Horizonte",-12.870258805,-42.1216713129772,12522,"BRA","BR",76,"BRL","2923035",NA,NA,"BRBA2923035",NA,"BRA.5.282_1"
"3dd70479",2022-11-07,919,12,NA,NA,29849,9929,9357,NA,NA,NA,0,0,0,0,0,0,0,1,2,0,0,1,5,1,-20.21,-13.89,-19.52,-25,3,"Brazil","Bahia","Novo Horizonte",-12.870258805,-42.1216713129772,12522,"BRA","BR",76,"BRL","2923035",NA,NA,"BRBA2923035",NA,"BRA.5.282_1"
"3dd70479",2022-11-08,919,12,NA,NA,29871,9929,9363,NA,NA,NA,0,0,0,0,0,0,0,1,2,0,0,1,5,1,-20.21,-13.89,-19.52,-25,3,"Brazil","Bahia","Novo Horizonte",-12.870258805,-42.1216713129772,12522,"BRA","BR",76,"BRL","2923035",NA,NA,"BRBA2923035",NA,"BRA.5.282_1"
"3dd70479",2022-11-09,919,12,NA,NA,NA,NA,NA,NA,NA,NA,0,0,0,0,0,0,0,1,2,0,0,1,5,1,-20.21,-13.89,-19.52,-25,3,"Brazil","Bahia","Novo Horizonte",-12.870258805,-42.1216713129772,12522,"BRA","BR",76,"BRL","2923035",NA,NA,"BRBA2923035",NA,"BRA.5.282_1"
"3dd70479",2022-11-10,919,12,NA,NA,NA,NA,NA,NA,NA,NA,0,0,0,0,0,0,0,1,2,0,0,1,5,1,-20.21,-13.89,-19.52,-25,3,"Brazil","Bahia","Novo Horizonte",-12.870258805,-42.1216713129772,12522,"BRA","BR",76,"BRL","2923035",NA,NA,"BRBA2923035",NA,"BRA.5.282_1"
"3dd70479",2022-11-11,919,12,NA,NA,29878,9929,9363,NA,NA,NA,0,0,0,0,0,0,0,1,2,0,0,1,5,1,-20.21,-13.89,-19.52,-25,3,"Brazil","Bahia","Novo Horizonte",-12.870258805,-42.1216713129772,12522,"BRA","BR",76,"BRL","2923035",NA,NA,"BRBA2923035",NA,"BRA.5.282_1"
"3dd70479",2022-11-12,919,12,NA,NA,NA,NA,NA,NA,NA,NA,0,0,0,0,0,0,0,1,2,0,0,1,5,1,-20.21,-13.89,-19.52,-25,3,"Brazil","Bahia","Novo Horizonte",-12.870258805,-42.1216713129772,12522,"BRA","BR",76,"BRL","2923035",NA,NA,"BRBA2923035",NA,"BRA.5.282_1"
"3dd70479",2022-11-13,919,12,NA,NA,NA,NA,NA,NA,NA,NA,0,0,0,0,0,0,0,1,2,0,0,1,5,1,-20.21,-13.89,-19.52,-25,3,"Brazil","Bahia","Novo Horizonte",-12.870258805,-42.1216713129772,12522,"BRA","BR",76,"BRL","2923035",NA,NA,"BRBA2923035",NA,"BRA.5.282_1"
"3dd70479",2022-11-14,919,12,NA,NA,NA,NA,NA,NA,NA,NA,0,0,0,0,0,0,0,1,2,0,0,1,5,1,-20.21,-13.89,-19.52,-25,3,"Brazil","Bahia","Novo Horizonte",-12.870258805,-42.1216713129772,12522,"BRA","BR",76,"BRL","2923035",NA,NA,"BRBA2923035",NA,"BRA.5.282_1"
"3dd70479",2022-11-15,919,12,NA,NA,NA,NA,NA,NA,NA,NA,0,0,0,0,0,0,0,1,2,0,0,1,5,1,-20.21,-13.89,-19.52,-25,3,"Brazil","Bahia","Novo Horizonte",-12.870258805,-42.1216713129772,12522,"BRA","BR",76,"BRL","2923035",NA,NA,"BRBA2923035",NA,"BRA.5.282_1"
"3dd70479",2022-11-16,919,12,NA,NA,NA,NA,NA,NA,NA,NA,0,0,0,0,0,0,0,1,2,0,0,1,5,1,-20.21,-13.89,-19.52,-25,3,"Brazil","Bahia","Novo Horizonte",-12.870258805,-42.1216713129772,12522,"BRA","BR",76,"BRL","2923035",NA,NA,"BRBA2923035",NA,"BRA.5.282_1"
"3dd70479",2022-11-17,919,12,NA,NA,NA,NA,NA,NA,NA,NA,0,0,0,0,0,0,0,1,2,0,0,1,5,1,-20.21,-13.89,-19.52,-25,3,"Brazil","Bahia","Novo Horizonte",-12.870258805,-42.1216713129772,12522,"BRA","BR",76,"BRL","2923035",NA,NA,"BRBA2923035",NA,"BRA.5.282_1"
"3dd70479",2022-11-18,919,12,NA,NA,29984,9941,9377,NA,NA,NA,0,0,0,0,0,0,0,1,2,0,0,1,5,1,-20.21,-13.89,-19.52,-25,3,"Brazil","Bahia","Novo Horizonte",-12.870258805,-42.1216713129772,12522,"BRA","BR",76,"BRL","2923035",NA,NA,"BRBA2923035",NA,"BRA.5.282_1"
"3dd70479",2022-11-19,919,12,NA,NA,NA,NA,NA,NA,NA,NA,0,0,0,0,0,0,0,1,2,0,0,1,5,1,-20.21,-13.89,-19.52,-25,3,"Brazil","Bahia","Novo Horizonte",-12.870258805,-42.1216713129772,12522,"BRA","BR",76,"BRL","2923035",NA,NA,"BRBA2923035",NA,"BRA.5.282_1"
"3dd70479",2022-11-20,919,12,NA,NA,NA,NA,NA,NA,NA,NA,0,0,0,0,0,0,0,1,2,0,0,1,5,1,-20.21,-13.89,-19.52,-25,3,"Brazil","Bahia","Novo Horizonte",-12.870258805,-42.1216713129772,12522,"BRA","BR",76,"BRL","2923035",NA,NA,"BRBA2923035",NA,"BRA.5.282_1"
"3dd70479",2022-11-21,919,12,NA,NA,NA,NA,NA,NA,NA,NA,0,0,0,0,0,0,0,1,2,0,0,1,5,1,-20.21,-13.89,-19.52,-25,3,"Brazil","Bahia","Novo Horizonte",-12.870258805,-42.1216713129772,12522,"BRA","BR",76,"BRL","2923035",NA,NA,"BRBA2923035",NA,"BRA.5.282_1"
"3dd70479",2022-11-22,919,12,NA,NA,30053,9941,9381,NA,NA,NA,0,0,0,0,0,0,0,1,2,0,0,1,5,1,-20.21,-13.89,-19.52,-25,3,"Brazil","Bahia","Novo Horizonte",-12.870258805,-42.1216713129772,12522,"BRA","BR",76,"BRL","2923035",NA,NA,"BRBA2923035",NA,"BRA.5.282_1"
"3dd70479",2022-11-23,919,12,NA,NA,30054,9941,9381,NA,NA,NA,0,0,0,0,0,0,0,1,2,0,0,1,5,1,-20.21,-13.89,-19.52,-25,3,"Brazil","Bahia","Novo Horizonte",-12.870258805,-42.1216713129772,12522,"BRA","BR",76,"BRL","2923035",NA,NA,"BRBA2923035",NA,"BRA.5.282_1"
"3dd70479",2022-11-24,919,12,NA,NA,30105,9941,9381,NA,NA,NA,0,0,0,0,0,0,0,1,2,0,0,1,5,1,-20.21,-13.89,-19.52,-25,3,"Brazil","Bahia","Novo Horizonte",-12.870258805,-42.1216713129772,12522,"BRA","BR",76,"BRL","2923035",NA,NA,"BRBA2923035",NA,"BRA.5.282_1"
"3dd70479",2022-11-25,919,12,NA,NA,30125,9942,9381,NA,NA,NA,0,0,0,0,0,0,0,1,2,0,0,2,5,1,-21.77,-13.89,-21.31,-25,3,"Brazil","Bahia","Novo Horizonte",-12.870258805,-42.1216713129772,12522,"BRA","BR",76,"BRL","2923035",NA,NA,"BRBA2923035",NA,"BRA.5.282_1"
"3dd70479",2022-11-26,919,12,NA,NA,NA,NA,NA,NA,NA,NA,0,0,0,0,0,0,0,1,2,0,0,2,5,1,-21.77,-13.89,-21.31,-25,3,"Brazil","Bahia","Novo Horizonte",-12.870258805,-42.1216713129772,12522,"BRA","BR",76,"BRL","2923035",NA,NA,"BRBA2923035",NA,"BRA.5.282_1"
"3dd70479",2022-11-27,919,12,NA,NA,NA,NA,NA,NA,NA,NA,0,0,0,0,0,0,0,1,2,0,0,2,5,1,-21.77,-13.89,-21.31,-25,3,"Brazil","Bahia","Novo Horizonte",-12.870258805,-42.1216713129772,12522,"BRA","BR",76,"BRL","2923035",NA,NA,"BRBA2923035",NA,"BRA.5.282_1"
"3dd70479",2022-11-28,919,12,NA,NA,NA,NA,NA,NA,NA,NA,0,0,0,0,0,0,0,1,2,0,0,3,5,1,-23.33,-13.89,-23.1,-25,3,"Brazil","Bahia","Novo Horizonte",-12.870258805,-42.1216713129772,12522,"BRA","BR",76,"BRL","2923035",NA,NA,"BRBA2923035",NA,"BRA.5.282_1"
"3dd70479",2022-11-29,919,12,NA,NA,30138,9943,9386,NA,NA,NA,0,0,0,0,0,0,0,1,2,0,0,3,5,1,-23.33,-13.89,-23.1,-25,3,"Brazil","Bahia","Novo Horizonte",-12.870258805,-42.1216713129772,12522,"BRA","BR",76,"BRL","2923035",NA,NA,"BRBA2923035",NA,"BRA.5.282_1"
"3dd70479",2022-11-30,919,12,NA,NA,NA,NA,NA,NA,NA,NA,0,0,0,0,0,0,0,1,2,0,0,3,5,1,-23.33,-13.89,-23.1,-25,3,"Brazil","Bahia","Novo Horizonte",-12.870258805,-42.1216713129772,12522,"BRA","BR",76,"BRL","2923035",NA,NA,"BRBA2923035",NA,"BRA.5.282_1"
"3dd70479",2022-12-01,919,12,NA,NA,NA,NA,NA,NA,NA,NA,0,0,0,0,0,0,0,1,2,0,0,3,5,1,-23.33,-13.89,-23.1,-25,3,"Brazil","Bahia","Novo Horizonte",-12.870258805,-42.1216713129772,12522,"BRA","BR",76,"BRL","2923035",NA,NA,"BRBA2923035",NA,"BRA.5.282_1"
"3dd70479",2022-12-02,920,12,NA,NA,30191,9943,9386,NA,NA,NA,0,0,0,0,0,0,0,1,2,0,0,3,5,1,-23.33,-13.89,-23.1,-25,3,"Brazil","Bahia","Novo Horizonte",-12.870258805,-42.1216713129772,12522,"BRA","BR",76,"BRL","2923035",NA,NA,"BRBA2923035",NA,"BRA.5.282_1"
"3dd70479",2022-12-03,920,12,NA,NA,NA,NA,NA,NA,NA,NA,0,0,0,0,0,0,0,1,2,0,0,3,5,1,-23.33,-13.89,-23.1,-25,3,"Brazil","Bahia","Novo Horizonte",-12.870258805,-42.1216713129772,12522,"BRA","BR",76,"BRL","2923035",NA,NA,"BRBA2923035",NA,"BRA.5.282_1"
"3dd70479",2022-12-04,920,12,NA,NA,NA,NA,NA,NA,NA,NA,0,0,0,0,0,0,0,1,2,0,0,3,5,1,-23.33,-13.89,-23.1,-25,3,"Brazil","Bahia","Novo Horizonte",-12.870258805,-42.1216713129772,12522,"BRA","BR",76,"BRL","2923035",NA,NA,"BRBA2923035",NA,"BRA.5.282_1"
"3dd70479",2022-12-05,920,12,NA,NA,NA,NA,NA,NA,NA,NA,0,0,0,0,0,0,0,1,2,0,0,3,5,1,-23.33,-13.89,-23.1,-25,3,"Brazil","Bahia","Novo Horizonte",-12.870258805,-42.1216713129772,12522,"BRA","BR",76,"BRL","2923035",NA,NA,"BRBA2923035",NA,"BRA.5.282_1"
"3dd70479",2022-12-06,920,12,NA,NA,30197,9943,9386,NA,NA,NA,0,0,0,0,0,0,0,1,2,0,0,3,5,1,-23.33,-13.89,-23.1,-25,3,"Brazil","Bahia","Novo Horizonte",-12.870258805,-42.1216713129772,12522,"BRA","BR",76,"BRL","2923035",NA,NA,"BRBA2923035",NA,"BRA.5.282_1"
"3dd70479",2022-12-07,920,12,NA,NA,30239,9943,9386,NA,NA,NA,0,0,0,0,0,0,0,1,2,0,0,3,5,1,-23.33,-13.89,-23.1,-25,3,"Brazil","Bahia","Novo Horizonte",-12.870258805,-42.1216713129772,12522,"BRA","BR",76,"BRL","2923035",NA,NA,"BRBA2923035",NA,"BRA.5.282_1"
"3dd70479",2022-12-08,920,12,NA,NA,NA,NA,NA,NA,NA,NA,0,0,0,0,0,0,0,1,2,0,0,2,5,1,-21.77,-13.89,-21.31,-25,3,"Brazil","Bahia","Novo Horizonte",-12.870258805,-42.1216713129772,12522,"BRA","BR",76,"BRL","2923035",NA,NA,"BRBA2923035",NA,"BRA.5.282_1"
"3dd70479",2022-12-09,920,12,NA,NA,NA,NA,NA,NA,NA,NA,0,0,0,0,0,0,0,1,2,0,0,2,5,1,-21.77,-13.89,-21.31,-25,3,"Brazil","Bahia","Novo Horizonte",-12.870258805,-42.1216713129772,12522,"BRA","BR",76,"BRL","2923035",NA,NA,"BRBA2923035",NA,"BRA.5.282_1"
"3dd70479",2022-12-10,920,12,NA,NA,NA,NA,NA,NA,NA,NA,0,0,0,0,0,0,0,1,2,0,0,2,5,1,-21.77,-13.89,-21.31,-25,3,"Brazil","Bahia","Novo Horizonte",-12.870258805,-42.1216713129772,12522,"BRA","BR",76,"BRL","2923035",NA,NA,"BRBA2923035",NA,"BRA.5.282_1"
"3dd70479",2022-12-11,920,12,NA,NA,NA,NA,NA,NA,NA,NA,0,0,0,0,0,0,0,1,2,0,0,2,5,1,-21.77,-13.89,-21.31,-25,3,"Brazil","Bahia","Novo Horizonte",-12.870258805,-42.1216713129772,12522,"BRA","BR",76,"BRL","2923035",NA,NA,"BRBA2923035",NA,"BRA.5.282_1"
"3dd70479",2022-12-12,922,12,NA,NA,30243,9946,9387,NA,NA,NA,0,0,0,0,0,0,0,1,2,0,0,2,5,1,-21.77,-13.89,-21.31,-25,3,"Brazil","Bahia","Novo Horizonte",-12.870258805,-42.1216713129772,12522,"BRA","BR",76,"BRL","2923035",NA,NA,"BRBA2923035",NA,"BRA.5.282_1"
"3dd70479",2022-12-13,922,12,NA,NA,NA,NA,NA,NA,NA,NA,0,0,0,0,0,0,0,1,2,0,0,2,5,1,-21.77,-13.89,-21.31,-25,3,"Brazil","Bahia","Novo Horizonte",-12.870258805,-42.1216713129772,12522,"BRA","BR",76,"BRL","2923035",NA,NA,"BRBA2923035",NA,"BRA.5.282_1"
"3dd70479",2022-12-14,922,12,NA,NA,NA,NA,NA,NA,NA,NA,0,0,0,0,0,0,0,1,2,0,0,2,5,1,-21.77,-13.89,-21.31,-25,3,"Brazil","Bahia","Novo Horizonte",-12.870258805,-42.1216713129772,12522,"BRA","BR",76,"BRL","2923035",NA,NA,"BRBA2923035",NA,"BRA.5.282_1"
"3dd70479",2022-12-15,925,12,NA,NA,30257,9948,9395,NA,NA,NA,0,0,0,0,0,0,0,1,2,0,0,2,5,1,-21.77,-13.89,-21.31,-25,3,"Brazil","Bahia","Novo Horizonte",-12.870258805,-42.1216713129772,12522,"BRA","BR",76,"BRL","2923035",NA,NA,"BRBA2923035",NA,"BRA.5.282_1"
"3dd70479",2022-12-16,925,12,NA,NA,30294,9957,9397,NA,NA,NA,0,0,0,0,0,0,0,1,2,0,0,2,5,1,-21.77,-13.89,-21.31,-25,3,"Brazil","Bahia","Novo Horizonte",-12.870258805,-42.1216713129772,12522,"BRA","BR",76,"BRL","2923035",NA,NA,"BRBA2923035",NA,"BRA.5.282_1"
"3dd70479",2022-12-17,926,12,NA,NA,30345,9957,9397,NA,NA,NA,0,0,0,0,0,0,0,1,2,0,0,2,5,1,-21.77,-13.89,-21.31,-25,3,"Brazil","Bahia","Novo Horizonte",-12.870258805,-42.1216713129772,12522,"BRA","BR",76,"BRL","2923035",NA,NA,"BRBA2923035",NA,"BRA.5.282_1"
"3dd70479",2022-12-18,931,12,NA,NA,NA,NA,NA,NA,NA,NA,0,0,0,0,0,0,0,1,2,0,0,2,5,1,-21.77,-13.89,-21.31,-25,3,"Brazil","Bahia","Novo Horizonte",-12.870258805,-42.1216713129772,12522,"BRA","BR",76,"BRL","2923035",NA,NA,"BRBA2923035",NA,"BRA.5.282_1"
"3dd70479",2022-12-19,931,12,NA,NA,NA,NA,NA,NA,NA,NA,0,0,0,0,0,0,0,1,2,0,0,2,5,1,-21.77,-13.89,-21.31,-25,3,"Brazil","Bahia","Novo Horizonte",-12.870258805,-42.1216713129772,12522,"BRA","BR",76,"BRL","2923035",NA,NA,"BRBA2923035",NA,"BRA.5.282_1"
"3dd70479",2022-12-20,936,12,NA,NA,NA,NA,NA,NA,NA,NA,0,0,0,0,0,0,0,1,2,0,0,2,5,1,-21.77,-13.89,-21.31,-25,3,"Brazil","Bahia","Novo Horizonte",-12.870258805,-42.1216713129772,12522,"BRA","BR",76,"BRL","2923035",NA,NA,"BRBA2923035",NA,"BRA.5.282_1"
"3dd70479",2022-12-21,946,12,NA,NA,NA,NA,NA,NA,NA,NA,0,0,0,0,0,0,0,1,2,0,0,2,5,1,-21.77,-13.89,-21.31,-25,3,"Brazil","Bahia","Novo Horizonte",-12.870258805,-42.1216713129772,12522,"BRA","BR",76,"BRL","2923035",NA,NA,"BRBA2923035",NA,"BRA.5.282_1"
"3dd70479",2022-12-22,956,12,NA,NA,NA,NA,NA,NA,NA,NA,0,0,0,0,0,0,0,1,2,0,0,2,5,1,-21.77,-13.89,-21.31,-25,3,"Brazil","Bahia","Novo Horizonte",-12.870258805,-42.1216713129772,12522,"BRA","BR",76,"BRL","2923035",NA,NA,"BRBA2923035",NA,"BRA.5.282_1"
"3dd70479",2022-12-23,956,12,NA,NA,30420,9981,9414,NA,NA,NA,0,0,0,0,0,0,0,1,2,0,0,2,5,1,-21.77,-13.89,-21.31,-25,3,"Brazil","Bahia","Novo Horizonte",-12.870258805,-42.1216713129772,12522,"BRA","BR",76,"BRL","2923035",NA,NA,"BRBA2923035",NA,"BRA.5.282_1"
"3dd70479",2022-12-24,956,12,NA,NA,NA,NA,NA,NA,NA,NA,0,0,0,0,0,0,0,1,2,0,0,2,5,1,-21.77,-13.89,-21.31,-25,3,"Brazil","Bahia","Novo Horizonte",-12.870258805,-42.1216713129772,12522,"BRA","BR",76,"BRL","2923035",NA,NA,"BRBA2923035",NA,"BRA.5.282_1"
"3dd70479",2022-12-25,956,12,NA,NA,NA,NA,NA,NA,NA,NA,0,0,0,0,0,0,0,1,2,0,0,2,5,1,-21.77,-13.89,-21.31,-25,3,"Brazil","Bahia","Novo Horizonte",-12.870258805,-42.1216713129772,12522,"BRA","BR",76,"BRL","2923035",NA,NA,"BRBA2923035",NA,"BRA.5.282_1"
"3dd70479",2022-12-26,956,12,NA,NA,NA,NA,NA,NA,NA,NA,0,0,0,0,0,0,0,1,2,0,0,2,5,1,-21.77,-13.89,-21.31,-25,3,"Brazil","Bahia","Novo Horizonte",-12.870258805,-42.1216713129772,12522,"BRA","BR",76,"BRL","2923035",NA,NA,"BRBA2923035",NA,"BRA.5.282_1"
"3dd70479",2022-12-27,956,12,NA,NA,NA,NA,NA,NA,NA,NA,0,0,0,0,0,0,0,1,2,0,0,2,5,1,-21.77,-13.89,-21.31,-25,3,"Brazil","Bahia","Novo Horizonte",-12.870258805,-42.1216713129772,12522,"BRA","BR",76,"BRL","2923035",NA,NA,"BRBA2923035",NA,"BRA.5.282_1"
"3dd70479",2022-12-28,956,12,NA,NA,NA,NA,NA,NA,NA,NA,0,0,0,0,0,0,0,1,2,0,0,2,5,1,-21.77,-13.89,-21.31,-25,3,"Brazil","Bahia","Novo Horizonte",-12.870258805,-42.1216713129772,12522,"BRA","BR",76,"BRL","2923035",NA,NA,"BRBA2923035",NA,"BRA.5.282_1"
"3dd70479",2022-12-29,956,12,NA,NA,NA,NA,NA,NA,NA,NA,0,0,0,0,0,0,0,1,2,0,0,2,5,1,-21.77,-13.89,-21.31,-25,3,"Brazil","Bahia","Novo Horizonte",-12.870258805,-42.1216713129772,12522,"BRA","BR",76,"BRL","2923035",NA,NA,"BRBA2923035",NA,"BRA.5.282_1"
"3dd70479",2022-12-30,956,12,NA,NA,NA,NA,NA,NA,NA,NA,0,0,0,0,0,0,0,1,2,0,0,2,5,1,-21.77,-13.89,-21.31,-25,3,"Brazil","Bahia","Novo Horizonte",-12.870258805,-42.1216713129772,12522,"BRA","BR",76,"BRL","2923035",NA,NA,"BRBA2923035",NA,"BRA.5.282_1"
"3dd70479",2022-12-31,956,12,NA,NA,NA,NA,NA,NA,NA,NA,0,0,0,0,0,0,0,1,2,0,0,2,5,1,-21.77,-13.89,-21.31,-25,3,"Brazil","Bahia","Novo Horizonte",-12.870258805,-42.1216713129772,12522,"BRA","BR",76,"BRL","2923035",NA,NA,"BRBA2923035",NA,"BRA.5.282_1"
"3dd70479",2023-01-01,956,12,NA,NA,NA,NA,NA,NA,NA,NA,NA,NA,NA,NA,NA,NA,NA,NA,NA,NA,NA,NA,NA,NA,NA,NA,NA,NA,3,"Brazil","Bahia","Novo Horizonte",-12.870258805,-42.1216713129772,12522,"BRA","BR",76,"BRL","2923035",NA,NA,"BRBA2923035",NA,"BRA.5.282_1"
"3dd70479",2023-01-02,956,12,NA,NA,NA,NA,NA,NA,NA,NA,NA,NA,NA,NA,NA,NA,NA,NA,NA,NA,NA,NA,NA,NA,NA,NA,NA,NA,3,"Brazil","Bahia","Novo Horizonte",-12.870258805,-42.1216713129772,12522,"BRA","BR",76,"BRL","2923035",NA,NA,"BRBA2923035",NA,"BRA.5.282_1"
"3dd70479",2023-01-03,956,12,NA,NA,NA,NA,NA,NA,NA,NA,NA,NA,NA,NA,NA,NA,NA,NA,NA,NA,NA,NA,NA,NA,NA,NA,NA,NA,3,"Brazil","Bahia","Novo Horizonte",-12.870258805,-42.1216713129772,12522,"BRA","BR",76,"BRL","2923035",NA,NA,"BRBA2923035",NA,"BRA.5.282_1"
"3dd70479",2023-01-04,956,12,NA,NA,NA,NA,NA,NA,NA,NA,NA,NA,NA,NA,NA,NA,NA,NA,NA,NA,NA,NA,NA,NA,NA,NA,NA,NA,3,"Brazil","Bahia","Novo Horizonte",-12.870258805,-42.1216713129772,12522,"BRA","BR",76,"BRL","2923035",NA,NA,"BRBA2923035",NA,"BRA.5.282_1"
"3dd70479",2023-01-05,956,12,NA,NA,NA,NA,NA,NA,NA,NA,NA,NA,NA,NA,NA,NA,NA,NA,NA,NA,NA,NA,NA,NA,NA,NA,NA,NA,3,"Brazil","Bahia","Novo Horizonte",-12.870258805,-42.1216713129772,12522,"BRA","BR",76,"BRL","2923035",NA,NA,"BRBA2923035",NA,"BRA.5.282_1"
"3dd70479",2023-01-06,956,12,NA,NA,30468,9987,9420,NA,NA,NA,NA,NA,NA,NA,NA,NA,NA,NA,NA,NA,NA,NA,NA,NA,NA,NA,NA,NA,3,"Brazil","Bahia","Novo Horizonte",-12.870258805,-42.1216713129772,12522,"BRA","BR",76,"BRL","2923035",NA,NA,"BRBA2923035",NA,"BRA.5.282_1"
"3dd70479",2023-01-07,956,12,NA,NA,NA,NA,NA,NA,NA,NA,NA,NA,NA,NA,NA,NA,NA,NA,NA,NA,NA,NA,NA,NA,NA,NA,NA,NA,3,"Brazil","Bahia","Novo Horizonte",-12.870258805,-42.1216713129772,12522,"BRA","BR",76,"BRL","2923035",NA,NA,"BRBA2923035",NA,"BRA.5.282_1"
"3dd70479",2023-01-08,956,12,NA,NA,NA,NA,NA,NA,NA,NA,NA,NA,NA,NA,NA,NA,NA,NA,NA,NA,NA,NA,NA,NA,NA,NA,NA,NA,3,"Brazil","Bahia","Novo Horizonte",-12.870258805,-42.1216713129772,12522,"BRA","BR",76,"BRL","2923035",NA,NA,"BRBA2923035",NA,"BRA.5.282_1"
"3dd70479",2023-01-09,957,12,NA,NA,NA,NA,NA,NA,NA,NA,NA,NA,NA,NA,NA,NA,NA,NA,NA,NA,NA,NA,NA,NA,NA,NA,NA,NA,3,"Brazil","Bahia","Novo Horizonte",-12.870258805,-42.1216713129772,12522,"BRA","BR",76,"BRL","2923035",NA,NA,"BRBA2923035",NA,"BRA.5.282_1"
"3dd70479",2023-01-10,957,12,NA,NA,NA,NA,NA,NA,NA,NA,NA,NA,NA,NA,NA,NA,NA,NA,NA,NA,NA,NA,NA,NA,NA,NA,NA,NA,3,"Brazil","Bahia","Novo Horizonte",-12.870258805,-42.1216713129772,12522,"BRA","BR",76,"BRL","2923035",NA,NA,"BRBA2923035",NA,"BRA.5.282_1"
"3dd70479",2023-01-11,963,12,NA,NA,NA,NA,NA,NA,NA,NA,NA,NA,NA,NA,NA,NA,NA,NA,NA,NA,NA,NA,NA,NA,NA,NA,NA,NA,3,"Brazil","Bahia","Novo Horizonte",-12.870258805,-42.1216713129772,12522,"BRA","BR",76,"BRL","2923035",NA,NA,"BRBA2923035",NA,"BRA.5.282_1"
"3dd70479",2023-01-12,963,12,NA,NA,30476,9987,9421,NA,NA,NA,NA,NA,NA,NA,NA,NA,NA,NA,NA,NA,NA,NA,NA,NA,NA,NA,NA,NA,3,"Brazil","Bahia","Novo Horizonte",-12.870258805,-42.1216713129772,12522,"BRA","BR",76,"BRL","2923035",NA,NA,"BRBA2923035",NA,"BRA.5.282_1"
"3dd70479",2023-01-13,964,12,NA,NA,30496,9990,9422,NA,NA,NA,NA,NA,NA,NA,NA,NA,NA,NA,NA,NA,NA,NA,NA,NA,NA,NA,NA,NA,3,"Brazil","Bahia","Novo Horizonte",-12.870258805,-42.1216713129772,12522,"BRA","BR",76,"BRL","2923035",NA,NA,"BRBA2923035",NA,"BRA.5.282_1"
"3dd70479",2023-01-14,964,12,NA,NA,NA,NA,NA,NA,NA,NA,NA,NA,NA,NA,NA,NA,NA,NA,NA,NA,NA,NA,NA,NA,NA,NA,NA,NA,3,"Brazil","Bahia","Novo Horizonte",-12.870258805,-42.1216713129772,12522,"BRA","BR",76,"BRL","2923035",NA,NA,"BRBA2923035",NA,"BRA.5.282_1"
"3dd70479",2023-01-15,964,12,NA,NA,NA,NA,NA,NA,NA,NA,NA,NA,NA,NA,NA,NA,NA,NA,NA,NA,NA,NA,NA,NA,NA,NA,NA,NA,3,"Brazil","Bahia","Novo Horizonte",-12.870258805,-42.1216713129772,12522,"BRA","BR",76,"BRL","2923035",NA,NA,"BRBA2923035",NA,"BRA.5.282_1"
"3dd70479",2023-01-16,964,12,NA,NA,30513,9997,9432,NA,NA,NA,NA,NA,NA,NA,NA,NA,NA,NA,NA,NA,NA,NA,NA,NA,NA,NA,NA,NA,3,"Brazil","Bahia","Novo Horizonte",-12.870258805,-42.1216713129772,12522,"BRA","BR",76,"BRL","2923035",NA,NA,"BRBA2923035",NA,"BRA.5.282_1"
"3dd70479",2023-01-17,964,12,NA,NA,30519,9997,9432,NA,NA,NA,NA,NA,NA,NA,NA,NA,NA,NA,NA,NA,NA,NA,NA,NA,NA,NA,NA,NA,3,"Brazil","Bahia","Novo Horizonte",-12.870258805,-42.1216713129772,12522,"BRA","BR",76,"BRL","2923035",NA,NA,"BRBA2923035",NA,"BRA.5.282_1"
"3dd70479",2023-01-18,964,12,NA,NA,NA,NA,NA,NA,NA,NA,NA,NA,NA,NA,NA,NA,NA,NA,NA,NA,NA,NA,NA,NA,NA,NA,NA,NA,3,"Brazil","Bahia","Novo Horizonte",-12.870258805,-42.1216713129772,12522,"BRA","BR",76,"BRL","2923035",NA,NA,"BRBA2923035",NA,"BRA.5.282_1"
"3dd70479",2023-01-19,964,12,NA,NA,NA,NA,NA,NA,NA,NA,NA,NA,NA,NA,NA,NA,NA,NA,NA,NA,NA,NA,NA,NA,NA,NA,NA,NA,3,"Brazil","Bahia","Novo Horizonte",-12.870258805,-42.1216713129772,12522,"BRA","BR",76,"BRL","2923035",NA,NA,"BRBA2923035",NA,"BRA.5.282_1"
"3dd70479",2023-01-20,964,12,NA,NA,30535,9997,9434,NA,NA,NA,NA,NA,NA,NA,NA,NA,NA,NA,NA,NA,NA,NA,NA,NA,NA,NA,NA,NA,3,"Brazil","Bahia","Novo Horizonte",-12.870258805,-42.1216713129772,12522,"BRA","BR",76,"BRL","2923035",NA,NA,"BRBA2923035",NA,"BRA.5.282_1"
"3dd70479",2023-01-21,964,12,NA,NA,NA,NA,NA,NA,NA,NA,NA,NA,NA,NA,NA,NA,NA,NA,NA,NA,NA,NA,NA,NA,NA,NA,NA,NA,3,"Brazil","Bahia","Novo Horizonte",-12.870258805,-42.1216713129772,12522,"BRA","BR",76,"BRL","2923035",NA,NA,"BRBA2923035",NA,"BRA.5.282_1"
"3dd70479",2023-01-22,964,12,NA,NA,NA,NA,NA,NA,NA,NA,NA,NA,NA,NA,NA,NA,NA,NA,NA,NA,NA,NA,NA,NA,NA,NA,NA,NA,3,"Brazil","Bahia","Novo Horizonte",-12.870258805,-42.1216713129772,12522,"BRA","BR",76,"BRL","2923035",NA,NA,"BRBA2923035",NA,"BRA.5.282_1"
"3dd70479",2023-01-23,964,12,NA,NA,NA,NA,NA,NA,NA,NA,NA,NA,NA,NA,NA,NA,NA,NA,NA,NA,NA,NA,NA,NA,NA,NA,NA,NA,3,"Brazil","Bahia","Novo Horizonte",-12.870258805,-42.1216713129772,12522,"BRA","BR",76,"BRL","2923035",NA,NA,"BRBA2923035",NA,"BRA.5.282_1"
"3dd70479",2023-01-24,964,12,NA,NA,NA,NA,NA,NA,NA,NA,NA,NA,NA,NA,NA,NA,NA,NA,NA,NA,NA,NA,NA,NA,NA,NA,NA,NA,3,"Brazil","Bahia","Novo Horizonte",-12.870258805,-42.1216713129772,12522,"BRA","BR",76,"BRL","2923035",NA,NA,"BRBA2923035",NA,"BRA.5.282_1"
"3dd70479",2023-01-25,964,12,NA,NA,NA,NA,NA,NA,NA,NA,NA,NA,NA,NA,NA,NA,NA,NA,NA,NA,NA,NA,NA,NA,NA,NA,NA,NA,3,"Brazil","Bahia","Novo Horizonte",-12.870258805,-42.1216713129772,12522,"BRA","BR",76,"BRL","2923035",NA,NA,"BRBA2923035",NA,"BRA.5.282_1"
"3dd70479",2023-01-26,964,12,NA,NA,NA,NA,NA,NA,NA,NA,NA,NA,NA,NA,NA,NA,NA,NA,NA,NA,NA,NA,NA,NA,NA,NA,NA,NA,3,"Brazil","Bahia","Novo Horizonte",-12.870258805,-42.1216713129772,12522,"BRA","BR",76,"BRL","2923035",NA,NA,"BRBA2923035",NA,"BRA.5.282_1"
"3dd70479",2023-01-27,964,12,NA,NA,30592,10006,9466,NA,NA,NA,NA,NA,NA,NA,NA,NA,NA,NA,NA,NA,NA,NA,NA,NA,NA,NA,NA,NA,3,"Brazil","Bahia","Novo Horizonte",-12.870258805,-42.1216713129772,12522,"BRA","BR",76,"BRL","2923035",NA,NA,"BRBA2923035",NA,"BRA.5.282_1"
"3dd70479",2023-01-28,964,12,NA,NA,NA,NA,NA,NA,NA,NA,NA,NA,NA,NA,NA,NA,NA,NA,NA,NA,NA,NA,NA,NA,NA,NA,NA,NA,3,"Brazil","Bahia","Novo Horizonte",-12.870258805,-42.1216713129772,12522,"BRA","BR",76,"BRL","2923035",NA,NA,"BRBA2923035",NA,"BRA.5.282_1"
"3dd70479",2023-01-29,964,12,NA,NA,NA,NA,NA,NA,NA,NA,NA,NA,NA,NA,NA,NA,NA,NA,NA,NA,NA,NA,NA,NA,NA,NA,NA,NA,3,"Brazil","Bahia","Novo Horizonte",-12.870258805,-42.1216713129772,12522,"BRA","BR",76,"BRL","2923035",NA,NA,"BRBA2923035",NA,"BRA.5.282_1"
"3dd70479",2023-01-30,964,12,NA,NA,30606,10006,9466,NA,NA,NA,NA,NA,NA,NA,NA,NA,NA,NA,NA,NA,NA,NA,NA,NA,NA,NA,NA,NA,3,"Brazil","Bahia","Novo Horizonte",-12.870258805,-42.1216713129772,12522,"BRA","BR",76,"BRL","2923035",NA,NA,"BRBA2923035",NA,"BRA.5.282_1"
"3dd70479",2023-01-31,964,12,NA,NA,NA,NA,NA,NA,NA,NA,NA,NA,NA,NA,NA,NA,NA,NA,NA,NA,NA,NA,NA,NA,NA,NA,NA,NA,3,"Brazil","Bahia","Novo Horizonte",-12.870258805,-42.1216713129772,12522,"BRA","BR",76,"BRL","2923035",NA,NA,"BRBA2923035",NA,"BRA.5.282_1"
"3dd70479",2023-02-01,964,12,NA,NA,NA,NA,NA,NA,NA,NA,NA,NA,NA,NA,NA,NA,NA,NA,NA,NA,NA,NA,NA,NA,NA,NA,NA,NA,3,"Brazil","Bahia","Novo Horizonte",-12.870258805,-42.1216713129772,12522,"BRA","BR",76,"BRL","2923035",NA,NA,"BRBA2923035",NA,"BRA.5.282_1"
"3dd70479",2023-02-02,964,12,NA,NA,NA,NA,NA,NA,NA,NA,NA,NA,NA,NA,NA,NA,NA,NA,NA,NA,NA,NA,NA,NA,NA,NA,NA,NA,3,"Brazil","Bahia","Novo Horizonte",-12.870258805,-42.1216713129772,12522,"BRA","BR",76,"BRL","2923035",NA,NA,"BRBA2923035",NA,"BRA.5.282_1"
"3dd70479",2023-02-03,964,12,NA,NA,30610,10006,9466,NA,NA,NA,NA,NA,NA,NA,NA,NA,NA,NA,NA,NA,NA,NA,NA,NA,NA,NA,NA,NA,3,"Brazil","Bahia","Novo Horizonte",-12.870258805,-42.1216713129772,12522,"BRA","BR",76,"BRL","2923035",NA,NA,"BRBA2923035",NA,"BRA.5.282_1"
"3dd70479",2023-02-04,964,12,NA,NA,NA,NA,NA,NA,NA,NA,NA,NA,NA,NA,NA,NA,NA,NA,NA,NA,NA,NA,NA,NA,NA,NA,NA,NA,3,"Brazil","Bahia","Novo Horizonte",-12.870258805,-42.1216713129772,12522,"BRA","BR",76,"BRL","2923035",NA,NA,"BRBA2923035",NA,"BRA.5.282_1"
"3dd70479",2023-02-05,964,12,NA,NA,NA,NA,NA,NA,NA,NA,NA,NA,NA,NA,NA,NA,NA,NA,NA,NA,NA,NA,NA,NA,NA,NA,NA,NA,3,"Brazil","Bahia","Novo Horizonte",-12.870258805,-42.1216713129772,12522,"BRA","BR",76,"BRL","2923035",NA,NA,"BRBA2923035",NA,"BRA.5.282_1"
"3dd70479",2023-02-06,964,12,NA,NA,NA,NA,NA,NA,NA,NA,NA,NA,NA,NA,NA,NA,NA,NA,NA,NA,NA,NA,NA,NA,NA,NA,NA,NA,3,"Brazil","Bahia","Novo Horizonte",-12.870258805,-42.1216713129772,12522,"BRA","BR",76,"BRL","2923035",NA,NA,"BRBA2923035",NA,"BRA.5.282_1"
"3dd70479",2023-02-07,964,12,NA,NA,NA,NA,NA,NA,NA,NA,NA,NA,NA,NA,NA,NA,NA,NA,NA,NA,NA,NA,NA,NA,NA,NA,NA,NA,3,"Brazil","Bahia","Novo Horizonte",-12.870258805,-42.1216713129772,12522,"BRA","BR",76,"BRL","2923035",NA,NA,"BRBA2923035",NA,"BRA.5.282_1"
"3dd70479",2023-02-08,964,12,NA,NA,NA,NA,NA,NA,NA,NA,NA,NA,NA,NA,NA,NA,NA,NA,NA,NA,NA,NA,NA,NA,NA,NA,NA,NA,3,"Brazil","Bahia","Novo Horizonte",-12.870258805,-42.1216713129772,12522,"BRA","BR",76,"BRL","2923035",NA,NA,"BRBA2923035",NA,"BRA.5.282_1"
"3dd70479",2023-02-09,964,12,NA,NA,NA,NA,NA,NA,NA,NA,NA,NA,NA,NA,NA,NA,NA,NA,NA,NA,NA,NA,NA,NA,NA,NA,NA,NA,3,"Brazil","Bahia","Novo Horizonte",-12.870258805,-42.1216713129772,12522,"BRA","BR",76,"BRL","2923035",NA,NA,"BRBA2923035",NA,"BRA.5.282_1"
"3dd70479",2023-02-10,964,12,NA,NA,30623,10007,9468,NA,NA,NA,NA,NA,NA,NA,NA,NA,NA,NA,NA,NA,NA,NA,NA,NA,NA,NA,NA,NA,3,"Brazil","Bahia","Novo Horizonte",-12.870258805,-42.1216713129772,12522,"BRA","BR",76,"BRL","2923035",NA,NA,"BRBA2923035",NA,"BRA.5.282_1"
"3dd70479",2023-02-11,964,12,NA,NA,NA,NA,NA,NA,NA,NA,NA,NA,NA,NA,NA,NA,NA,NA,NA,NA,NA,NA,NA,NA,NA,NA,NA,NA,3,"Brazil","Bahia","Novo Horizonte",-12.870258805,-42.1216713129772,12522,"BRA","BR",76,"BRL","2923035",NA,NA,"BRBA2923035",NA,"BRA.5.282_1"
"3dd70479",2023-02-12,964,12,NA,NA,NA,NA,NA,NA,NA,NA,NA,NA,NA,NA,NA,NA,NA,NA,NA,NA,NA,NA,NA,NA,NA,NA,NA,NA,3,"Brazil","Bahia","Novo Horizonte",-12.870258805,-42.1216713129772,12522,"BRA","BR",76,"BRL","2923035",NA,NA,"BRBA2923035",NA,"BRA.5.282_1"
"3dd70479",2023-02-13,964,12,NA,NA,30626,10007,9468,NA,NA,NA,NA,NA,NA,NA,NA,NA,NA,NA,NA,NA,NA,NA,NA,NA,NA,NA,NA,NA,3,"Brazil","Bahia","Novo Horizonte",-12.870258805,-42.1216713129772,12522,"BRA","BR",76,"BRL","2923035",NA,NA,"BRBA2923035",NA,"BRA.5.282_1"
"3dd70479",2023-02-14,964,12,NA,NA,NA,NA,NA,NA,NA,NA,NA,NA,NA,NA,NA,NA,NA,NA,NA,NA,NA,NA,NA,NA,NA,NA,NA,NA,3,"Brazil","Bahia","Novo Horizonte",-12.870258805,-42.1216713129772,12522,"BRA","BR",76,"BRL","2923035",NA,NA,"BRBA2923035",NA,"BRA.5.282_1"
"3dd70479",2023-02-15,964,12,NA,NA,30628,10007,9468,NA,NA,NA,NA,NA,NA,NA,NA,NA,NA,NA,NA,NA,NA,NA,NA,NA,NA,NA,NA,NA,3,"Brazil","Bahia","Novo Horizonte",-12.870258805,-42.1216713129772,12522,"BRA","BR",76,"BRL","2923035",NA,NA,"BRBA2923035",NA,"BRA.5.282_1"
"3dd70479",2023-02-16,964,12,NA,NA,30641,10007,9468,NA,NA,NA,NA,NA,NA,NA,NA,NA,NA,NA,NA,NA,NA,NA,NA,NA,NA,NA,NA,NA,3,"Brazil","Bahia","Novo Horizonte",-12.870258805,-42.1216713129772,12522,"BRA","BR",76,"BRL","2923035",NA,NA,"BRBA2923035",NA,"BRA.5.282_1"
"3dd70479",2023-02-17,964,12,NA,NA,30688,10023,9477,NA,NA,NA,NA,NA,NA,NA,NA,NA,NA,NA,NA,NA,NA,NA,NA,NA,NA,NA,NA,NA,3,"Brazil","Bahia","Novo Horizonte",-12.870258805,-42.1216713129772,12522,"BRA","BR",76,"BRL","2923035",NA,NA,"BRBA2923035",NA,"BRA.5.282_1"
"3dd70479",2023-02-18,964,12,NA,NA,NA,NA,NA,NA,NA,NA,NA,NA,NA,NA,NA,NA,NA,NA,NA,NA,NA,NA,NA,NA,NA,NA,NA,NA,3,"Brazil","Bahia","Novo Horizonte",-12.870258805,-42.1216713129772,12522,"BRA","BR",76,"BRL","2923035",NA,NA,"BRBA2923035",NA,"BRA.5.282_1"
"3dd70479",2023-02-19,964,12,NA,NA,NA,NA,NA,NA,NA,NA,NA,NA,NA,NA,NA,NA,NA,NA,NA,NA,NA,NA,NA,NA,NA,NA,NA,NA,3,"Brazil","Bahia","Novo Horizonte",-12.870258805,-42.1216713129772,12522,"BRA","BR",76,"BRL","2923035",NA,NA,"BRBA2923035",NA,"BRA.5.282_1"
"3dd70479",2023-02-20,964,12,NA,NA,NA,NA,NA,NA,NA,NA,NA,NA,NA,NA,NA,NA,NA,NA,NA,NA,NA,NA,NA,NA,NA,NA,NA,NA,3,"Brazil","Bahia","Novo Horizonte",-12.870258805,-42.1216713129772,12522,"BRA","BR",76,"BRL","2923035",NA,NA,"BRBA2923035",NA,"BRA.5.282_1"
"3dd70479",2023-02-21,964,12,NA,NA,NA,NA,NA,NA,NA,NA,NA,NA,NA,NA,NA,NA,NA,NA,NA,NA,NA,NA,NA,NA,NA,NA,NA,NA,3,"Brazil","Bahia","Novo Horizonte",-12.870258805,-42.1216713129772,12522,"BRA","BR",76,"BRL","2923035",NA,NA,"BRBA2923035",NA,"BRA.5.282_1"
"3dd70479",2023-02-22,964,12,NA,NA,NA,NA,NA,NA,NA,NA,NA,NA,NA,NA,NA,NA,NA,NA,NA,NA,NA,NA,NA,NA,NA,NA,NA,NA,3,"Brazil","Bahia","Novo Horizonte",-12.870258805,-42.1216713129772,12522,"BRA","BR",76,"BRL","2923035",NA,NA,"BRBA2923035",NA,"BRA.5.282_1"
"3dd70479",2023-02-23,964,12,NA,NA,NA,NA,NA,NA,NA,NA,NA,NA,NA,NA,NA,NA,NA,NA,NA,NA,NA,NA,NA,NA,NA,NA,NA,NA,3,"Brazil","Bahia","Novo Horizonte",-12.870258805,-42.1216713129772,12522,"BRA","BR",76,"BRL","2923035",NA,NA,"BRBA2923035",NA,"BRA.5.282_1"
"3dd70479",2023-02-24,964,12,NA,NA,30701,10024,9477,NA,NA,NA,NA,NA,NA,NA,NA,NA,NA,NA,NA,NA,NA,NA,NA,NA,NA,NA,NA,NA,3,"Brazil","Bahia","Novo Horizonte",-12.870258805,-42.1216713129772,12522,"BRA","BR",76,"BRL","2923035",NA,NA,"BRBA2923035",NA,"BRA.5.282_1"
"3dd70479",2023-02-25,964,12,NA,NA,NA,NA,NA,NA,NA,NA,NA,NA,NA,NA,NA,NA,NA,NA,NA,NA,NA,NA,NA,NA,NA,NA,NA,NA,3,"Brazil","Bahia","Novo Horizonte",-12.870258805,-42.1216713129772,12522,"BRA","BR",76,"BRL","2923035",NA,NA,"BRBA2923035",NA,"BRA.5.282_1"
"3dd70479",2023-02-26,964,12,NA,NA,NA,NA,NA,NA,NA,NA,NA,NA,NA,NA,NA,NA,NA,NA,NA,NA,NA,NA,NA,NA,NA,NA,NA,NA,3,"Brazil","Bahia","Novo Horizonte",-12.870258805,-42.1216713129772,12522,"BRA","BR",76,"BRL","2923035",NA,NA,"BRBA2923035",NA,"BRA.5.282_1"
"3dd70479",2023-02-27,964,12,NA,NA,NA,NA,NA,NA,NA,NA,NA,NA,NA,NA,NA,NA,NA,NA,NA,NA,NA,NA,NA,NA,NA,NA,NA,NA,3,"Brazil","Bahia","Novo Horizonte",-12.870258805,-42.1216713129772,12522,"BRA","BR",76,"BRL","2923035",NA,NA,"BRBA2923035",NA,"BRA.5.282_1"
"3dd70479",2023-02-28,964,12,NA,NA,NA,NA,NA,NA,NA,NA,NA,NA,NA,NA,NA,NA,NA,NA,NA,NA,NA,NA,NA,NA,NA,NA,NA,NA,3,"Brazil","Bahia","Novo Horizonte",-12.870258805,-42.1216713129772,12522,"BRA","BR",76,"BRL","2923035",NA,NA,"BRBA2923035",NA,"BRA.5.282_1"
"3dd70479",2023-03-01,964,12,NA,NA,NA,NA,NA,NA,NA,NA,NA,NA,NA,NA,NA,NA,NA,NA,NA,NA,NA,NA,NA,NA,NA,NA,NA,NA,3,"Brazil","Bahia","Novo Horizonte",-12.870258805,-42.1216713129772,12522,"BRA","BR",76,"BRL","2923035",NA,NA,"BRBA2923035",NA,"BRA.5.282_1"
"3dd70479",2023-03-02,964,12,NA,NA,NA,NA,NA,NA,NA,NA,NA,NA,NA,NA,NA,NA,NA,NA,NA,NA,NA,NA,NA,NA,NA,NA,NA,NA,3,"Brazil","Bahia","Novo Horizonte",-12.870258805,-42.1216713129772,12522,"BRA","BR",76,"BRL","2923035",NA,NA,"BRBA2923035",NA,"BRA.5.282_1"
"3dd70479",2023-03-03,964,12,NA,NA,30726,10032,9484,NA,NA,NA,NA,NA,NA,NA,NA,NA,NA,NA,NA,NA,NA,NA,NA,NA,NA,NA,NA,NA,3,"Brazil","Bahia","Novo Horizonte",-12.870258805,-42.1216713129772,12522,"BRA","BR",76,"BRL","2923035",NA,NA,"BRBA2923035",NA,"BRA.5.282_1"
"3dd70479",2023-03-04,964,12,NA,NA,NA,NA,NA,NA,NA,NA,NA,NA,NA,NA,NA,NA,NA,NA,NA,NA,NA,NA,NA,NA,NA,NA,NA,NA,3,"Brazil","Bahia","Novo Horizonte",-12.870258805,-42.1216713129772,12522,"BRA","BR",76,"BRL","2923035",NA,NA,"BRBA2923035",NA,"BRA.5.282_1"
"3dd70479",2023-03-05,964,12,NA,NA,NA,NA,NA,NA,NA,NA,NA,NA,NA,NA,NA,NA,NA,NA,NA,NA,NA,NA,NA,NA,NA,NA,NA,NA,3,"Brazil","Bahia","Novo Horizonte",-12.870258805,-42.1216713129772,12522,"BRA","BR",76,"BRL","2923035",NA,NA,"BRBA2923035",NA,"BRA.5.282_1"
"3dd70479",2023-03-06,964,12,NA,NA,NA,NA,NA,NA,NA,NA,NA,NA,NA,NA,NA,NA,NA,NA,NA,NA,NA,NA,NA,NA,NA,NA,NA,NA,3,"Brazil","Bahia","Novo Horizonte",-12.870258805,-42.1216713129772,12522,"BRA","BR",76,"BRL","2923035",NA,NA,"BRBA2923035",NA,"BRA.5.282_1"
"3dd70479",2023-03-07,964,12,NA,NA,30810,10076,9495,NA,NA,NA,NA,NA,NA,NA,NA,NA,NA,NA,NA,NA,NA,NA,NA,NA,NA,NA,NA,NA,3,"Brazil","Bahia","Novo Horizonte",-12.870258805,-42.1216713129772,12522,"BRA","BR",76,"BRL","2923035",NA,NA,"BRBA2923035",NA,"BRA.5.282_1"
"3dd70479",2023-03-08,964,12,NA,NA,NA,NA,NA,NA,NA,NA,NA,NA,NA,NA,NA,NA,NA,NA,NA,NA,NA,NA,NA,NA,NA,NA,NA,NA,3,"Brazil","Bahia","Novo Horizonte",-12.870258805,-42.1216713129772,12522,"BRA","BR",76,"BRL","2923035",NA,NA,"BRBA2923035",NA,"BRA.5.282_1"
"3dd70479",2023-03-09,964,12,NA,NA,NA,NA,NA,NA,NA,NA,NA,NA,NA,NA,NA,NA,NA,NA,NA,NA,NA,NA,NA,NA,NA,NA,NA,NA,3,"Brazil","Bahia","Novo Horizonte",-12.870258805,-42.1216713129772,12522,"BRA","BR",76,"BRL","2923035",NA,NA,"BRBA2923035",NA,"BRA.5.282_1"
"3dd70479",2023-03-10,964,12,NA,NA,30942,10076,9495,NA,NA,NA,NA,NA,NA,NA,NA,NA,NA,NA,NA,NA,NA,NA,NA,NA,NA,NA,NA,NA,3,"Brazil","Bahia","Novo Horizonte",-12.870258805,-42.1216713129772,12522,"BRA","BR",76,"BRL","2923035",NA,NA,"BRBA2923035",NA,"BRA.5.282_1"
"3dd70479",2023-03-11,964,12,NA,NA,NA,NA,NA,NA,NA,NA,NA,NA,NA,NA,NA,NA,NA,NA,NA,NA,NA,NA,NA,NA,NA,NA,NA,NA,3,"Brazil","Bahia","Novo Horizonte",-12.870258805,-42.1216713129772,12522,"BRA","BR",76,"BRL","2923035",NA,NA,"BRBA2923035",NA,"BRA.5.282_1"
"3dd70479",2023-03-12,964,12,NA,NA,NA,NA,NA,NA,NA,NA,NA,NA,NA,NA,NA,NA,NA,NA,NA,NA,NA,NA,NA,NA,NA,NA,NA,NA,3,"Brazil","Bahia","Novo Horizonte",-12.870258805,-42.1216713129772,12522,"BRA","BR",76,"BRL","2923035",NA,NA,"BRBA2923035",NA,"BRA.5.282_1"
"3dd70479",2023-03-13,964,12,NA,NA,NA,NA,NA,NA,NA,NA,NA,NA,NA,NA,NA,NA,NA,NA,NA,NA,NA,NA,NA,NA,NA,NA,NA,NA,3,"Brazil","Bahia","Novo Horizonte",-12.870258805,-42.1216713129772,12522,"BRA","BR",76,"BRL","2923035",NA,NA,"BRBA2923035",NA,"BRA.5.282_1"
"3dd70479",2023-03-14,964,12,NA,NA,NA,NA,NA,NA,NA,NA,NA,NA,NA,NA,NA,NA,NA,NA,NA,NA,NA,NA,NA,NA,NA,NA,NA,NA,3,"Brazil","Bahia","Novo Horizonte",-12.870258805,-42.1216713129772,12522,"BRA","BR",76,"BRL","2923035",NA,NA,"BRBA2923035",NA,"BRA.5.282_1"
"3dd70479",2023-03-15,964,12,NA,NA,30971,10076,9495,NA,NA,NA,NA,NA,NA,NA,NA,NA,NA,NA,NA,NA,NA,NA,NA,NA,NA,NA,NA,NA,3,"Brazil","Bahia","Novo Horizonte",-12.870258805,-42.1216713129772,12522,"BRA","BR",76,"BRL","2923035",NA,NA,"BRBA2923035",NA,"BRA.5.282_1"
"3dd70479",2023-03-16,964,12,NA,NA,NA,NA,NA,NA,NA,NA,NA,NA,NA,NA,NA,NA,NA,NA,NA,NA,NA,NA,NA,NA,NA,NA,NA,NA,3,"Brazil","Bahia","Novo Horizonte",-12.870258805,-42.1216713129772,12522,"BRA","BR",76,"BRL","2923035",NA,NA,"BRBA2923035",NA,"BRA.5.282_1"
"3dd70479",2023-03-17,964,12,NA,NA,31032,10087,9512,NA,NA,NA,NA,NA,NA,NA,NA,NA,NA,NA,NA,NA,NA,NA,NA,NA,NA,NA,NA,NA,3,"Brazil","Bahia","Novo Horizonte",-12.870258805,-42.1216713129772,12522,"BRA","BR",76,"BRL","2923035",NA,NA,"BRBA2923035",NA,"BRA.5.282_1"
"3dd70479",2023-03-18,964,12,NA,NA,NA,NA,NA,NA,NA,NA,NA,NA,NA,NA,NA,NA,NA,NA,NA,NA,NA,NA,NA,NA,NA,NA,NA,NA,3,"Brazil","Bahia","Novo Horizonte",-12.870258805,-42.1216713129772,12522,"BRA","BR",76,"BRL","2923035",NA,NA,"BRBA2923035",NA,"BRA.5.282_1"
"3dd70479",2023-03-22,NA,NA,NA,NA,31094,10087,9512,NA,NA,NA,NA,NA,NA,NA,NA,NA,NA,NA,NA,NA,NA,NA,NA,NA,NA,NA,NA,NA,3,"Brazil","Bahia","Novo Horizonte",-12.870258805,-42.1216713129772,12522,"BRA","BR",76,"BRL","2923035",NA,NA,"BRBA2923035",NA,"BRA.5.282_1"
"3dd70479",2023-03-24,NA,NA,NA,NA,31117,10088,9515,NA,NA,NA,NA,NA,NA,NA,NA,NA,NA,NA,NA,NA,NA,NA,NA,NA,NA,NA,NA,NA,3,"Brazil","Bahia","Novo Horizonte",-12.870258805,-42.1216713129772,12522,"BRA","BR",76,"BRL","2923035",NA,NA,"BRBA2923035",NA,"BRA.5.282_1"
"3dd70479",2023-03-29,NA,NA,NA,NA,31146,10088,9515,NA,NA,NA,NA,NA,NA,NA,NA,NA,NA,NA,NA,NA,NA,NA,NA,NA,NA,NA,NA,NA,3,"Brazil","Bahia","Novo Horizonte",-12.870258805,-42.1216713129772,12522,"BRA","BR",76,"BRL","2923035",NA,NA,"BRBA2923035",NA,"BRA.5.282_1"
"3dd70479",2023-04-02,NA,NA,NA,NA,31159,10088,9515,NA,NA,NA,NA,NA,NA,NA,NA,NA,NA,NA,NA,NA,NA,NA,NA,NA,NA,NA,NA,NA,3,"Brazil","Bahia","Novo Horizonte",-12.870258805,-42.1216713129772,12522,"BRA","BR",76,"BRL","2923035",NA,NA,"BRBA2923035",NA,"BRA.5.282_1"
"3dd70479",2023-04-04,NA,NA,NA,NA,31425,10088,9515,NA,NA,NA,NA,NA,NA,NA,NA,NA,NA,NA,NA,NA,NA,NA,NA,NA,NA,NA,NA,NA,3,"Brazil","Bahia","Novo Horizonte",-12.870258805,-42.1216713129772,12522,"BRA","BR",76,"BRL","2923035",NA,NA,"BRBA2923035",NA,"BRA.5.282_1"
"3dd70479",2023-04-05,NA,NA,NA,NA,31467,10088,9515,NA,NA,NA,NA,NA,NA,NA,NA,NA,NA,NA,NA,NA,NA,NA,NA,NA,NA,NA,NA,NA,3,"Brazil","Bahia","Novo Horizonte",-12.870258805,-42.1216713129772,12522,"BRA","BR",76,"BRL","2923035",NA,NA,"BRBA2923035",NA,"BRA.5.282_1"
"3dd70479",2023-04-06,NA,NA,NA,NA,31468,10088,9515,NA,NA,NA,NA,NA,NA,NA,NA,NA,NA,NA,NA,NA,NA,NA,NA,NA,NA,NA,NA,NA,3,"Brazil","Bahia","Novo Horizonte",-12.870258805,-42.1216713129772,12522,"BRA","BR",76,"BRL","2923035",NA,NA,"BRBA2923035",NA,"BRA.5.282_1"
"3dd70479",2023-04-12,NA,NA,NA,NA,31478,10088,9515,NA,NA,NA,NA,NA,NA,NA,NA,NA,NA,NA,NA,NA,NA,NA,NA,NA,NA,NA,NA,NA,3,"Brazil","Bahia","Novo Horizonte",-12.870258805,-42.1216713129772,12522,"BRA","BR",76,"BRL","2923035",NA,NA,"BRBA2923035",NA,"BRA.5.282_1"
"3dd70479",2023-04-13,NA,NA,NA,NA,31528,10088,9515,NA,NA,NA,NA,NA,NA,NA,NA,NA,NA,NA,NA,NA,NA,NA,NA,NA,NA,NA,NA,NA,3,"Brazil","Bahia","Novo Horizonte",-12.870258805,-42.1216713129772,12522,"BRA","BR",76,"BRL","2923035",NA,NA,"BRBA2923035",NA,"BRA.5.282_1"
"3dd70479",2023-04-14,NA,NA,NA,NA,31541,10090,9525,NA,NA,NA,NA,NA,NA,NA,NA,NA,NA,NA,NA,NA,NA,NA,NA,NA,NA,NA,NA,NA,3,"Brazil","Bahia","Novo Horizonte",-12.870258805,-42.1216713129772,12522,"BRA","BR",76,"BRL","2923035",NA,NA,"BRBA2923035",NA,"BRA.5.282_1"
"3dd70479",2023-04-20,NA,NA,NA,NA,31547,10090,9525,NA,NA,NA,NA,NA,NA,NA,NA,NA,NA,NA,NA,NA,NA,NA,NA,NA,NA,NA,NA,NA,3,"Brazil","Bahia","Novo Horizonte",-12.870258805,-42.1216713129772,12522,"BRA","BR",76,"BRL","2923035",NA,NA,"BRBA2923035",NA,"BRA.5.282_1"
"3dd70479",2023-04-27,NA,NA,NA,NA,31573,10090,9525,NA,NA,NA,NA,NA,NA,NA,NA,NA,NA,NA,NA,NA,NA,NA,NA,NA,NA,NA,NA,NA,3,"Brazil","Bahia","Novo Horizonte",-12.870258805,-42.1216713129772,12522,"BRA","BR",76,"BRL","2923035",NA,NA,"BRBA2923035",NA,"BRA.5.282_1"
"3dd70479",2023-04-28,NA,NA,NA,NA,31582,10090,9527,NA,NA,NA,NA,NA,NA,NA,NA,NA,NA,NA,NA,NA,NA,NA,NA,NA,NA,NA,NA,NA,3,"Brazil","Bahia","Novo Horizonte",-12.870258805,-42.1216713129772,12522,"BRA","BR",76,"BRL","2923035",NA,NA,"BRBA2923035",NA,"BRA.5.282_1"
"3dd70479",2023-05-02,NA,NA,NA,NA,31615,10090,9527,NA,NA,NA,NA,NA,NA,NA,NA,NA,NA,NA,NA,NA,NA,NA,NA,NA,NA,NA,NA,NA,3,"Brazil","Bahia","Novo Horizonte",-12.870258805,-42.1216713129772,12522,"BRA","BR",76,"BRL","2923035",NA,NA,"BRBA2923035",NA,"BRA.5.282_1"
"3dd70479",2023-05-03,NA,NA,NA,NA,31624,10091,9533,NA,NA,NA,NA,NA,NA,NA,NA,NA,NA,NA,NA,NA,NA,NA,NA,NA,NA,NA,NA,NA,3,"Brazil","Bahia","Novo Horizonte",-12.870258805,-42.1216713129772,12522,"BRA","BR",76,"BRL","2923035",NA,NA,"BRBA2923035",NA,"BRA.5.282_1"
"3dd70479",2023-05-06,NA,NA,NA,NA,31668,10092,9543,NA,NA,NA,NA,NA,NA,NA,NA,NA,NA,NA,NA,NA,NA,NA,NA,NA,NA,NA,NA,NA,3,"Brazil","Bahia","Novo Horizonte",-12.870258805,-42.1216713129772,12522,"BRA","BR",76,"BRL","2923035",NA,NA,"BRBA2923035",NA,"BRA.5.282_1"
"3dd70479",2023-05-10,NA,NA,NA,NA,31680,10092,9543,NA,NA,NA,NA,NA,NA,NA,NA,NA,NA,NA,NA,NA,NA,NA,NA,NA,NA,NA,NA,NA,3,"Brazil","Bahia","Novo Horizonte",-12.870258805,-42.1216713129772,12522,"BRA","BR",76,"BRL","2923035",NA,NA,"BRBA2923035",NA,"BRA.5.282_1"
"3dd70479",2023-05-12,NA,NA,NA,NA,31709,10094,9550,NA,NA,NA,NA,NA,NA,NA,NA,NA,NA,NA,NA,NA,NA,NA,NA,NA,NA,NA,NA,NA,3,"Brazil","Bahia","Novo Horizonte",-12.870258805,-42.1216713129772,12522,"BRA","BR",76,"BRL","2923035",NA,NA,"BRBA2923035",NA,"BRA.5.282_1"
"3dd70479",2023-05-16,NA,NA,NA,NA,31795,10094,9550,NA,NA,NA,NA,NA,NA,NA,NA,NA,NA,NA,NA,NA,NA,NA,NA,NA,NA,NA,NA,NA,3,"Brazil","Bahia","Novo Horizonte",-12.870258805,-42.1216713129772,12522,"BRA","BR",76,"BRL","2923035",NA,NA,"BRBA2923035",NA,"BRA.5.282_1"
"3dd70479",2023-05-18,NA,NA,NA,NA,31797,10094,9550,NA,NA,NA,NA,NA,NA,NA,NA,NA,NA,NA,NA,NA,NA,NA,NA,NA,NA,NA,NA,NA,3,"Brazil","Bahia","Novo Horizonte",-12.870258805,-42.1216713129772,12522,"BRA","BR",76,"BRL","2923035",NA,NA,"BRBA2923035",NA,"BRA.5.282_1"
"3dd70479",2023-05-19,NA,NA,NA,NA,31860,10095,9552,NA,NA,NA,NA,NA,NA,NA,NA,NA,NA,NA,NA,NA,NA,NA,NA,NA,NA,NA,NA,NA,3,"Brazil","Bahia","Novo Horizonte",-12.870258805,-42.1216713129772,12522,"BRA","BR",76,"BRL","2923035",NA,NA,"BRBA2923035",NA,"BRA.5.282_1"
"3dd70479",2023-05-24,NA,NA,NA,NA,31957,10095,9553,NA,NA,NA,NA,NA,NA,NA,NA,NA,NA,NA,NA,NA,NA,NA,NA,NA,NA,NA,NA,NA,3,"Brazil","Bahia","Novo Horizonte",-12.870258805,-42.1216713129772,12522,"BRA","BR",76,"BRL","2923035",NA,NA,"BRBA2923035",NA,"BRA.5.282_1"
"3dd70479",2023-05-25,NA,NA,NA,NA,31962,10095,9558,NA,NA,NA,NA,NA,NA,NA,NA,NA,NA,NA,NA,NA,NA,NA,NA,NA,NA,NA,NA,NA,3,"Brazil","Bahia","Novo Horizonte",-12.870258805,-42.1216713129772,12522,"BRA","BR",76,"BRL","2923035",NA,NA,"BRBA2923035",NA,"BRA.5.282_1"
"3dd70479",2023-05-26,NA,NA,NA,NA,31992,10095,9559,NA,NA,NA,NA,NA,NA,NA,NA,NA,NA,NA,NA,NA,NA,NA,NA,NA,NA,NA,NA,NA,3,"Brazil","Bahia","Novo Horizonte",-12.870258805,-42.1216713129772,12522,"BRA","BR",76,"BRL","2923035",NA,NA,"BRBA2923035",NA,"BRA.5.282_1"
"3dd70479",2023-05-31,NA,NA,NA,NA,31999,10095,9559,NA,NA,NA,NA,NA,NA,NA,NA,NA,NA,NA,NA,NA,NA,NA,NA,NA,NA,NA,NA,NA,3,"Brazil","Bahia","Novo Horizonte",-12.870258805,-42.1216713129772,12522,"BRA","BR",76,"BRL","2923035",NA,NA,"BRBA2923035",NA,"BRA.5.282_1"
"3dd70479",2023-06-01,NA,NA,NA,NA,32006,10096,9559,NA,NA,NA,NA,NA,NA,NA,NA,NA,NA,NA,NA,NA,NA,NA,NA,NA,NA,NA,NA,NA,3,"Brazil","Bahia","Novo Horizonte",-12.870258805,-42.1216713129772,12522,"BRA","BR",76,"BRL","2923035",NA,NA,"BRBA2923035",NA,"BRA.5.282_1"
"3dd70479",2023-06-07,NA,NA,NA,NA,32024,10096,9559,NA,NA,NA,NA,NA,NA,NA,NA,NA,NA,NA,NA,NA,NA,NA,NA,NA,NA,NA,NA,NA,3,"Brazil","Bahia","Novo Horizonte",-12.870258805,-42.1216713129772,12522,"BRA","BR",76,"BRL","2923035",NA,NA,"BRBA2923035",NA,"BRA.5.282_1"
"3dd70479",2023-06-14,NA,NA,NA,NA,32045,10096,9568,NA,NA,NA,NA,NA,NA,NA,NA,NA,NA,NA,NA,NA,NA,NA,NA,NA,NA,NA,NA,NA,3,"Brazil","Bahia","Novo Horizonte",-12.870258805,-42.1216713129772,12522,"BRA","BR",76,"BRL","2923035",NA,NA,"BRBA2923035",NA,"BRA.5.282_1"
"3dd70479",2023-06-15,NA,NA,NA,NA,32064,10096,9568,NA,NA,NA,NA,NA,NA,NA,NA,NA,NA,NA,NA,NA,NA,NA,NA,NA,NA,NA,NA,NA,3,"Brazil","Bahia","Novo Horizonte",-12.870258805,-42.1216713129772,12522,"BRA","BR",76,"BRL","2923035",NA,NA,"BRBA2923035",NA,"BRA.5.282_1"
"3dd70479",2023-06-16,NA,NA,NA,NA,32077,10100,9570,NA,NA,NA,NA,NA,NA,NA,NA,NA,NA,NA,NA,NA,NA,NA,NA,NA,NA,NA,NA,NA,3,"Brazil","Bahia","Novo Horizonte",-12.870258805,-42.1216713129772,12522,"BRA","BR",76,"BRL","2923035",NA,NA,"BRBA2923035",NA,"BRA.5.282_1"
"3dd70479",2023-06-23,NA,NA,NA,NA,32087,10102,9573,NA,NA,NA,NA,NA,NA,NA,NA,NA,NA,NA,NA,NA,NA,NA,NA,NA,NA,NA,NA,NA,3,"Brazil","Bahia","Novo Horizonte",-12.870258805,-42.1216713129772,12522,"BRA","BR",76,"BRL","2923035",NA,NA,"BRBA2923035",NA,"BRA.5.282_1"
"3dd70479",2023-06-28,NA,NA,NA,NA,32107,10107,9578,NA,NA,NA,NA,NA,NA,NA,NA,NA,NA,NA,NA,NA,NA,NA,NA,NA,NA,NA,NA,NA,3,"Brazil","Bahia","Novo Horizonte",-12.870258805,-42.1216713129772,12522,"BRA","BR",76,"BRL","2923035",NA,NA,"BRBA2923035",NA,"BRA.5.282_1"
"3dd70479",2023-06-29,NA,NA,NA,NA,32153,10107,9578,NA,NA,NA,NA,NA,NA,NA,NA,NA,NA,NA,NA,NA,NA,NA,NA,NA,NA,NA,NA,NA,3,"Brazil","Bahia","Novo Horizonte",-12.870258805,-42.1216713129772,12522,"BRA","BR",76,"BRL","2923035",NA,NA,"BRBA2923035",NA,"BRA.5.282_1"
"3dd70479",2023-07-05,NA,NA,NA,NA,32159,10107,9578,NA,NA,NA,NA,NA,NA,NA,NA,NA,NA,NA,NA,NA,NA,NA,NA,NA,NA,NA,NA,NA,3,"Brazil","Bahia","Novo Horizonte",-12.870258805,-42.1216713129772,12522,"BRA","BR",76,"BRL","2923035",NA,NA,"BRBA2923035",NA,"BRA.5.282_1"
"3dd70479",2023-07-07,NA,NA,NA,NA,32171,10107,9579,NA,NA,NA,NA,NA,NA,NA,NA,NA,NA,NA,NA,NA,NA,NA,NA,NA,NA,NA,NA,NA,3,"Brazil","Bahia","Novo Horizonte",-12.870258805,-42.1216713129772,12522,"BRA","BR",76,"BRL","2923035",NA,NA,"BRBA2923035",NA,"BRA.5.282_1"
"3dd70479",2023-07-14,NA,NA,NA,NA,32181,10107,9581,NA,NA,NA,NA,NA,NA,NA,NA,NA,NA,NA,NA,NA,NA,NA,NA,NA,NA,NA,NA,NA,3,"Brazil","Bahia","Novo Horizonte",-12.870258805,-42.1216713129772,12522,"BRA","BR",76,"BRL","2923035",NA,NA,"BRBA2923035",NA,"BRA.5.282_1"
"3dd70479",2023-07-18,NA,NA,NA,NA,32186,10107,9581,NA,NA,NA,NA,NA,NA,NA,NA,NA,NA,NA,NA,NA,NA,NA,NA,NA,NA,NA,NA,NA,3,"Brazil","Bahia","Novo Horizonte",-12.870258805,-42.1216713129772,12522,"BRA","BR",76,"BRL","2923035",NA,NA,"BRBA2923035",NA,"BRA.5.282_1"
"3dd70479",2023-07-21,NA,NA,NA,NA,32207,10107,9582,NA,NA,NA,NA,NA,NA,NA,NA,NA,NA,NA,NA,NA,NA,NA,NA,NA,NA,NA,NA,NA,3,"Brazil","Bahia","Novo Horizonte",-12.870258805,-42.1216713129772,12522,"BRA","BR",76,"BRL","2923035",NA,NA,"BRBA2923035",NA,"BRA.5.282_1"
"3dd70479",2023-07-24,NA,NA,NA,NA,32214,10107,9582,NA,NA,NA,NA,NA,NA,NA,NA,NA,NA,NA,NA,NA,NA,NA,NA,NA,NA,NA,NA,NA,3,"Brazil","Bahia","Novo Horizonte",-12.870258805,-42.1216713129772,12522,"BRA","BR",76,"BRL","2923035",NA,NA,"BRBA2923035",NA,"BRA.5.282_1"
"3dd70479",2023-07-28,NA,NA,NA,NA,32219,10109,9582,NA,NA,NA,NA,NA,NA,NA,NA,NA,NA,NA,NA,NA,NA,NA,NA,NA,NA,NA,NA,NA,3,"Brazil","Bahia","Novo Horizonte",-12.870258805,-42.1216713129772,12522,"BRA","BR",76,"BRL","2923035",NA,NA,"BRBA2923035",NA,"BRA.5.282_1"
"3dd70479",2023-08-01,NA,NA,NA,NA,32235,10109,9582,NA,NA,NA,NA,NA,NA,NA,NA,NA,NA,NA,NA,NA,NA,NA,NA,NA,NA,NA,NA,NA,3,"Brazil","Bahia","Novo Horizonte",-12.870258805,-42.1216713129772,12522,"BRA","BR",76,"BRL","2923035",NA,NA,"BRBA2923035",NA,"BRA.5.282_1"
"3dd70479",2023-08-09,NA,NA,NA,NA,32236,10110,9582,NA,NA,NA,NA,NA,NA,NA,NA,NA,NA,NA,NA,NA,NA,NA,NA,NA,NA,NA,NA,NA,3,"Brazil","Bahia","Novo Horizonte",-12.870258805,-42.1216713129772,12522,"BRA","BR",76,"BRL","2923035",NA,NA,"BRBA2923035",NA,"BRA.5.282_1"
"3dd70479",2023-08-11,NA,NA,NA,NA,32252,10110,9583,NA,NA,NA,NA,NA,NA,NA,NA,NA,NA,NA,NA,NA,NA,NA,NA,NA,NA,NA,NA,NA,3,"Brazil","Bahia","Novo Horizonte",-12.870258805,-42.1216713129772,12522,"BRA","BR",76,"BRL","2923035",NA,NA,"BRBA2923035",NA,"BRA.5.282_1"
"3dd70479",2023-08-16,NA,NA,NA,NA,32256,10110,9583,NA,NA,NA,NA,NA,NA,NA,NA,NA,NA,NA,NA,NA,NA,NA,NA,NA,NA,NA,NA,NA,3,"Brazil","Bahia","Novo Horizonte",-12.870258805,-42.1216713129772,12522,"BRA","BR",76,"BRL","2923035",NA,NA,"BRBA2923035",NA,"BRA.5.282_1"
"3dd70479",2023-08-18,NA,NA,NA,NA,32261,10111,9584,NA,NA,NA,NA,NA,NA,NA,NA,NA,NA,NA,NA,NA,NA,NA,NA,NA,NA,NA,NA,NA,3,"Brazil","Bahia","Novo Horizonte",-12.870258805,-42.1216713129772,12522,"BRA","BR",76,"BRL","2923035",NA,NA,"BRBA2923035",NA,"BRA.5.282_1"
"3dd70479",2023-08-23,NA,NA,NA,NA,32264,10111,9584,NA,NA,NA,NA,NA,NA,NA,NA,NA,NA,NA,NA,NA,NA,NA,NA,NA,NA,NA,NA,NA,3,"Brazil","Bahia","Novo Horizonte",-12.870258805,-42.1216713129772,12522,"BRA","BR",76,"BRL","2923035",NA,NA,"BRBA2923035",NA,"BRA.5.282_1"
"3dd70479",2023-08-25,NA,NA,NA,NA,32273,10113,9585,NA,NA,NA,NA,NA,NA,NA,NA,NA,NA,NA,NA,NA,NA,NA,NA,NA,NA,NA,NA,NA,3,"Brazil","Bahia","Novo Horizonte",-12.870258805,-42.1216713129772,12522,"BRA","BR",76,"BRL","2923035",NA,NA,"BRBA2923035",NA,"BRA.5.282_1"
"3dd70479",2023-09-01,NA,NA,NA,NA,32285,10113,9586,NA,NA,NA,NA,NA,NA,NA,NA,NA,NA,NA,NA,NA,NA,NA,NA,NA,NA,NA,NA,NA,3,"Brazil","Bahia","Novo Horizonte",-12.870258805,-42.1216713129772,12522,"BRA","BR",76,"BRL","2923035",NA,NA,"BRBA2923035",NA,"BRA.5.282_1"
"3dd70479",2023-09-05,NA,NA,NA,NA,32293,10113,9587,NA,NA,NA,NA,NA,NA,NA,NA,NA,NA,NA,NA,NA,NA,NA,NA,NA,NA,NA,NA,NA,3,"Brazil","Bahia","Novo Horizonte",-12.870258805,-42.1216713129772,12522,"BRA","BR",76,"BRL","2923035",NA,NA,"BRBA2923035",NA,"BRA.5.282_1"
"3dd70479",2023-09-08,NA,NA,NA,NA,32295,10113,9589,NA,NA,NA,NA,NA,NA,NA,NA,NA,NA,NA,NA,NA,NA,NA,NA,NA,NA,NA,NA,NA,3,"Brazil","Bahia","Novo Horizonte",-12.870258805,-42.1216713129772,12522,"BRA","BR",76,"BRL","2923035",NA,NA,"BRBA2923035",NA,"BRA.5.282_1"
"3dd70479",2023-09-22,NA,NA,NA,NA,32297,10114,9590,NA,NA,NA,NA,NA,NA,NA,NA,NA,NA,NA,NA,NA,NA,NA,NA,NA,NA,NA,NA,NA,3,"Brazil","Bahia","Novo Horizonte",-12.870258805,-42.1216713129772,12522,"BRA","BR",76,"BRL","2923035",NA,NA,"BRBA2923035",NA,"BRA.5.282_1"
