"id","date","confirmed","deaths","recovered","tests","vaccines","people_vaccinated","people_fully_vaccinated","hosp","icu","vent","school_closing","workplace_closing","cancel_events","gatherings_restrictions","transport_closing","stay_home_restrictions","internal_movement_restrictions","international_movement_restrictions","information_campaigns","testing_policy","contact_tracing","facial_coverings","vaccination_policy","elderly_people_protection","government_response_index","stringency_index","containment_health_index","economic_support_index","administrative_area_level","administrative_area_level_1","administrative_area_level_2","administrative_area_level_3","latitude","longitude","population","iso_alpha_3","iso_alpha_2","iso_numeric","iso_currency","key_local","key_google_mobility","key_apple_mobility","key_jhu_csse","key_nuts","key_gadm"
"efabdd1c",2020-04-01,1,0,NA,NA,NA,NA,NA,NA,NA,NA,3,3,2,0,0,1,-2,4,2,0,0,0,0,2,-50,-67.59,-48.21,-62.5,3,"Brazil","Maranhão","Açailândia",-4.70297599,-47.2219367927226,113121,"BRA","BR",76,"BRL","2100055","ChIJGyee5TH0xZIRLnyJmgHMmac",NA,"BRMA2100055",NA,"BRA.10.1_1"
"efabdd1c",2020-04-02,1,0,NA,NA,NA,NA,NA,NA,NA,NA,3,3,2,0,0,1,-2,4,2,0,0,0,0,2,-50,-67.59,-48.21,-62.5,3,"Brazil","Maranhão","Açailândia",-4.70297599,-47.2219367927226,113121,"BRA","BR",76,"BRL","2100055","ChIJGyee5TH0xZIRLnyJmgHMmac",NA,"BRMA2100055",NA,"BRA.10.1_1"
"efabdd1c",2020-04-03,1,0,NA,NA,NA,NA,NA,NA,NA,NA,3,3,2,0,0,1,-2,4,2,0,0,-3,0,2,-53.91,-67.59,-52.68,-62.5,3,"Brazil","Maranhão","Açailândia",-4.70297599,-47.2219367927226,113121,"BRA","BR",76,"BRL","2100055","ChIJGyee5TH0xZIRLnyJmgHMmac",NA,"BRMA2100055",NA,"BRA.10.1_1"
"efabdd1c",2020-04-04,1,0,NA,NA,NA,NA,NA,NA,NA,NA,3,3,2,0,0,1,-2,4,2,0,0,-3,0,2,-53.91,-67.59,-52.68,-62.5,3,"Brazil","Maranhão","Açailândia",-4.70297599,-47.2219367927226,113121,"BRA","BR",76,"BRL","2100055","ChIJGyee5TH0xZIRLnyJmgHMmac",NA,"BRMA2100055",NA,"BRA.10.1_1"
"efabdd1c",2020-04-05,1,0,NA,NA,NA,NA,NA,NA,NA,NA,3,3,2,0,0,1,-2,4,2,0,0,-3,0,2,-53.91,-67.59,-52.68,-62.5,3,"Brazil","Maranhão","Açailândia",-4.70297599,-47.2219367927226,113121,"BRA","BR",76,"BRL","2100055","ChIJGyee5TH0xZIRLnyJmgHMmac",NA,"BRMA2100055",NA,"BRA.10.1_1"
"efabdd1c",2020-04-06,1,0,NA,NA,NA,NA,NA,NA,NA,NA,3,3,2,0,0,1,-2,4,2,0,0,-3,0,2,-53.91,-67.59,-52.68,-62.5,3,"Brazil","Maranhão","Açailândia",-4.70297599,-47.2219367927226,113121,"BRA","BR",76,"BRL","2100055","ChIJGyee5TH0xZIRLnyJmgHMmac",NA,"BRMA2100055",NA,"BRA.10.1_1"
"efabdd1c",2020-04-07,1,0,NA,NA,NA,NA,NA,NA,NA,NA,3,3,2,0,0,1,-2,4,2,0,0,-3,0,2,-53.91,-67.59,-52.68,-62.5,3,"Brazil","Maranhão","Açailândia",-4.70297599,-47.2219367927226,113121,"BRA","BR",76,"BRL","2100055","ChIJGyee5TH0xZIRLnyJmgHMmac",NA,"BRMA2100055",NA,"BRA.10.1_1"
"efabdd1c",2020-04-08,1,0,NA,NA,NA,NA,NA,NA,NA,NA,3,3,2,0,0,1,-2,4,2,0,0,-3,0,2,-53.91,-67.59,-52.68,-62.5,3,"Brazil","Maranhão","Açailândia",-4.70297599,-47.2219367927226,113121,"BRA","BR",76,"BRL","2100055","ChIJGyee5TH0xZIRLnyJmgHMmac",NA,"BRMA2100055",NA,"BRA.10.1_1"
"efabdd1c",2020-04-09,1,0,NA,NA,NA,NA,NA,NA,NA,NA,3,3,2,0,0,1,-2,4,2,0,0,-3,0,2,-53.91,-67.59,-52.68,-62.5,3,"Brazil","Maranhão","Açailândia",-4.70297599,-47.2219367927226,113121,"BRA","BR",76,"BRL","2100055","ChIJGyee5TH0xZIRLnyJmgHMmac",NA,"BRMA2100055",NA,"BRA.10.1_1"
"efabdd1c",2020-04-10,1,0,NA,NA,NA,NA,NA,NA,NA,NA,3,3,2,0,0,1,-2,4,2,0,0,-3,0,2,-53.91,-67.59,-52.68,-62.5,3,"Brazil","Maranhão","Açailândia",-4.70297599,-47.2219367927226,113121,"BRA","BR",76,"BRL","2100055","ChIJGyee5TH0xZIRLnyJmgHMmac",NA,"BRMA2100055",NA,"BRA.10.1_1"
"efabdd1c",2020-04-11,1,0,NA,NA,NA,NA,NA,NA,NA,NA,3,3,2,2,0,1,-2,4,2,0,0,-3,0,3,-59.11,-73.15,-58.63,-62.5,3,"Brazil","Maranhão","Açailândia",-4.70297599,-47.2219367927226,113121,"BRA","BR",76,"BRL","2100055","ChIJGyee5TH0xZIRLnyJmgHMmac",NA,"BRMA2100055",NA,"BRA.10.1_1"
"efabdd1c",2020-04-12,1,0,NA,NA,NA,NA,NA,NA,NA,NA,3,3,2,2,0,1,-2,4,2,0,0,-3,0,3,-59.11,-73.15,-58.63,-62.5,3,"Brazil","Maranhão","Açailândia",-4.70297599,-47.2219367927226,113121,"BRA","BR",76,"BRL","2100055","ChIJGyee5TH0xZIRLnyJmgHMmac",NA,"BRMA2100055",NA,"BRA.10.1_1"
"efabdd1c",2020-04-13,1,0,NA,NA,NA,NA,NA,NA,NA,NA,3,3,2,2,0,1,-2,4,2,0,0,-3,0,3,-59.11,-73.15,-58.63,-62.5,3,"Brazil","Maranhão","Açailândia",-4.70297599,-47.2219367927226,113121,"BRA","BR",76,"BRL","2100055","ChIJGyee5TH0xZIRLnyJmgHMmac",NA,"BRMA2100055",NA,"BRA.10.1_1"
"efabdd1c",2020-04-14,1,0,NA,NA,NA,NA,NA,NA,NA,NA,3,3,2,2,0,1,-2,4,2,0,0,-3,0,3,-59.11,-73.15,-58.63,-62.5,3,"Brazil","Maranhão","Açailândia",-4.70297599,-47.2219367927226,113121,"BRA","BR",76,"BRL","2100055","ChIJGyee5TH0xZIRLnyJmgHMmac",NA,"BRMA2100055",NA,"BRA.10.1_1"
"efabdd1c",2020-04-15,1,0,NA,NA,NA,NA,NA,NA,NA,NA,3,3,2,2,0,1,-2,4,2,0,0,-4,0,3,-60.68,-73.15,-60.42,-62.5,3,"Brazil","Maranhão","Açailândia",-4.70297599,-47.2219367927226,113121,"BRA","BR",76,"BRL","2100055","ChIJGyee5TH0xZIRLnyJmgHMmac",NA,"BRMA2100055",NA,"BRA.10.1_1"
"efabdd1c",2020-04-16,1,0,NA,NA,NA,NA,NA,NA,NA,NA,3,3,2,2,0,1,-2,4,2,0,0,-4,0,3,-60.68,-73.15,-60.42,-62.5,3,"Brazil","Maranhão","Açailândia",-4.70297599,-47.2219367927226,113121,"BRA","BR",76,"BRL","2100055","ChIJGyee5TH0xZIRLnyJmgHMmac",NA,"BRMA2100055",NA,"BRA.10.1_1"
"efabdd1c",2020-04-17,1,0,NA,NA,NA,NA,NA,NA,NA,NA,3,3,2,2,0,1,-2,4,2,0,0,-4,0,3,-60.68,-73.15,-60.42,-62.5,3,"Brazil","Maranhão","Açailândia",-4.70297599,-47.2219367927226,113121,"BRA","BR",76,"BRL","2100055","ChIJGyee5TH0xZIRLnyJmgHMmac",NA,"BRMA2100055",NA,"BRA.10.1_1"
"efabdd1c",2020-04-18,1,0,NA,NA,NA,NA,NA,NA,NA,NA,3,3,2,2,0,1,-2,4,2,0,0,-4,0,3,-60.68,-73.15,-60.42,-62.5,3,"Brazil","Maranhão","Açailândia",-4.70297599,-47.2219367927226,113121,"BRA","BR",76,"BRL","2100055","ChIJGyee5TH0xZIRLnyJmgHMmac",NA,"BRMA2100055",NA,"BRA.10.1_1"
"efabdd1c",2020-04-19,1,0,NA,NA,NA,NA,NA,NA,NA,NA,3,3,2,2,0,1,-2,4,2,0,0,-4,0,3,-60.68,-73.15,-60.42,-62.5,3,"Brazil","Maranhão","Açailândia",-4.70297599,-47.2219367927226,113121,"BRA","BR",76,"BRL","2100055","ChIJGyee5TH0xZIRLnyJmgHMmac",NA,"BRMA2100055",NA,"BRA.10.1_1"
"efabdd1c",2020-04-20,2,0,NA,NA,NA,NA,NA,NA,NA,NA,3,3,2,2,0,1,-2,4,2,0,0,4,0,3,-61.46,-73.15,-61.31,-62.5,3,"Brazil","Maranhão","Açailândia",-4.70297599,-47.2219367927226,113121,"BRA","BR",76,"BRL","2100055","ChIJGyee5TH0xZIRLnyJmgHMmac",NA,"BRMA2100055",NA,"BRA.10.1_1"
"efabdd1c",2020-04-21,8,0,NA,NA,NA,NA,NA,NA,NA,NA,3,3,2,2,0,1,-2,4,2,0,0,4,0,3,-61.46,-73.15,-61.31,-62.5,3,"Brazil","Maranhão","Açailândia",-4.70297599,-47.2219367927226,113121,"BRA","BR",76,"BRL","2100055","ChIJGyee5TH0xZIRLnyJmgHMmac",NA,"BRMA2100055",NA,"BRA.10.1_1"
"efabdd1c",2020-04-22,8,0,NA,NA,NA,NA,NA,NA,NA,NA,3,3,2,2,0,1,-2,4,2,0,0,4,0,3,-61.46,-73.15,-61.31,-62.5,3,"Brazil","Maranhão","Açailândia",-4.70297599,-47.2219367927226,113121,"BRA","BR",76,"BRL","2100055","ChIJGyee5TH0xZIRLnyJmgHMmac",NA,"BRMA2100055",NA,"BRA.10.1_1"
"efabdd1c",2020-04-23,12,0,NA,NA,NA,NA,NA,NA,NA,NA,3,3,2,2,0,1,-2,4,2,0,0,4,0,3,-61.46,-73.15,-61.31,-62.5,3,"Brazil","Maranhão","Açailândia",-4.70297599,-47.2219367927226,113121,"BRA","BR",76,"BRL","2100055","ChIJGyee5TH0xZIRLnyJmgHMmac",NA,"BRMA2100055",NA,"BRA.10.1_1"
"efabdd1c",2020-04-24,11,0,NA,NA,NA,NA,NA,NA,NA,NA,3,3,2,2,0,1,-2,4,2,0,0,4,0,3,-61.46,-73.15,-61.31,-62.5,3,"Brazil","Maranhão","Açailândia",-4.70297599,-47.2219367927226,113121,"BRA","BR",76,"BRL","2100055","ChIJGyee5TH0xZIRLnyJmgHMmac",NA,"BRMA2100055",NA,"BRA.10.1_1"
"efabdd1c",2020-04-25,11,0,NA,NA,NA,NA,NA,NA,NA,NA,3,3,2,2,0,1,-2,4,2,0,0,4,0,3,-61.46,-73.15,-61.31,-62.5,3,"Brazil","Maranhão","Açailândia",-4.70297599,-47.2219367927226,113121,"BRA","BR",76,"BRL","2100055","ChIJGyee5TH0xZIRLnyJmgHMmac",NA,"BRMA2100055",NA,"BRA.10.1_1"
"efabdd1c",2020-04-26,12,0,NA,NA,NA,NA,NA,NA,NA,NA,3,3,2,2,0,1,-2,4,2,0,0,4,0,3,-61.46,-73.15,-61.31,-62.5,3,"Brazil","Maranhão","Açailândia",-4.70297599,-47.2219367927226,113121,"BRA","BR",76,"BRL","2100055","ChIJGyee5TH0xZIRLnyJmgHMmac",NA,"BRMA2100055",NA,"BRA.10.1_1"
"efabdd1c",2020-04-27,12,0,NA,NA,NA,NA,NA,NA,NA,NA,3,3,2,2,0,1,1,4,2,0,0,4,0,3,-59.9,-70.37,-59.52,-62.5,3,"Brazil","Maranhão","Açailândia",-4.70297599,-47.2219367927226,113121,"BRA","BR",76,"BRL","2100055","ChIJGyee5TH0xZIRLnyJmgHMmac",NA,"BRMA2100055",NA,"BRA.10.1_1"
"efabdd1c",2020-04-28,15,0,NA,NA,NA,NA,NA,NA,NA,NA,3,3,2,2,0,1,1,4,2,0,0,4,0,3,-59.9,-70.37,-59.52,-62.5,3,"Brazil","Maranhão","Açailândia",-4.70297599,-47.2219367927226,113121,"BRA","BR",76,"BRL","2100055","ChIJGyee5TH0xZIRLnyJmgHMmac",NA,"BRMA2100055",NA,"BRA.10.1_1"
"efabdd1c",2020-04-29,17,0,NA,NA,NA,NA,NA,NA,NA,NA,3,3,2,2,0,1,1,4,2,0,0,4,0,3,-59.9,-70.37,-59.52,-62.5,3,"Brazil","Maranhão","Açailândia",-4.70297599,-47.2219367927226,113121,"BRA","BR",76,"BRL","2100055","ChIJGyee5TH0xZIRLnyJmgHMmac",NA,"BRMA2100055",NA,"BRA.10.1_1"
"efabdd1c",2020-04-30,18,0,NA,NA,NA,NA,NA,NA,NA,NA,3,3,2,2,0,1,1,4,2,0,0,4,0,3,-59.9,-70.37,-59.52,-62.5,3,"Brazil","Maranhão","Açailândia",-4.70297599,-47.2219367927226,113121,"BRA","BR",76,"BRL","2100055","ChIJGyee5TH0xZIRLnyJmgHMmac",NA,"BRMA2100055",NA,"BRA.10.1_1"
"efabdd1c",2020-05-01,24,0,NA,NA,NA,NA,NA,NA,NA,NA,3,3,2,2,0,1,1,4,2,0,0,4,0,3,-59.9,-70.37,-59.52,-62.5,3,"Brazil","Maranhão","Açailândia",-4.70297599,-47.2219367927226,113121,"BRA","BR",76,"BRL","2100055","ChIJGyee5TH0xZIRLnyJmgHMmac",NA,"BRMA2100055",NA,"BRA.10.1_1"
"efabdd1c",2020-05-02,27,0,NA,NA,NA,NA,NA,NA,NA,NA,3,3,2,2,0,1,1,4,2,0,0,4,0,3,-59.9,-70.37,-59.52,-62.5,3,"Brazil","Maranhão","Açailândia",-4.70297599,-47.2219367927226,113121,"BRA","BR",76,"BRL","2100055","ChIJGyee5TH0xZIRLnyJmgHMmac",NA,"BRMA2100055",NA,"BRA.10.1_1"
"efabdd1c",2020-05-03,27,0,NA,NA,NA,NA,NA,NA,NA,NA,3,3,2,2,0,1,1,4,2,0,0,4,0,3,-59.9,-70.37,-59.52,-62.5,3,"Brazil","Maranhão","Açailândia",-4.70297599,-47.2219367927226,113121,"BRA","BR",76,"BRL","2100055","ChIJGyee5TH0xZIRLnyJmgHMmac",NA,"BRMA2100055",NA,"BRA.10.1_1"
"efabdd1c",2020-05-04,27,0,NA,NA,NA,NA,NA,NA,NA,NA,3,3,2,2,0,1,1,4,2,0,0,4,0,3,-59.9,-70.37,-59.52,-62.5,3,"Brazil","Maranhão","Açailândia",-4.70297599,-47.2219367927226,113121,"BRA","BR",76,"BRL","2100055","ChIJGyee5TH0xZIRLnyJmgHMmac",NA,"BRMA2100055",NA,"BRA.10.1_1"
"efabdd1c",2020-05-05,27,0,NA,NA,NA,NA,NA,NA,NA,NA,3,3,2,2,-1,-2,-2,4,2,0,0,4,0,3,-64.06,-77.78,-64.29,-62.5,3,"Brazil","Maranhão","Açailândia",-4.70297599,-47.2219367927226,113121,"BRA","BR",76,"BRL","2100055","ChIJGyee5TH0xZIRLnyJmgHMmac",NA,"BRMA2100055",NA,"BRA.10.1_1"
"efabdd1c",2020-05-06,38,0,NA,NA,NA,NA,NA,NA,NA,NA,3,3,2,2,-1,-2,-2,4,2,2,0,4,0,3,-68.23,-77.78,-69.05,-62.5,3,"Brazil","Maranhão","Açailândia",-4.70297599,-47.2219367927226,113121,"BRA","BR",76,"BRL","2100055","ChIJGyee5TH0xZIRLnyJmgHMmac",NA,"BRMA2100055",NA,"BRA.10.1_1"
"efabdd1c",2020-05-07,38,0,NA,NA,NA,NA,NA,NA,NA,NA,3,3,2,2,-1,-2,-2,4,2,2,0,4,0,3,-68.23,-77.78,-69.05,-62.5,3,"Brazil","Maranhão","Açailândia",-4.70297599,-47.2219367927226,113121,"BRA","BR",76,"BRL","2100055","ChIJGyee5TH0xZIRLnyJmgHMmac",NA,"BRMA2100055",NA,"BRA.10.1_1"
"efabdd1c",2020-05-08,51,0,NA,NA,NA,NA,NA,NA,NA,NA,3,3,2,2,-1,-2,-2,4,2,2,0,4,0,3,-68.23,-77.78,-69.05,-62.5,3,"Brazil","Maranhão","Açailândia",-4.70297599,-47.2219367927226,113121,"BRA","BR",76,"BRL","2100055","ChIJGyee5TH0xZIRLnyJmgHMmac",NA,"BRMA2100055",NA,"BRA.10.1_1"
"efabdd1c",2020-05-09,73,0,NA,NA,NA,NA,NA,NA,NA,NA,3,3,2,2,-1,-2,-2,4,2,2,0,4,0,3,-68.23,-77.78,-69.05,-62.5,3,"Brazil","Maranhão","Açailândia",-4.70297599,-47.2219367927226,113121,"BRA","BR",76,"BRL","2100055","ChIJGyee5TH0xZIRLnyJmgHMmac",NA,"BRMA2100055",NA,"BRA.10.1_1"
"efabdd1c",2020-05-10,76,0,NA,NA,NA,NA,NA,NA,NA,NA,3,3,2,2,-1,-2,-2,4,2,2,0,4,0,3,-68.23,-77.78,-69.05,-62.5,3,"Brazil","Maranhão","Açailândia",-4.70297599,-47.2219367927226,113121,"BRA","BR",76,"BRL","2100055","ChIJGyee5TH0xZIRLnyJmgHMmac",NA,"BRMA2100055",NA,"BRA.10.1_1"
"efabdd1c",2020-05-11,76,0,NA,NA,NA,NA,NA,NA,NA,NA,3,3,2,2,-1,-2,-2,4,2,2,0,4,0,3,-68.23,-77.78,-69.05,-62.5,3,"Brazil","Maranhão","Açailândia",-4.70297599,-47.2219367927226,113121,"BRA","BR",76,"BRL","2100055","ChIJGyee5TH0xZIRLnyJmgHMmac",NA,"BRMA2100055",NA,"BRA.10.1_1"
"efabdd1c",2020-05-12,84,2,NA,NA,NA,NA,NA,NA,NA,NA,3,3,2,2,-1,-2,-2,4,2,2,0,4,0,3,-68.23,-77.78,-69.05,-62.5,3,"Brazil","Maranhão","Açailândia",-4.70297599,-47.2219367927226,113121,"BRA","BR",76,"BRL","2100055","ChIJGyee5TH0xZIRLnyJmgHMmac",NA,"BRMA2100055",NA,"BRA.10.1_1"
"efabdd1c",2020-05-13,100,2,NA,NA,NA,NA,NA,NA,NA,NA,3,3,2,2,-1,-2,-2,4,2,2,0,4,0,3,-68.23,-77.78,-69.05,-62.5,3,"Brazil","Maranhão","Açailândia",-4.70297599,-47.2219367927226,113121,"BRA","BR",76,"BRL","2100055","ChIJGyee5TH0xZIRLnyJmgHMmac",NA,"BRMA2100055",NA,"BRA.10.1_1"
"efabdd1c",2020-05-14,120,2,NA,NA,NA,NA,NA,NA,NA,NA,3,3,2,2,-1,-2,-2,4,2,2,0,4,0,3,-68.23,-77.78,-69.05,-62.5,3,"Brazil","Maranhão","Açailândia",-4.70297599,-47.2219367927226,113121,"BRA","BR",76,"BRL","2100055","ChIJGyee5TH0xZIRLnyJmgHMmac",NA,"BRMA2100055",NA,"BRA.10.1_1"
"efabdd1c",2020-05-15,127,2,NA,NA,NA,NA,NA,NA,NA,NA,3,3,2,2,-1,-2,-2,4,2,2,0,4,0,3,-68.23,-77.78,-69.05,-62.5,3,"Brazil","Maranhão","Açailândia",-4.70297599,-47.2219367927226,113121,"BRA","BR",76,"BRL","2100055","ChIJGyee5TH0xZIRLnyJmgHMmac",NA,"BRMA2100055",NA,"BRA.10.1_1"
"efabdd1c",2020-05-16,136,2,NA,NA,NA,NA,NA,NA,NA,NA,3,3,2,2,-1,-2,-2,4,2,2,0,4,0,3,-68.23,-77.78,-69.05,-62.5,3,"Brazil","Maranhão","Açailândia",-4.70297599,-47.2219367927226,113121,"BRA","BR",76,"BRL","2100055","ChIJGyee5TH0xZIRLnyJmgHMmac",NA,"BRMA2100055",NA,"BRA.10.1_1"
"efabdd1c",2020-05-17,142,2,NA,NA,NA,NA,NA,NA,NA,NA,3,3,2,2,-1,-2,-2,4,2,2,0,4,0,3,-68.23,-77.78,-69.05,-62.5,3,"Brazil","Maranhão","Açailândia",-4.70297599,-47.2219367927226,113121,"BRA","BR",76,"BRL","2100055","ChIJGyee5TH0xZIRLnyJmgHMmac",NA,"BRMA2100055",NA,"BRA.10.1_1"
"efabdd1c",2020-05-18,152,2,NA,NA,NA,NA,NA,NA,NA,NA,3,3,2,2,-1,1,0,4,2,2,0,4,0,3,-62.5,-67.59,-62.5,-62.5,3,"Brazil","Maranhão","Açailândia",-4.70297599,-47.2219367927226,113121,"BRA","BR",76,"BRL","2100055","ChIJGyee5TH0xZIRLnyJmgHMmac",NA,"BRMA2100055",NA,"BRA.10.1_1"
"efabdd1c",2020-05-19,152,2,NA,NA,NA,NA,NA,NA,NA,NA,3,3,2,2,-1,1,0,4,2,2,0,4,0,3,-62.5,-67.59,-62.5,-62.5,3,"Brazil","Maranhão","Açailândia",-4.70297599,-47.2219367927226,113121,"BRA","BR",76,"BRL","2100055","ChIJGyee5TH0xZIRLnyJmgHMmac",NA,"BRMA2100055",NA,"BRA.10.1_1"
"efabdd1c",2020-05-20,173,2,NA,NA,NA,NA,NA,NA,NA,NA,3,3,2,2,-1,1,0,4,2,2,0,4,0,3,-62.5,-67.59,-62.5,-62.5,3,"Brazil","Maranhão","Açailândia",-4.70297599,-47.2219367927226,113121,"BRA","BR",76,"BRL","2100055","ChIJGyee5TH0xZIRLnyJmgHMmac",NA,"BRMA2100055",NA,"BRA.10.1_1"
"efabdd1c",2020-05-21,187,2,NA,NA,NA,NA,NA,NA,NA,NA,3,3,2,2,-1,1,0,4,2,2,0,4,0,3,-62.5,-67.59,-62.5,-62.5,3,"Brazil","Maranhão","Açailândia",-4.70297599,-47.2219367927226,113121,"BRA","BR",76,"BRL","2100055","ChIJGyee5TH0xZIRLnyJmgHMmac",NA,"BRMA2100055",NA,"BRA.10.1_1"
"efabdd1c",2020-05-22,188,3,NA,NA,NA,NA,NA,NA,NA,NA,3,3,2,2,-1,1,0,4,2,2,0,4,0,3,-62.5,-67.59,-62.5,-62.5,3,"Brazil","Maranhão","Açailândia",-4.70297599,-47.2219367927226,113121,"BRA","BR",76,"BRL","2100055","ChIJGyee5TH0xZIRLnyJmgHMmac",NA,"BRMA2100055",NA,"BRA.10.1_1"
"efabdd1c",2020-05-23,215,3,NA,NA,NA,NA,NA,NA,NA,NA,3,3,2,2,-1,1,0,4,2,2,0,4,0,3,-62.5,-67.59,-62.5,-62.5,3,"Brazil","Maranhão","Açailândia",-4.70297599,-47.2219367927226,113121,"BRA","BR",76,"BRL","2100055","ChIJGyee5TH0xZIRLnyJmgHMmac",NA,"BRMA2100055",NA,"BRA.10.1_1"
"efabdd1c",2020-05-24,434,3,NA,NA,NA,NA,NA,NA,NA,NA,3,3,2,2,-1,1,0,4,2,2,0,4,0,3,-62.5,-67.59,-62.5,-62.5,3,"Brazil","Maranhão","Açailândia",-4.70297599,-47.2219367927226,113121,"BRA","BR",76,"BRL","2100055","ChIJGyee5TH0xZIRLnyJmgHMmac",NA,"BRMA2100055",NA,"BRA.10.1_1"
"efabdd1c",2020-05-25,434,3,NA,NA,NA,NA,NA,NA,NA,NA,3,3,2,2,-1,1,0,4,2,2,0,4,0,3,-62.5,-67.59,-62.5,-62.5,3,"Brazil","Maranhão","Açailândia",-4.70297599,-47.2219367927226,113121,"BRA","BR",76,"BRL","2100055","ChIJGyee5TH0xZIRLnyJmgHMmac",NA,"BRMA2100055",NA,"BRA.10.1_1"
"efabdd1c",2020-05-26,512,3,NA,NA,NA,NA,NA,NA,NA,NA,3,3,2,2,-1,1,0,4,2,2,0,4,0,3,-62.5,-67.59,-62.5,-62.5,3,"Brazil","Maranhão","Açailândia",-4.70297599,-47.2219367927226,113121,"BRA","BR",76,"BRL","2100055","ChIJGyee5TH0xZIRLnyJmgHMmac",NA,"BRMA2100055",NA,"BRA.10.1_1"
"efabdd1c",2020-05-27,513,3,NA,NA,NA,NA,NA,NA,NA,NA,3,3,2,2,-1,1,0,4,2,2,0,4,0,3,-62.5,-67.59,-62.5,-62.5,3,"Brazil","Maranhão","Açailândia",-4.70297599,-47.2219367927226,113121,"BRA","BR",76,"BRL","2100055","ChIJGyee5TH0xZIRLnyJmgHMmac",NA,"BRMA2100055",NA,"BRA.10.1_1"
"efabdd1c",2020-05-28,513,3,NA,NA,NA,NA,NA,NA,NA,NA,3,3,2,2,-1,1,0,4,2,2,0,4,0,3,-62.5,-67.59,-62.5,-62.5,3,"Brazil","Maranhão","Açailândia",-4.70297599,-47.2219367927226,113121,"BRA","BR",76,"BRL","2100055","ChIJGyee5TH0xZIRLnyJmgHMmac",NA,"BRMA2100055",NA,"BRA.10.1_1"
"efabdd1c",2020-05-29,737,3,NA,NA,NA,NA,NA,NA,NA,NA,3,3,2,2,-1,1,0,4,2,2,0,4,0,3,-62.5,-67.59,-62.5,-62.5,3,"Brazil","Maranhão","Açailândia",-4.70297599,-47.2219367927226,113121,"BRA","BR",76,"BRL","2100055","ChIJGyee5TH0xZIRLnyJmgHMmac",NA,"BRMA2100055",NA,"BRA.10.1_1"
"efabdd1c",2020-05-30,795,3,NA,NA,NA,NA,NA,NA,NA,NA,3,3,2,2,-1,1,0,4,2,2,0,4,0,3,-62.5,-67.59,-62.5,-62.5,3,"Brazil","Maranhão","Açailândia",-4.70297599,-47.2219367927226,113121,"BRA","BR",76,"BRL","2100055","ChIJGyee5TH0xZIRLnyJmgHMmac",NA,"BRMA2100055",NA,"BRA.10.1_1"
"efabdd1c",2020-05-31,795,3,NA,NA,NA,NA,NA,NA,NA,NA,3,3,2,2,-1,1,0,4,2,2,0,4,0,3,-62.5,-67.59,-62.5,-62.5,3,"Brazil","Maranhão","Açailândia",-4.70297599,-47.2219367927226,113121,"BRA","BR",76,"BRL","2100055","ChIJGyee5TH0xZIRLnyJmgHMmac",NA,"BRMA2100055",NA,"BRA.10.1_1"
"efabdd1c",2020-06-01,817,3,NA,NA,NA,NA,NA,NA,NA,NA,3,2,2,2,-1,1,0,4,2,2,0,4,0,3,-60.42,-63.89,-60.12,-62.5,3,"Brazil","Maranhão","Açailândia",-4.70297599,-47.2219367927226,113121,"BRA","BR",76,"BRL","2100055","ChIJGyee5TH0xZIRLnyJmgHMmac",NA,"BRMA2100055",NA,"BRA.10.1_1"
"efabdd1c",2020-06-02,902,3,NA,NA,NA,NA,NA,NA,NA,NA,3,2,2,2,-1,1,1,4,2,2,0,4,0,3,-63.54,-69.44,-63.69,-62.5,3,"Brazil","Maranhão","Açailândia",-4.70297599,-47.2219367927226,113121,"BRA","BR",76,"BRL","2100055","ChIJGyee5TH0xZIRLnyJmgHMmac",NA,"BRMA2100055",NA,"BRA.10.1_1"
"efabdd1c",2020-06-03,1088,3,NA,NA,NA,NA,NA,NA,NA,NA,3,2,2,2,-1,1,1,4,2,2,0,4,0,3,-63.54,-69.44,-63.69,-62.5,3,"Brazil","Maranhão","Açailândia",-4.70297599,-47.2219367927226,113121,"BRA","BR",76,"BRL","2100055","ChIJGyee5TH0xZIRLnyJmgHMmac",NA,"BRMA2100055",NA,"BRA.10.1_1"
"efabdd1c",2020-06-04,1332,3,NA,NA,NA,NA,NA,NA,NA,NA,3,2,2,2,-1,1,1,4,2,2,0,4,0,3,-63.54,-69.44,-63.69,-62.5,3,"Brazil","Maranhão","Açailândia",-4.70297599,-47.2219367927226,113121,"BRA","BR",76,"BRL","2100055","ChIJGyee5TH0xZIRLnyJmgHMmac",NA,"BRMA2100055",NA,"BRA.10.1_1"
"efabdd1c",2020-06-05,1543,13,NA,NA,NA,NA,NA,NA,NA,NA,3,2,2,2,-1,1,1,4,2,2,0,4,0,3,-63.54,-69.44,-63.69,-62.5,3,"Brazil","Maranhão","Açailândia",-4.70297599,-47.2219367927226,113121,"BRA","BR",76,"BRL","2100055","ChIJGyee5TH0xZIRLnyJmgHMmac",NA,"BRMA2100055",NA,"BRA.10.1_1"
"efabdd1c",2020-06-06,1722,17,NA,NA,NA,NA,NA,NA,NA,NA,3,2,2,2,-1,1,1,4,2,2,0,4,0,3,-63.54,-69.44,-63.69,-62.5,3,"Brazil","Maranhão","Açailândia",-4.70297599,-47.2219367927226,113121,"BRA","BR",76,"BRL","2100055","ChIJGyee5TH0xZIRLnyJmgHMmac",NA,"BRMA2100055",NA,"BRA.10.1_1"
"efabdd1c",2020-06-07,1743,19,NA,NA,NA,NA,NA,NA,NA,NA,3,2,2,2,-1,1,1,4,2,2,0,4,0,3,-63.54,-69.44,-63.69,-62.5,3,"Brazil","Maranhão","Açailândia",-4.70297599,-47.2219367927226,113121,"BRA","BR",76,"BRL","2100055","ChIJGyee5TH0xZIRLnyJmgHMmac",NA,"BRMA2100055",NA,"BRA.10.1_1"
"efabdd1c",2020-06-08,1743,19,NA,NA,NA,NA,NA,NA,NA,NA,3,2,2,2,-1,1,1,4,2,2,0,4,0,3,-63.54,-69.44,-63.69,-62.5,3,"Brazil","Maranhão","Açailândia",-4.70297599,-47.2219367927226,113121,"BRA","BR",76,"BRL","2100055","ChIJGyee5TH0xZIRLnyJmgHMmac",NA,"BRMA2100055",NA,"BRA.10.1_1"
"efabdd1c",2020-06-09,1838,19,NA,NA,NA,NA,NA,NA,NA,NA,3,2,2,2,-1,1,1,4,2,2,0,4,0,3,-63.54,-69.44,-63.69,-62.5,3,"Brazil","Maranhão","Açailândia",-4.70297599,-47.2219367927226,113121,"BRA","BR",76,"BRL","2100055","ChIJGyee5TH0xZIRLnyJmgHMmac",NA,"BRMA2100055",NA,"BRA.10.1_1"
"efabdd1c",2020-06-10,1878,30,NA,NA,NA,NA,NA,NA,NA,NA,3,2,2,2,-1,1,1,4,2,2,0,4,0,3,-63.54,-69.44,-63.69,-62.5,3,"Brazil","Maranhão","Açailândia",-4.70297599,-47.2219367927226,113121,"BRA","BR",76,"BRL","2100055","ChIJGyee5TH0xZIRLnyJmgHMmac",NA,"BRMA2100055",NA,"BRA.10.1_1"
"efabdd1c",2020-06-11,1888,33,NA,NA,NA,NA,NA,NA,NA,NA,3,2,2,2,-1,1,1,4,2,2,0,4,0,3,-63.54,-69.44,-63.69,-62.5,3,"Brazil","Maranhão","Açailândia",-4.70297599,-47.2219367927226,113121,"BRA","BR",76,"BRL","2100055","ChIJGyee5TH0xZIRLnyJmgHMmac",NA,"BRMA2100055",NA,"BRA.10.1_1"
"efabdd1c",2020-06-12,1930,31,NA,NA,NA,NA,NA,NA,NA,NA,3,2,2,2,-1,1,1,4,2,2,0,4,0,3,-63.54,-69.44,-63.69,-62.5,3,"Brazil","Maranhão","Açailândia",-4.70297599,-47.2219367927226,113121,"BRA","BR",76,"BRL","2100055","ChIJGyee5TH0xZIRLnyJmgHMmac",NA,"BRMA2100055",NA,"BRA.10.1_1"
"efabdd1c",2020-06-13,1991,38,NA,NA,NA,NA,NA,NA,NA,NA,3,2,2,2,-1,1,1,4,2,2,0,4,0,3,-63.54,-69.44,-63.69,-62.5,3,"Brazil","Maranhão","Açailândia",-4.70297599,-47.2219367927226,113121,"BRA","BR",76,"BRL","2100055","ChIJGyee5TH0xZIRLnyJmgHMmac",NA,"BRMA2100055",NA,"BRA.10.1_1"
"efabdd1c",2020-06-14,1989,40,NA,NA,NA,NA,NA,NA,NA,NA,3,2,2,2,-1,1,1,4,2,2,0,4,0,3,-63.54,-69.44,-63.69,-62.5,3,"Brazil","Maranhão","Açailândia",-4.70297599,-47.2219367927226,113121,"BRA","BR",76,"BRL","2100055","ChIJGyee5TH0xZIRLnyJmgHMmac",NA,"BRMA2100055",NA,"BRA.10.1_1"
"efabdd1c",2020-06-15,1987,40,NA,NA,NA,NA,NA,NA,NA,NA,3,2,2,2,-1,1,1,4,2,2,0,4,0,3,-63.54,-69.44,-63.69,-62.5,3,"Brazil","Maranhão","Açailândia",-4.70297599,-47.2219367927226,113121,"BRA","BR",76,"BRL","2100055","ChIJGyee5TH0xZIRLnyJmgHMmac",NA,"BRMA2100055",NA,"BRA.10.1_1"
"efabdd1c",2020-06-16,2017,40,NA,NA,NA,NA,NA,NA,NA,NA,3,2,2,2,-1,1,1,4,2,2,0,4,0,3,-63.54,-69.44,-63.69,-62.5,3,"Brazil","Maranhão","Açailândia",-4.70297599,-47.2219367927226,113121,"BRA","BR",76,"BRL","2100055","ChIJGyee5TH0xZIRLnyJmgHMmac",NA,"BRMA2100055",NA,"BRA.10.1_1"
"efabdd1c",2020-06-17,2045,40,NA,NA,NA,NA,NA,NA,NA,NA,3,2,2,2,-1,1,1,4,2,2,0,4,0,3,-63.54,-69.44,-63.69,-62.5,3,"Brazil","Maranhão","Açailândia",-4.70297599,-47.2219367927226,113121,"BRA","BR",76,"BRL","2100055","ChIJGyee5TH0xZIRLnyJmgHMmac",NA,"BRMA2100055",NA,"BRA.10.1_1"
"efabdd1c",2020-06-18,2186,40,NA,NA,NA,NA,NA,NA,NA,NA,3,2,2,2,-1,1,1,4,2,2,0,4,0,3,-63.54,-69.44,-63.69,-62.5,3,"Brazil","Maranhão","Açailândia",-4.70297599,-47.2219367927226,113121,"BRA","BR",76,"BRL","2100055","ChIJGyee5TH0xZIRLnyJmgHMmac",NA,"BRMA2100055",NA,"BRA.10.1_1"
"efabdd1c",2020-06-19,2235,41,NA,NA,NA,NA,NA,NA,NA,NA,3,2,2,2,-1,1,1,4,2,2,0,4,0,3,-63.54,-69.44,-63.69,-62.5,3,"Brazil","Maranhão","Açailândia",-4.70297599,-47.2219367927226,113121,"BRA","BR",76,"BRL","2100055","ChIJGyee5TH0xZIRLnyJmgHMmac",NA,"BRMA2100055",NA,"BRA.10.1_1"
"efabdd1c",2020-06-20,2295,47,NA,NA,NA,NA,NA,NA,NA,NA,3,2,2,2,-1,1,1,4,2,2,0,4,0,3,-63.54,-69.44,-63.69,-62.5,3,"Brazil","Maranhão","Açailândia",-4.70297599,-47.2219367927226,113121,"BRA","BR",76,"BRL","2100055","ChIJGyee5TH0xZIRLnyJmgHMmac",NA,"BRMA2100055",NA,"BRA.10.1_1"
"efabdd1c",2020-06-21,2296,51,NA,NA,NA,NA,NA,NA,NA,NA,3,2,2,2,-1,1,1,4,2,2,0,4,0,3,-63.54,-69.44,-63.69,-62.5,3,"Brazil","Maranhão","Açailândia",-4.70297599,-47.2219367927226,113121,"BRA","BR",76,"BRL","2100055","ChIJGyee5TH0xZIRLnyJmgHMmac",NA,"BRMA2100055",NA,"BRA.10.1_1"
"efabdd1c",2020-06-22,2312,51,NA,NA,NA,NA,NA,NA,NA,NA,3,2,2,2,-1,1,1,4,2,2,0,4,0,3,-63.54,-69.44,-63.69,-62.5,3,"Brazil","Maranhão","Açailândia",-4.70297599,-47.2219367927226,113121,"BRA","BR",76,"BRL","2100055","ChIJGyee5TH0xZIRLnyJmgHMmac",NA,"BRMA2100055",NA,"BRA.10.1_1"
"efabdd1c",2020-06-23,2332,51,NA,NA,NA,NA,NA,NA,NA,NA,3,2,2,2,-1,1,1,4,2,2,0,4,0,3,-63.54,-69.44,-63.69,-62.5,3,"Brazil","Maranhão","Açailândia",-4.70297599,-47.2219367927226,113121,"BRA","BR",76,"BRL","2100055","ChIJGyee5TH0xZIRLnyJmgHMmac",NA,"BRMA2100055",NA,"BRA.10.1_1"
"efabdd1c",2020-06-24,2387,51,NA,NA,NA,NA,NA,NA,NA,NA,3,2,2,2,-1,1,1,4,2,2,0,4,0,3,-63.54,-69.44,-63.69,-62.5,3,"Brazil","Maranhão","Açailândia",-4.70297599,-47.2219367927226,113121,"BRA","BR",76,"BRL","2100055","ChIJGyee5TH0xZIRLnyJmgHMmac",NA,"BRMA2100055",NA,"BRA.10.1_1"
"efabdd1c",2020-06-25,2420,51,NA,NA,NA,NA,NA,NA,NA,NA,3,2,2,2,-1,1,1,4,2,2,0,4,0,3,-63.54,-69.44,-63.69,-62.5,3,"Brazil","Maranhão","Açailândia",-4.70297599,-47.2219367927226,113121,"BRA","BR",76,"BRL","2100055","ChIJGyee5TH0xZIRLnyJmgHMmac",NA,"BRMA2100055",NA,"BRA.10.1_1"
"efabdd1c",2020-06-26,2481,51,NA,NA,NA,NA,NA,NA,NA,NA,3,2,2,2,-1,1,1,4,2,2,0,4,0,3,-63.54,-69.44,-63.69,-62.5,3,"Brazil","Maranhão","Açailândia",-4.70297599,-47.2219367927226,113121,"BRA","BR",76,"BRL","2100055","ChIJGyee5TH0xZIRLnyJmgHMmac",NA,"BRMA2100055",NA,"BRA.10.1_1"
"efabdd1c",2020-06-27,2520,51,NA,NA,NA,NA,NA,NA,NA,NA,3,2,2,2,-1,1,1,4,2,2,0,4,0,3,-63.54,-69.44,-63.69,-62.5,3,"Brazil","Maranhão","Açailândia",-4.70297599,-47.2219367927226,113121,"BRA","BR",76,"BRL","2100055","ChIJGyee5TH0xZIRLnyJmgHMmac",NA,"BRMA2100055",NA,"BRA.10.1_1"
"efabdd1c",2020-06-28,2519,51,NA,NA,NA,NA,NA,NA,NA,NA,3,2,2,2,-1,1,1,4,2,2,0,4,0,3,-63.54,-69.44,-63.69,-62.5,3,"Brazil","Maranhão","Açailândia",-4.70297599,-47.2219367927226,113121,"BRA","BR",76,"BRL","2100055","ChIJGyee5TH0xZIRLnyJmgHMmac",NA,"BRMA2100055",NA,"BRA.10.1_1"
"efabdd1c",2020-06-29,2501,51,NA,NA,NA,NA,NA,NA,NA,NA,3,2,2,2,-1,1,1,4,2,2,0,4,0,3,-63.54,-69.44,-63.69,-62.5,3,"Brazil","Maranhão","Açailândia",-4.70297599,-47.2219367927226,113121,"BRA","BR",76,"BRL","2100055","ChIJGyee5TH0xZIRLnyJmgHMmac",NA,"BRMA2100055",NA,"BRA.10.1_1"
"efabdd1c",2020-06-30,2505,51,NA,NA,NA,NA,NA,NA,NA,NA,3,2,2,2,-1,1,1,4,2,2,0,4,0,3,-63.54,-69.44,-63.69,-62.5,3,"Brazil","Maranhão","Açailândia",-4.70297599,-47.2219367927226,113121,"BRA","BR",76,"BRL","2100055","ChIJGyee5TH0xZIRLnyJmgHMmac",NA,"BRMA2100055",NA,"BRA.10.1_1"
"efabdd1c",2020-07-01,2514,51,NA,NA,NA,NA,NA,NA,NA,NA,3,2,2,2,-1,1,1,4,2,2,0,4,0,3,-60.42,-69.44,-63.69,-37.5,3,"Brazil","Maranhão","Açailândia",-4.70297599,-47.2219367927226,113121,"BRA","BR",76,"BRL","2100055","ChIJGyee5TH0xZIRLnyJmgHMmac",NA,"BRMA2100055",NA,"BRA.10.1_1"
"efabdd1c",2020-07-02,2537,51,NA,NA,NA,NA,NA,NA,NA,NA,3,2,2,2,-1,1,1,4,2,2,0,4,0,3,-60.42,-69.44,-63.69,-37.5,3,"Brazil","Maranhão","Açailândia",-4.70297599,-47.2219367927226,113121,"BRA","BR",76,"BRL","2100055","ChIJGyee5TH0xZIRLnyJmgHMmac",NA,"BRMA2100055",NA,"BRA.10.1_1"
"efabdd1c",2020-07-03,2566,51,NA,NA,NA,NA,NA,NA,NA,NA,3,2,2,2,-1,1,1,4,2,2,0,4,0,3,-60.42,-69.44,-63.69,-37.5,3,"Brazil","Maranhão","Açailândia",-4.70297599,-47.2219367927226,113121,"BRA","BR",76,"BRL","2100055","ChIJGyee5TH0xZIRLnyJmgHMmac",NA,"BRMA2100055",NA,"BRA.10.1_1"
"efabdd1c",2020-07-04,2565,51,NA,NA,NA,NA,NA,NA,NA,NA,3,2,2,2,-1,1,1,4,2,2,0,4,0,3,-60.42,-69.44,-63.69,-37.5,3,"Brazil","Maranhão","Açailândia",-4.70297599,-47.2219367927226,113121,"BRA","BR",76,"BRL","2100055","ChIJGyee5TH0xZIRLnyJmgHMmac",NA,"BRMA2100055",NA,"BRA.10.1_1"
"efabdd1c",2020-07-05,2565,51,NA,NA,NA,NA,NA,NA,NA,NA,3,2,2,2,-1,1,1,4,2,2,0,4,0,3,-60.42,-69.44,-63.69,-37.5,3,"Brazil","Maranhão","Açailândia",-4.70297599,-47.2219367927226,113121,"BRA","BR",76,"BRL","2100055","ChIJGyee5TH0xZIRLnyJmgHMmac",NA,"BRMA2100055",NA,"BRA.10.1_1"
"efabdd1c",2020-07-06,2568,51,NA,NA,NA,NA,NA,NA,NA,NA,3,2,2,2,-1,1,1,4,2,2,0,4,0,3,-60.42,-69.44,-63.69,-37.5,3,"Brazil","Maranhão","Açailândia",-4.70297599,-47.2219367927226,113121,"BRA","BR",76,"BRL","2100055","ChIJGyee5TH0xZIRLnyJmgHMmac",NA,"BRMA2100055",NA,"BRA.10.1_1"
"efabdd1c",2020-07-07,2578,51,NA,NA,NA,NA,NA,NA,NA,NA,3,2,2,2,-1,1,1,4,2,2,0,4,0,3,-60.42,-69.44,-63.69,-37.5,3,"Brazil","Maranhão","Açailândia",-4.70297599,-47.2219367927226,113121,"BRA","BR",76,"BRL","2100055","ChIJGyee5TH0xZIRLnyJmgHMmac",NA,"BRMA2100055",NA,"BRA.10.1_1"
"efabdd1c",2020-07-08,2580,54,NA,NA,NA,NA,NA,NA,NA,NA,3,2,2,2,-1,1,1,4,2,2,0,4,0,3,-60.42,-69.44,-63.69,-37.5,3,"Brazil","Maranhão","Açailândia",-4.70297599,-47.2219367927226,113121,"BRA","BR",76,"BRL","2100055","ChIJGyee5TH0xZIRLnyJmgHMmac",NA,"BRMA2100055",NA,"BRA.10.1_1"
"efabdd1c",2020-07-09,2585,54,NA,NA,NA,NA,NA,NA,NA,NA,3,2,2,2,-1,1,1,4,2,2,0,4,0,3,-60.42,-69.44,-63.69,-37.5,3,"Brazil","Maranhão","Açailândia",-4.70297599,-47.2219367927226,113121,"BRA","BR",76,"BRL","2100055","ChIJGyee5TH0xZIRLnyJmgHMmac",NA,"BRMA2100055",NA,"BRA.10.1_1"
"efabdd1c",2020-07-10,2589,61,NA,NA,NA,NA,NA,NA,NA,NA,3,2,2,2,-1,1,1,4,2,2,0,4,0,3,-60.42,-69.44,-63.69,-37.5,3,"Brazil","Maranhão","Açailândia",-4.70297599,-47.2219367927226,113121,"BRA","BR",76,"BRL","2100055","ChIJGyee5TH0xZIRLnyJmgHMmac",NA,"BRMA2100055",NA,"BRA.10.1_1"
"efabdd1c",2020-07-11,2611,61,NA,NA,NA,NA,NA,NA,NA,NA,3,2,2,2,-1,1,1,4,2,2,0,4,0,3,-60.42,-69.44,-63.69,-37.5,3,"Brazil","Maranhão","Açailândia",-4.70297599,-47.2219367927226,113121,"BRA","BR",76,"BRL","2100055","ChIJGyee5TH0xZIRLnyJmgHMmac",NA,"BRMA2100055",NA,"BRA.10.1_1"
"efabdd1c",2020-07-12,2691,62,NA,NA,NA,NA,NA,NA,NA,NA,3,2,2,2,-1,1,1,4,2,2,0,4,0,3,-60.42,-69.44,-63.69,-37.5,3,"Brazil","Maranhão","Açailândia",-4.70297599,-47.2219367927226,113121,"BRA","BR",76,"BRL","2100055","ChIJGyee5TH0xZIRLnyJmgHMmac",NA,"BRMA2100055",NA,"BRA.10.1_1"
"efabdd1c",2020-07-13,2696,62,NA,NA,NA,NA,NA,NA,NA,NA,3,2,2,2,-1,1,1,4,2,2,0,4,0,3,-60.42,-69.44,-63.69,-37.5,3,"Brazil","Maranhão","Açailândia",-4.70297599,-47.2219367927226,113121,"BRA","BR",76,"BRL","2100055","ChIJGyee5TH0xZIRLnyJmgHMmac",NA,"BRMA2100055",NA,"BRA.10.1_1"
"efabdd1c",2020-07-14,2697,62,NA,NA,NA,NA,NA,NA,NA,NA,3,2,2,2,-1,1,1,4,2,2,0,4,0,3,-60.42,-69.44,-63.69,-37.5,3,"Brazil","Maranhão","Açailândia",-4.70297599,-47.2219367927226,113121,"BRA","BR",76,"BRL","2100055","ChIJGyee5TH0xZIRLnyJmgHMmac",NA,"BRMA2100055",NA,"BRA.10.1_1"
"efabdd1c",2020-07-15,2729,62,NA,NA,NA,NA,NA,NA,NA,NA,3,2,2,2,-1,1,1,4,2,2,0,4,0,3,-60.42,-69.44,-63.69,-37.5,3,"Brazil","Maranhão","Açailândia",-4.70297599,-47.2219367927226,113121,"BRA","BR",76,"BRL","2100055","ChIJGyee5TH0xZIRLnyJmgHMmac",NA,"BRMA2100055",NA,"BRA.10.1_1"
"efabdd1c",2020-07-16,2788,62,NA,NA,NA,NA,NA,NA,NA,NA,3,2,2,2,-1,1,1,4,2,2,0,4,0,3,-60.42,-69.44,-63.69,-37.5,3,"Brazil","Maranhão","Açailândia",-4.70297599,-47.2219367927226,113121,"BRA","BR",76,"BRL","2100055","ChIJGyee5TH0xZIRLnyJmgHMmac",NA,"BRMA2100055",NA,"BRA.10.1_1"
"efabdd1c",2020-07-17,2804,63,NA,NA,NA,NA,NA,NA,NA,NA,3,2,2,2,-1,1,1,4,2,2,0,4,0,3,-60.42,-69.44,-63.69,-37.5,3,"Brazil","Maranhão","Açailândia",-4.70297599,-47.2219367927226,113121,"BRA","BR",76,"BRL","2100055","ChIJGyee5TH0xZIRLnyJmgHMmac",NA,"BRMA2100055",NA,"BRA.10.1_1"
"efabdd1c",2020-07-18,2817,66,NA,NA,NA,NA,NA,NA,NA,NA,3,2,2,2,-1,1,1,4,2,2,0,4,0,3,-60.42,-69.44,-63.69,-37.5,3,"Brazil","Maranhão","Açailândia",-4.70297599,-47.2219367927226,113121,"BRA","BR",76,"BRL","2100055","ChIJGyee5TH0xZIRLnyJmgHMmac",NA,"BRMA2100055",NA,"BRA.10.1_1"
"efabdd1c",2020-07-19,2804,66,NA,NA,NA,NA,NA,NA,NA,NA,3,2,2,2,-1,1,1,4,2,2,0,4,0,3,-60.42,-69.44,-63.69,-37.5,3,"Brazil","Maranhão","Açailândia",-4.70297599,-47.2219367927226,113121,"BRA","BR",76,"BRL","2100055","ChIJGyee5TH0xZIRLnyJmgHMmac",NA,"BRMA2100055",NA,"BRA.10.1_1"
"efabdd1c",2020-07-20,2795,66,NA,NA,NA,NA,NA,NA,NA,NA,3,2,2,2,-1,1,1,4,2,2,0,4,0,3,-60.42,-69.44,-63.69,-37.5,3,"Brazil","Maranhão","Açailândia",-4.70297599,-47.2219367927226,113121,"BRA","BR",76,"BRL","2100055","ChIJGyee5TH0xZIRLnyJmgHMmac",NA,"BRMA2100055",NA,"BRA.10.1_1"
"efabdd1c",2020-07-21,2788,66,NA,NA,NA,NA,NA,NA,NA,NA,3,2,2,2,-1,1,1,4,2,2,0,4,0,3,-60.42,-69.44,-63.69,-37.5,3,"Brazil","Maranhão","Açailândia",-4.70297599,-47.2219367927226,113121,"BRA","BR",76,"BRL","2100055","ChIJGyee5TH0xZIRLnyJmgHMmac",NA,"BRMA2100055",NA,"BRA.10.1_1"
"efabdd1c",2020-07-22,2785,66,NA,NA,NA,NA,NA,NA,NA,NA,3,2,2,2,-1,1,1,4,2,2,0,4,0,3,-60.42,-69.44,-63.69,-37.5,3,"Brazil","Maranhão","Açailândia",-4.70297599,-47.2219367927226,113121,"BRA","BR",76,"BRL","2100055","ChIJGyee5TH0xZIRLnyJmgHMmac",NA,"BRMA2100055",NA,"BRA.10.1_1"
"efabdd1c",2020-07-23,2782,66,NA,NA,NA,NA,NA,NA,NA,NA,3,2,2,2,-1,1,1,4,2,2,0,4,0,3,-60.42,-69.44,-63.69,-37.5,3,"Brazil","Maranhão","Açailândia",-4.70297599,-47.2219367927226,113121,"BRA","BR",76,"BRL","2100055","ChIJGyee5TH0xZIRLnyJmgHMmac",NA,"BRMA2100055",NA,"BRA.10.1_1"
"efabdd1c",2020-07-24,2778,67,NA,NA,NA,NA,NA,NA,NA,NA,3,2,2,2,-1,1,1,4,2,2,0,4,0,3,-60.42,-69.44,-63.69,-37.5,3,"Brazil","Maranhão","Açailândia",-4.70297599,-47.2219367927226,113121,"BRA","BR",76,"BRL","2100055","ChIJGyee5TH0xZIRLnyJmgHMmac",NA,"BRMA2100055",NA,"BRA.10.1_1"
"efabdd1c",2020-07-25,2779,67,NA,NA,NA,NA,NA,NA,NA,NA,3,2,2,2,-1,1,1,4,2,2,0,4,0,3,-60.42,-69.44,-63.69,-37.5,3,"Brazil","Maranhão","Açailândia",-4.70297599,-47.2219367927226,113121,"BRA","BR",76,"BRL","2100055","ChIJGyee5TH0xZIRLnyJmgHMmac",NA,"BRMA2100055",NA,"BRA.10.1_1"
"efabdd1c",2020-07-26,2779,67,NA,NA,NA,NA,NA,NA,NA,NA,3,2,2,2,-1,1,1,4,2,2,0,4,0,3,-60.42,-69.44,-63.69,-37.5,3,"Brazil","Maranhão","Açailândia",-4.70297599,-47.2219367927226,113121,"BRA","BR",76,"BRL","2100055","ChIJGyee5TH0xZIRLnyJmgHMmac",NA,"BRMA2100055",NA,"BRA.10.1_1"
"efabdd1c",2020-07-27,2779,67,NA,NA,NA,NA,NA,NA,NA,NA,3,2,2,2,-1,1,1,4,2,2,0,4,0,3,-60.42,-69.44,-63.69,-37.5,3,"Brazil","Maranhão","Açailândia",-4.70297599,-47.2219367927226,113121,"BRA","BR",76,"BRL","2100055","ChIJGyee5TH0xZIRLnyJmgHMmac",NA,"BRMA2100055",NA,"BRA.10.1_1"
"efabdd1c",2020-07-28,2792,67,NA,NA,NA,NA,NA,NA,NA,NA,3,2,2,2,-1,1,1,4,2,2,0,4,0,3,-60.42,-69.44,-63.69,-37.5,3,"Brazil","Maranhão","Açailândia",-4.70297599,-47.2219367927226,113121,"BRA","BR",76,"BRL","2100055","ChIJGyee5TH0xZIRLnyJmgHMmac",NA,"BRMA2100055",NA,"BRA.10.1_1"
"efabdd1c",2020-07-29,2796,67,NA,NA,NA,NA,NA,NA,NA,NA,3,2,2,2,-1,1,1,1,2,2,0,4,0,3,-55.73,-61.11,-58.33,-37.5,3,"Brazil","Maranhão","Açailândia",-4.70297599,-47.2219367927226,113121,"BRA","BR",76,"BRL","2100055","ChIJGyee5TH0xZIRLnyJmgHMmac",NA,"BRMA2100055",NA,"BRA.10.1_1"
"efabdd1c",2020-07-30,2817,67,NA,NA,NA,NA,NA,NA,NA,NA,3,2,2,2,-1,1,1,1,2,2,0,4,0,3,-55.73,-61.11,-58.33,-37.5,3,"Brazil","Maranhão","Açailândia",-4.70297599,-47.2219367927226,113121,"BRA","BR",76,"BRL","2100055","ChIJGyee5TH0xZIRLnyJmgHMmac",NA,"BRMA2100055",NA,"BRA.10.1_1"
"efabdd1c",2020-07-31,2821,67,NA,NA,NA,NA,NA,NA,NA,NA,3,2,2,2,-1,1,1,1,2,2,0,4,0,3,-55.73,-61.11,-58.33,-37.5,3,"Brazil","Maranhão","Açailândia",-4.70297599,-47.2219367927226,113121,"BRA","BR",76,"BRL","2100055","ChIJGyee5TH0xZIRLnyJmgHMmac",NA,"BRMA2100055",NA,"BRA.10.1_1"
"efabdd1c",2020-08-01,2826,67,NA,NA,NA,NA,NA,NA,NA,NA,3,2,2,2,-1,1,1,1,2,2,0,4,0,3,-55.73,-61.11,-58.33,-37.5,3,"Brazil","Maranhão","Açailândia",-4.70297599,-47.2219367927226,113121,"BRA","BR",76,"BRL","2100055","ChIJGyee5TH0xZIRLnyJmgHMmac",NA,"BRMA2100055",NA,"BRA.10.1_1"
"efabdd1c",2020-08-02,2826,67,NA,NA,NA,NA,NA,NA,NA,NA,3,2,2,2,-1,1,1,1,2,2,0,4,0,3,-55.73,-61.11,-58.33,-37.5,3,"Brazil","Maranhão","Açailândia",-4.70297599,-47.2219367927226,113121,"BRA","BR",76,"BRL","2100055","ChIJGyee5TH0xZIRLnyJmgHMmac",NA,"BRMA2100055",NA,"BRA.10.1_1"
"efabdd1c",2020-08-03,2826,70,NA,NA,NA,NA,NA,NA,NA,NA,3,2,2,2,-1,1,1,1,2,2,0,4,0,3,-55.73,-61.11,-58.33,-37.5,3,"Brazil","Maranhão","Açailândia",-4.70297599,-47.2219367927226,113121,"BRA","BR",76,"BRL","2100055","ChIJGyee5TH0xZIRLnyJmgHMmac",NA,"BRMA2100055",NA,"BRA.10.1_1"
"efabdd1c",2020-08-04,2827,70,NA,NA,NA,NA,NA,NA,NA,NA,3,2,2,2,-1,1,1,1,2,2,0,4,0,3,-55.73,-61.11,-58.33,-37.5,3,"Brazil","Maranhão","Açailândia",-4.70297599,-47.2219367927226,113121,"BRA","BR",76,"BRL","2100055","ChIJGyee5TH0xZIRLnyJmgHMmac",NA,"BRMA2100055",NA,"BRA.10.1_1"
"efabdd1c",2020-08-05,2850,70,NA,NA,NA,NA,NA,NA,NA,NA,3,2,2,2,-1,1,1,1,2,2,0,4,0,3,-55.73,-61.11,-58.33,-37.5,3,"Brazil","Maranhão","Açailândia",-4.70297599,-47.2219367927226,113121,"BRA","BR",76,"BRL","2100055","ChIJGyee5TH0xZIRLnyJmgHMmac",NA,"BRMA2100055",NA,"BRA.10.1_1"
"efabdd1c",2020-08-06,2863,72,NA,NA,NA,NA,NA,NA,NA,NA,3,2,2,2,-1,1,1,1,2,2,0,4,0,3,-55.73,-61.11,-58.33,-37.5,3,"Brazil","Maranhão","Açailândia",-4.70297599,-47.2219367927226,113121,"BRA","BR",76,"BRL","2100055","ChIJGyee5TH0xZIRLnyJmgHMmac",NA,"BRMA2100055",NA,"BRA.10.1_1"
"efabdd1c",2020-08-07,2887,72,NA,NA,NA,NA,NA,NA,NA,NA,3,2,2,2,-1,1,1,1,2,2,0,4,0,3,-55.73,-61.11,-58.33,-37.5,3,"Brazil","Maranhão","Açailândia",-4.70297599,-47.2219367927226,113121,"BRA","BR",76,"BRL","2100055","ChIJGyee5TH0xZIRLnyJmgHMmac",NA,"BRMA2100055",NA,"BRA.10.1_1"
"efabdd1c",2020-08-08,2892,75,NA,NA,NA,NA,NA,NA,NA,NA,3,2,2,2,-1,1,1,1,2,2,0,4,0,3,-55.73,-61.11,-58.33,-37.5,3,"Brazil","Maranhão","Açailândia",-4.70297599,-47.2219367927226,113121,"BRA","BR",76,"BRL","2100055","ChIJGyee5TH0xZIRLnyJmgHMmac",NA,"BRMA2100055",NA,"BRA.10.1_1"
"efabdd1c",2020-08-09,2893,75,NA,NA,NA,NA,NA,NA,NA,NA,3,2,2,2,-1,1,1,1,2,2,0,4,0,3,-55.73,-61.11,-58.33,-37.5,3,"Brazil","Maranhão","Açailândia",-4.70297599,-47.2219367927226,113121,"BRA","BR",76,"BRL","2100055","ChIJGyee5TH0xZIRLnyJmgHMmac",NA,"BRMA2100055",NA,"BRA.10.1_1"
"efabdd1c",2020-08-10,2893,76,NA,NA,NA,NA,NA,NA,NA,NA,3,2,2,2,-1,1,1,1,2,2,0,4,0,3,-55.73,-61.11,-58.33,-37.5,3,"Brazil","Maranhão","Açailândia",-4.70297599,-47.2219367927226,113121,"BRA","BR",76,"BRL","2100055","ChIJGyee5TH0xZIRLnyJmgHMmac",NA,"BRMA2100055",NA,"BRA.10.1_1"
"efabdd1c",2020-08-11,2898,76,NA,NA,NA,NA,NA,NA,NA,NA,3,2,2,2,-1,1,1,1,2,2,0,4,0,3,-55.73,-61.11,-58.33,-37.5,3,"Brazil","Maranhão","Açailândia",-4.70297599,-47.2219367927226,113121,"BRA","BR",76,"BRL","2100055","ChIJGyee5TH0xZIRLnyJmgHMmac",NA,"BRMA2100055",NA,"BRA.10.1_1"
"efabdd1c",2020-08-12,2908,76,NA,NA,NA,NA,NA,NA,NA,NA,3,2,2,2,-1,1,1,1,2,2,0,4,0,3,-55.73,-61.11,-58.33,-37.5,3,"Brazil","Maranhão","Açailândia",-4.70297599,-47.2219367927226,113121,"BRA","BR",76,"BRL","2100055","ChIJGyee5TH0xZIRLnyJmgHMmac",NA,"BRMA2100055",NA,"BRA.10.1_1"
"efabdd1c",2020-08-13,2917,76,NA,NA,NA,NA,NA,NA,NA,NA,3,2,2,2,-1,1,1,1,2,2,0,4,0,3,-55.73,-61.11,-58.33,-37.5,3,"Brazil","Maranhão","Açailândia",-4.70297599,-47.2219367927226,113121,"BRA","BR",76,"BRL","2100055","ChIJGyee5TH0xZIRLnyJmgHMmac",NA,"BRMA2100055",NA,"BRA.10.1_1"
"efabdd1c",2020-08-14,2925,76,NA,NA,NA,NA,NA,NA,NA,NA,3,2,2,2,-1,1,1,1,2,2,0,4,0,3,-55.73,-61.11,-58.33,-37.5,3,"Brazil","Maranhão","Açailândia",-4.70297599,-47.2219367927226,113121,"BRA","BR",76,"BRL","2100055","ChIJGyee5TH0xZIRLnyJmgHMmac",NA,"BRMA2100055",NA,"BRA.10.1_1"
"efabdd1c",2020-08-15,2940,77,NA,NA,NA,NA,NA,NA,NA,NA,3,-2,2,2,-1,1,1,1,2,2,0,4,0,3,-54.69,-59.26,-57.14,-37.5,3,"Brazil","Maranhão","Açailândia",-4.70297599,-47.2219367927226,113121,"BRA","BR",76,"BRL","2100055","ChIJGyee5TH0xZIRLnyJmgHMmac",NA,"BRMA2100055",NA,"BRA.10.1_1"
"efabdd1c",2020-08-16,2944,77,NA,NA,NA,NA,NA,NA,NA,NA,3,-2,2,2,-1,1,1,1,2,2,0,4,0,3,-54.69,-59.26,-57.14,-37.5,3,"Brazil","Maranhão","Açailândia",-4.70297599,-47.2219367927226,113121,"BRA","BR",76,"BRL","2100055","ChIJGyee5TH0xZIRLnyJmgHMmac",NA,"BRMA2100055",NA,"BRA.10.1_1"
"efabdd1c",2020-08-17,2944,77,NA,NA,NA,NA,NA,NA,NA,NA,3,-2,2,-3,-1,1,1,1,2,2,0,4,0,3,-55.47,-60.65,-58.04,-37.5,3,"Brazil","Maranhão","Açailândia",-4.70297599,-47.2219367927226,113121,"BRA","BR",76,"BRL","2100055","ChIJGyee5TH0xZIRLnyJmgHMmac",NA,"BRMA2100055",NA,"BRA.10.1_1"
"efabdd1c",2020-08-18,2950,77,NA,NA,NA,NA,NA,NA,NA,NA,3,-2,2,-3,-1,1,1,1,2,2,0,4,0,3,-55.47,-60.65,-58.04,-37.5,3,"Brazil","Maranhão","Açailândia",-4.70297599,-47.2219367927226,113121,"BRA","BR",76,"BRL","2100055","ChIJGyee5TH0xZIRLnyJmgHMmac",NA,"BRMA2100055",NA,"BRA.10.1_1"
"efabdd1c",2020-08-19,2983,77,NA,NA,NA,NA,NA,NA,NA,NA,3,-2,2,-3,-1,1,1,1,2,2,0,4,0,3,-55.47,-60.65,-58.04,-37.5,3,"Brazil","Maranhão","Açailândia",-4.70297599,-47.2219367927226,113121,"BRA","BR",76,"BRL","2100055","ChIJGyee5TH0xZIRLnyJmgHMmac",NA,"BRMA2100055",NA,"BRA.10.1_1"
"efabdd1c",2020-08-20,2985,77,NA,NA,NA,NA,NA,NA,NA,NA,3,-2,2,-3,-1,1,1,1,2,2,0,4,0,3,-55.47,-60.65,-58.04,-37.5,3,"Brazil","Maranhão","Açailândia",-4.70297599,-47.2219367927226,113121,"BRA","BR",76,"BRL","2100055","ChIJGyee5TH0xZIRLnyJmgHMmac",NA,"BRMA2100055",NA,"BRA.10.1_1"
"efabdd1c",2020-08-21,3042,78,NA,NA,NA,NA,NA,NA,NA,NA,3,-2,2,-3,-1,1,1,1,2,2,0,4,0,3,-55.47,-60.65,-58.04,-37.5,3,"Brazil","Maranhão","Açailândia",-4.70297599,-47.2219367927226,113121,"BRA","BR",76,"BRL","2100055","ChIJGyee5TH0xZIRLnyJmgHMmac",NA,"BRMA2100055",NA,"BRA.10.1_1"
"efabdd1c",2020-08-22,3052,78,NA,NA,NA,NA,NA,NA,NA,NA,3,-2,2,-3,-1,1,1,1,2,2,0,4,0,3,-55.47,-60.65,-58.04,-37.5,3,"Brazil","Maranhão","Açailândia",-4.70297599,-47.2219367927226,113121,"BRA","BR",76,"BRL","2100055","ChIJGyee5TH0xZIRLnyJmgHMmac",NA,"BRMA2100055",NA,"BRA.10.1_1"
"efabdd1c",2020-08-23,3052,79,NA,NA,NA,NA,NA,NA,NA,NA,3,-2,2,-3,-1,1,1,1,2,2,0,4,0,3,-55.47,-60.65,-58.04,-37.5,3,"Brazil","Maranhão","Açailândia",-4.70297599,-47.2219367927226,113121,"BRA","BR",76,"BRL","2100055","ChIJGyee5TH0xZIRLnyJmgHMmac",NA,"BRMA2100055",NA,"BRA.10.1_1"
"efabdd1c",2020-08-24,3052,80,NA,NA,NA,NA,NA,NA,NA,NA,3,-2,2,-3,-1,1,1,1,2,2,0,4,0,3,-55.47,-60.65,-58.04,-37.5,3,"Brazil","Maranhão","Açailândia",-4.70297599,-47.2219367927226,113121,"BRA","BR",76,"BRL","2100055","ChIJGyee5TH0xZIRLnyJmgHMmac",NA,"BRMA2100055",NA,"BRA.10.1_1"
"efabdd1c",2020-08-25,3053,80,NA,NA,NA,NA,NA,NA,NA,NA,3,-2,2,-3,-1,1,1,1,2,2,0,4,0,3,-55.47,-60.65,-58.04,-37.5,3,"Brazil","Maranhão","Açailândia",-4.70297599,-47.2219367927226,113121,"BRA","BR",76,"BRL","2100055","ChIJGyee5TH0xZIRLnyJmgHMmac",NA,"BRMA2100055",NA,"BRA.10.1_1"
"efabdd1c",2020-08-26,3055,80,NA,NA,NA,NA,NA,NA,NA,NA,3,-2,2,-3,-1,1,1,1,2,2,0,4,0,3,-55.47,-60.65,-58.04,-37.5,3,"Brazil","Maranhão","Açailândia",-4.70297599,-47.2219367927226,113121,"BRA","BR",76,"BRL","2100055","ChIJGyee5TH0xZIRLnyJmgHMmac",NA,"BRMA2100055",NA,"BRA.10.1_1"
"efabdd1c",2020-08-27,3063,80,NA,NA,NA,NA,NA,NA,NA,NA,3,-2,2,-3,-1,1,1,1,2,2,0,4,0,3,-55.47,-60.65,-58.04,-37.5,3,"Brazil","Maranhão","Açailândia",-4.70297599,-47.2219367927226,113121,"BRA","BR",76,"BRL","2100055","ChIJGyee5TH0xZIRLnyJmgHMmac",NA,"BRMA2100055",NA,"BRA.10.1_1"
"efabdd1c",2020-08-28,3091,80,NA,NA,NA,NA,NA,NA,NA,NA,3,-2,1,-3,-1,1,1,1,2,2,0,4,0,3,-52.34,-55.09,-54.46,-37.5,3,"Brazil","Maranhão","Açailândia",-4.70297599,-47.2219367927226,113121,"BRA","BR",76,"BRL","2100055","ChIJGyee5TH0xZIRLnyJmgHMmac",NA,"BRMA2100055",NA,"BRA.10.1_1"
"efabdd1c",2020-08-29,3096,80,NA,NA,NA,NA,NA,NA,NA,NA,3,-2,1,-3,-1,1,1,1,2,2,0,4,0,3,-52.34,-55.09,-54.46,-37.5,3,"Brazil","Maranhão","Açailândia",-4.70297599,-47.2219367927226,113121,"BRA","BR",76,"BRL","2100055","ChIJGyee5TH0xZIRLnyJmgHMmac",NA,"BRMA2100055",NA,"BRA.10.1_1"
"efabdd1c",2020-08-30,3100,82,NA,NA,NA,NA,NA,NA,NA,NA,3,-2,1,-3,-1,1,1,1,2,2,0,4,0,3,-52.34,-55.09,-54.46,-37.5,3,"Brazil","Maranhão","Açailândia",-4.70297599,-47.2219367927226,113121,"BRA","BR",76,"BRL","2100055","ChIJGyee5TH0xZIRLnyJmgHMmac",NA,"BRMA2100055",NA,"BRA.10.1_1"
"efabdd1c",2020-08-31,3100,82,NA,NA,NA,NA,NA,NA,NA,NA,3,-2,1,-3,-1,1,1,1,2,2,0,4,0,3,-52.34,-55.09,-54.46,-37.5,3,"Brazil","Maranhão","Açailândia",-4.70297599,-47.2219367927226,113121,"BRA","BR",76,"BRL","2100055","ChIJGyee5TH0xZIRLnyJmgHMmac",NA,"BRMA2100055",NA,"BRA.10.1_1"
"efabdd1c",2020-09-01,3101,82,NA,NA,NA,NA,NA,NA,NA,NA,3,-2,1,-3,-1,1,1,1,2,2,0,4,0,3,-52.34,-55.09,-54.46,-37.5,3,"Brazil","Maranhão","Açailândia",-4.70297599,-47.2219367927226,113121,"BRA","BR",76,"BRL","2100055","ChIJGyee5TH0xZIRLnyJmgHMmac",NA,"BRMA2100055",NA,"BRA.10.1_1"
"efabdd1c",2020-09-02,3111,82,NA,NA,NA,NA,NA,NA,NA,NA,3,-2,1,-3,-1,1,1,1,2,2,0,4,0,3,-52.34,-55.09,-54.46,-37.5,3,"Brazil","Maranhão","Açailândia",-4.70297599,-47.2219367927226,113121,"BRA","BR",76,"BRL","2100055","ChIJGyee5TH0xZIRLnyJmgHMmac",NA,"BRMA2100055",NA,"BRA.10.1_1"
"efabdd1c",2020-09-03,3111,82,NA,NA,NA,NA,NA,NA,NA,NA,3,-2,1,-3,-1,1,1,1,2,2,0,4,0,3,-52.34,-55.09,-54.46,-37.5,3,"Brazil","Maranhão","Açailândia",-4.70297599,-47.2219367927226,113121,"BRA","BR",76,"BRL","2100055","ChIJGyee5TH0xZIRLnyJmgHMmac",NA,"BRMA2100055",NA,"BRA.10.1_1"
"efabdd1c",2020-09-04,3143,82,NA,NA,NA,NA,NA,NA,NA,NA,3,-2,1,-3,-1,1,1,1,2,2,0,4,0,3,-52.34,-55.09,-54.46,-37.5,3,"Brazil","Maranhão","Açailândia",-4.70297599,-47.2219367927226,113121,"BRA","BR",76,"BRL","2100055","ChIJGyee5TH0xZIRLnyJmgHMmac",NA,"BRMA2100055",NA,"BRA.10.1_1"
"efabdd1c",2020-09-05,3157,82,NA,NA,NA,NA,NA,NA,NA,NA,3,-2,1,-3,-1,1,1,1,2,2,0,4,0,3,-52.34,-55.09,-54.46,-37.5,3,"Brazil","Maranhão","Açailândia",-4.70297599,-47.2219367927226,113121,"BRA","BR",76,"BRL","2100055","ChIJGyee5TH0xZIRLnyJmgHMmac",NA,"BRMA2100055",NA,"BRA.10.1_1"
"efabdd1c",2020-09-06,3157,82,NA,NA,NA,NA,NA,NA,NA,NA,3,-2,1,-3,-1,1,1,1,2,2,0,4,0,3,-52.34,-55.09,-54.46,-37.5,3,"Brazil","Maranhão","Açailândia",-4.70297599,-47.2219367927226,113121,"BRA","BR",76,"BRL","2100055","ChIJGyee5TH0xZIRLnyJmgHMmac",NA,"BRMA2100055",NA,"BRA.10.1_1"
"efabdd1c",2020-09-07,3160,83,NA,NA,NA,NA,NA,NA,NA,NA,3,-2,1,-3,-1,1,1,1,2,2,0,4,0,3,-52.34,-55.09,-54.46,-37.5,3,"Brazil","Maranhão","Açailândia",-4.70297599,-47.2219367927226,113121,"BRA","BR",76,"BRL","2100055","ChIJGyee5TH0xZIRLnyJmgHMmac",NA,"BRMA2100055",NA,"BRA.10.1_1"
"efabdd1c",2020-09-08,3160,83,NA,NA,NA,NA,NA,NA,NA,NA,3,-2,1,-3,-1,1,1,1,2,2,0,4,0,3,-52.34,-55.09,-54.46,-37.5,3,"Brazil","Maranhão","Açailândia",-4.70297599,-47.2219367927226,113121,"BRA","BR",76,"BRL","2100055","ChIJGyee5TH0xZIRLnyJmgHMmac",NA,"BRMA2100055",NA,"BRA.10.1_1"
"efabdd1c",2020-09-09,3185,83,NA,NA,NA,NA,NA,NA,NA,NA,3,-2,1,-3,-1,1,1,1,2,2,0,4,0,3,-52.34,-55.09,-54.46,-37.5,3,"Brazil","Maranhão","Açailândia",-4.70297599,-47.2219367927226,113121,"BRA","BR",76,"BRL","2100055","ChIJGyee5TH0xZIRLnyJmgHMmac",NA,"BRMA2100055",NA,"BRA.10.1_1"
"efabdd1c",2020-09-10,3186,83,NA,NA,NA,NA,NA,NA,NA,NA,3,-2,1,-3,-1,1,1,1,2,2,0,4,0,3,-52.34,-55.09,-54.46,-37.5,3,"Brazil","Maranhão","Açailândia",-4.70297599,-47.2219367927226,113121,"BRA","BR",76,"BRL","2100055","ChIJGyee5TH0xZIRLnyJmgHMmac",NA,"BRMA2100055",NA,"BRA.10.1_1"
"efabdd1c",2020-09-11,3211,84,NA,NA,NA,NA,NA,NA,NA,NA,3,-2,1,-3,-1,1,1,1,2,2,0,4,0,3,-52.34,-55.09,-54.46,-37.5,3,"Brazil","Maranhão","Açailândia",-4.70297599,-47.2219367927226,113121,"BRA","BR",76,"BRL","2100055","ChIJGyee5TH0xZIRLnyJmgHMmac",NA,"BRMA2100055",NA,"BRA.10.1_1"
"efabdd1c",2020-09-12,3220,84,NA,NA,NA,NA,NA,NA,NA,NA,3,-2,1,-3,-1,1,1,1,2,2,0,4,0,3,-52.34,-55.09,-54.46,-37.5,3,"Brazil","Maranhão","Açailândia",-4.70297599,-47.2219367927226,113121,"BRA","BR",76,"BRL","2100055","ChIJGyee5TH0xZIRLnyJmgHMmac",NA,"BRMA2100055",NA,"BRA.10.1_1"
"efabdd1c",2020-09-13,3220,84,NA,NA,NA,NA,NA,NA,NA,NA,3,-2,1,-3,-1,1,1,1,2,2,0,4,0,3,-52.34,-55.09,-54.46,-37.5,3,"Brazil","Maranhão","Açailândia",-4.70297599,-47.2219367927226,113121,"BRA","BR",76,"BRL","2100055","ChIJGyee5TH0xZIRLnyJmgHMmac",NA,"BRMA2100055",NA,"BRA.10.1_1"
"efabdd1c",2020-09-14,3225,84,NA,NA,NA,NA,NA,NA,NA,NA,3,-2,1,-3,-1,1,1,1,2,2,0,4,0,3,-52.34,-55.09,-54.46,-37.5,3,"Brazil","Maranhão","Açailândia",-4.70297599,-47.2219367927226,113121,"BRA","BR",76,"BRL","2100055","ChIJGyee5TH0xZIRLnyJmgHMmac",NA,"BRMA2100055",NA,"BRA.10.1_1"
"efabdd1c",2020-09-15,3228,84,NA,NA,NA,NA,NA,NA,NA,NA,3,-2,1,-3,-1,1,1,1,2,2,0,4,0,3,-52.34,-55.09,-54.46,-37.5,3,"Brazil","Maranhão","Açailândia",-4.70297599,-47.2219367927226,113121,"BRA","BR",76,"BRL","2100055","ChIJGyee5TH0xZIRLnyJmgHMmac",NA,"BRMA2100055",NA,"BRA.10.1_1"
"efabdd1c",2020-09-16,3247,84,NA,NA,NA,NA,NA,NA,NA,NA,3,-2,1,-3,-1,1,1,1,2,2,0,4,0,3,-52.34,-55.09,-54.46,-37.5,3,"Brazil","Maranhão","Açailândia",-4.70297599,-47.2219367927226,113121,"BRA","BR",76,"BRL","2100055","ChIJGyee5TH0xZIRLnyJmgHMmac",NA,"BRMA2100055",NA,"BRA.10.1_1"
"efabdd1c",2020-09-17,3261,84,NA,NA,NA,NA,NA,NA,NA,NA,3,-2,1,-3,-1,1,1,1,2,2,0,4,0,3,-52.34,-55.09,-54.46,-37.5,3,"Brazil","Maranhão","Açailândia",-4.70297599,-47.2219367927226,113121,"BRA","BR",76,"BRL","2100055","ChIJGyee5TH0xZIRLnyJmgHMmac",NA,"BRMA2100055",NA,"BRA.10.1_1"
"efabdd1c",2020-09-18,3289,84,NA,NA,NA,NA,NA,NA,NA,NA,3,-2,1,-3,-1,1,1,1,2,2,0,4,0,3,-52.34,-55.09,-54.46,-37.5,3,"Brazil","Maranhão","Açailândia",-4.70297599,-47.2219367927226,113121,"BRA","BR",76,"BRL","2100055","ChIJGyee5TH0xZIRLnyJmgHMmac",NA,"BRMA2100055",NA,"BRA.10.1_1"
"efabdd1c",2020-09-19,3304,84,NA,NA,NA,NA,NA,NA,NA,NA,3,-2,1,-3,-1,1,1,1,2,2,0,4,0,3,-52.34,-55.09,-54.46,-37.5,3,"Brazil","Maranhão","Açailândia",-4.70297599,-47.2219367927226,113121,"BRA","BR",76,"BRL","2100055","ChIJGyee5TH0xZIRLnyJmgHMmac",NA,"BRMA2100055",NA,"BRA.10.1_1"
"efabdd1c",2020-09-20,3311,84,NA,NA,NA,NA,NA,NA,NA,NA,3,-2,1,-3,-1,1,1,1,2,2,0,4,0,3,-52.34,-55.09,-54.46,-37.5,3,"Brazil","Maranhão","Açailândia",-4.70297599,-47.2219367927226,113121,"BRA","BR",76,"BRL","2100055","ChIJGyee5TH0xZIRLnyJmgHMmac",NA,"BRMA2100055",NA,"BRA.10.1_1"
"efabdd1c",2020-09-21,3311,84,NA,NA,NA,NA,NA,NA,NA,NA,3,-2,1,-3,-1,1,1,1,2,2,0,4,0,3,-52.34,-55.09,-54.46,-37.5,3,"Brazil","Maranhão","Açailândia",-4.70297599,-47.2219367927226,113121,"BRA","BR",76,"BRL","2100055","ChIJGyee5TH0xZIRLnyJmgHMmac",NA,"BRMA2100055",NA,"BRA.10.1_1"
"efabdd1c",2020-09-22,3321,84,NA,NA,NA,NA,NA,NA,NA,NA,3,-2,1,2,-1,1,1,1,2,2,0,4,0,3,-51.56,-53.7,-53.57,-37.5,3,"Brazil","Maranhão","Açailândia",-4.70297599,-47.2219367927226,113121,"BRA","BR",76,"BRL","2100055","ChIJGyee5TH0xZIRLnyJmgHMmac",NA,"BRMA2100055",NA,"BRA.10.1_1"
"efabdd1c",2020-09-23,3321,84,NA,NA,NA,NA,NA,NA,NA,NA,3,-2,1,2,-1,1,1,1,2,2,0,4,0,3,-51.56,-53.7,-53.57,-37.5,3,"Brazil","Maranhão","Açailândia",-4.70297599,-47.2219367927226,113121,"BRA","BR",76,"BRL","2100055","ChIJGyee5TH0xZIRLnyJmgHMmac",NA,"BRMA2100055",NA,"BRA.10.1_1"
"efabdd1c",2020-09-24,3322,84,NA,NA,NA,NA,NA,NA,NA,NA,3,-2,1,2,-1,1,1,1,2,2,0,4,0,3,-51.56,-53.7,-53.57,-37.5,3,"Brazil","Maranhão","Açailândia",-4.70297599,-47.2219367927226,113121,"BRA","BR",76,"BRL","2100055","ChIJGyee5TH0xZIRLnyJmgHMmac",NA,"BRMA2100055",NA,"BRA.10.1_1"
"efabdd1c",2020-09-25,3340,84,NA,NA,NA,NA,NA,NA,NA,NA,3,-2,1,2,-1,1,1,1,2,2,0,4,0,3,-51.56,-53.7,-53.57,-37.5,3,"Brazil","Maranhão","Açailândia",-4.70297599,-47.2219367927226,113121,"BRA","BR",76,"BRL","2100055","ChIJGyee5TH0xZIRLnyJmgHMmac",NA,"BRMA2100055",NA,"BRA.10.1_1"
"efabdd1c",2020-09-26,3340,84,NA,NA,NA,NA,NA,NA,NA,NA,3,-2,1,2,-1,1,1,1,2,2,0,4,0,3,-51.56,-53.7,-53.57,-37.5,3,"Brazil","Maranhão","Açailândia",-4.70297599,-47.2219367927226,113121,"BRA","BR",76,"BRL","2100055","ChIJGyee5TH0xZIRLnyJmgHMmac",NA,"BRMA2100055",NA,"BRA.10.1_1"
"efabdd1c",2020-09-27,3340,84,NA,NA,NA,NA,NA,NA,NA,NA,3,-2,1,2,-1,1,1,1,2,2,0,4,0,3,-51.56,-53.7,-53.57,-37.5,3,"Brazil","Maranhão","Açailândia",-4.70297599,-47.2219367927226,113121,"BRA","BR",76,"BRL","2100055","ChIJGyee5TH0xZIRLnyJmgHMmac",NA,"BRMA2100055",NA,"BRA.10.1_1"
"efabdd1c",2020-09-28,3341,84,NA,NA,NA,NA,NA,NA,NA,NA,3,-2,1,2,-1,1,1,1,2,2,0,4,0,3,-51.56,-53.7,-53.57,-37.5,3,"Brazil","Maranhão","Açailândia",-4.70297599,-47.2219367927226,113121,"BRA","BR",76,"BRL","2100055","ChIJGyee5TH0xZIRLnyJmgHMmac",NA,"BRMA2100055",NA,"BRA.10.1_1"
"efabdd1c",2020-09-29,3342,85,NA,NA,NA,NA,NA,NA,NA,NA,3,-2,1,2,-1,1,1,1,2,2,0,4,0,3,-51.56,-53.7,-53.57,-37.5,3,"Brazil","Maranhão","Açailândia",-4.70297599,-47.2219367927226,113121,"BRA","BR",76,"BRL","2100055","ChIJGyee5TH0xZIRLnyJmgHMmac",NA,"BRMA2100055",NA,"BRA.10.1_1"
"efabdd1c",2020-09-30,3342,85,NA,NA,NA,NA,NA,NA,NA,NA,3,-2,1,2,1,1,0,1,2,2,0,4,0,3,-50,-50.93,-51.79,-37.5,3,"Brazil","Maranhão","Açailândia",-4.70297599,-47.2219367927226,113121,"BRA","BR",76,"BRL","2100055","ChIJGyee5TH0xZIRLnyJmgHMmac",NA,"BRMA2100055",NA,"BRA.10.1_1"
"efabdd1c",2020-10-01,3349,85,NA,NA,NA,NA,NA,NA,NA,NA,3,-2,1,2,1,1,0,1,2,2,0,4,0,3,-50,-50.93,-51.79,-37.5,3,"Brazil","Maranhão","Açailândia",-4.70297599,-47.2219367927226,113121,"BRA","BR",76,"BRL","2100055","ChIJGyee5TH0xZIRLnyJmgHMmac",NA,"BRMA2100055",NA,"BRA.10.1_1"
"efabdd1c",2020-10-02,3349,85,NA,NA,NA,NA,NA,NA,NA,NA,3,-2,1,2,1,1,0,4,2,2,0,4,0,3,-54.69,-59.26,-57.14,-37.5,3,"Brazil","Maranhão","Açailândia",-4.70297599,-47.2219367927226,113121,"BRA","BR",76,"BRL","2100055","ChIJGyee5TH0xZIRLnyJmgHMmac",NA,"BRMA2100055",NA,"BRA.10.1_1"
"efabdd1c",2020-10-03,3353,85,NA,NA,NA,NA,NA,NA,NA,NA,3,-2,1,2,1,1,0,4,2,2,0,4,0,3,-54.69,-59.26,-57.14,-37.5,3,"Brazil","Maranhão","Açailândia",-4.70297599,-47.2219367927226,113121,"BRA","BR",76,"BRL","2100055","ChIJGyee5TH0xZIRLnyJmgHMmac",NA,"BRMA2100055",NA,"BRA.10.1_1"
"efabdd1c",2020-10-04,3353,85,NA,NA,NA,NA,NA,NA,NA,NA,3,-2,1,2,1,1,0,4,2,2,0,4,0,3,-54.69,-59.26,-57.14,-37.5,3,"Brazil","Maranhão","Açailândia",-4.70297599,-47.2219367927226,113121,"BRA","BR",76,"BRL","2100055","ChIJGyee5TH0xZIRLnyJmgHMmac",NA,"BRMA2100055",NA,"BRA.10.1_1"
"efabdd1c",2020-10-05,3355,85,NA,NA,NA,NA,NA,NA,NA,NA,3,-2,1,2,1,1,0,4,2,2,0,4,0,3,-54.69,-59.26,-57.14,-37.5,3,"Brazil","Maranhão","Açailândia",-4.70297599,-47.2219367927226,113121,"BRA","BR",76,"BRL","2100055","ChIJGyee5TH0xZIRLnyJmgHMmac",NA,"BRMA2100055",NA,"BRA.10.1_1"
"efabdd1c",2020-10-06,3369,85,NA,NA,NA,NA,NA,NA,NA,NA,3,-2,1,2,1,1,0,4,2,2,0,4,0,3,-54.69,-59.26,-57.14,-37.5,3,"Brazil","Maranhão","Açailândia",-4.70297599,-47.2219367927226,113121,"BRA","BR",76,"BRL","2100055","ChIJGyee5TH0xZIRLnyJmgHMmac",NA,"BRMA2100055",NA,"BRA.10.1_1"
"efabdd1c",2020-10-07,3371,85,NA,NA,NA,NA,NA,NA,NA,NA,3,-2,1,2,1,1,0,4,2,2,0,4,0,3,-54.69,-59.26,-57.14,-37.5,3,"Brazil","Maranhão","Açailândia",-4.70297599,-47.2219367927226,113121,"BRA","BR",76,"BRL","2100055","ChIJGyee5TH0xZIRLnyJmgHMmac",NA,"BRMA2100055",NA,"BRA.10.1_1"
"efabdd1c",2020-10-08,3379,85,NA,NA,NA,NA,NA,NA,NA,NA,3,-2,1,2,1,1,0,4,2,2,0,4,0,3,-54.69,-59.26,-57.14,-37.5,3,"Brazil","Maranhão","Açailândia",-4.70297599,-47.2219367927226,113121,"BRA","BR",76,"BRL","2100055","ChIJGyee5TH0xZIRLnyJmgHMmac",NA,"BRMA2100055",NA,"BRA.10.1_1"
"efabdd1c",2020-10-09,3401,85,NA,NA,NA,NA,NA,NA,NA,NA,3,-2,1,2,1,1,0,4,2,2,0,4,0,3,-54.69,-59.26,-57.14,-37.5,3,"Brazil","Maranhão","Açailândia",-4.70297599,-47.2219367927226,113121,"BRA","BR",76,"BRL","2100055","ChIJGyee5TH0xZIRLnyJmgHMmac",NA,"BRMA2100055",NA,"BRA.10.1_1"
"efabdd1c",2020-10-10,3401,85,NA,NA,NA,NA,NA,NA,NA,NA,3,-2,1,2,1,1,0,4,2,2,0,4,0,3,-54.69,-59.26,-57.14,-37.5,3,"Brazil","Maranhão","Açailândia",-4.70297599,-47.2219367927226,113121,"BRA","BR",76,"BRL","2100055","ChIJGyee5TH0xZIRLnyJmgHMmac",NA,"BRMA2100055",NA,"BRA.10.1_1"
"efabdd1c",2020-10-11,3401,85,NA,NA,NA,NA,NA,NA,NA,NA,3,-2,1,2,1,1,0,4,2,2,0,4,0,3,-54.69,-59.26,-57.14,-37.5,3,"Brazil","Maranhão","Açailândia",-4.70297599,-47.2219367927226,113121,"BRA","BR",76,"BRL","2100055","ChIJGyee5TH0xZIRLnyJmgHMmac",NA,"BRMA2100055",NA,"BRA.10.1_1"
"efabdd1c",2020-10-12,3401,85,NA,NA,NA,NA,NA,NA,NA,NA,3,-2,1,2,1,1,0,4,2,2,0,4,0,3,-54.69,-59.26,-57.14,-37.5,3,"Brazil","Maranhão","Açailândia",-4.70297599,-47.2219367927226,113121,"BRA","BR",76,"BRL","2100055","ChIJGyee5TH0xZIRLnyJmgHMmac",NA,"BRMA2100055",NA,"BRA.10.1_1"
"efabdd1c",2020-10-13,3401,85,NA,NA,NA,NA,NA,NA,NA,NA,3,-2,1,2,1,1,0,4,2,2,0,4,0,3,-54.69,-59.26,-57.14,-37.5,3,"Brazil","Maranhão","Açailândia",-4.70297599,-47.2219367927226,113121,"BRA","BR",76,"BRL","2100055","ChIJGyee5TH0xZIRLnyJmgHMmac",NA,"BRMA2100055",NA,"BRA.10.1_1"
"efabdd1c",2020-10-14,3405,85,NA,NA,NA,NA,NA,NA,NA,NA,3,-2,1,2,1,1,0,4,2,2,0,4,0,3,-54.69,-59.26,-57.14,-37.5,3,"Brazil","Maranhão","Açailândia",-4.70297599,-47.2219367927226,113121,"BRA","BR",76,"BRL","2100055","ChIJGyee5TH0xZIRLnyJmgHMmac",NA,"BRMA2100055",NA,"BRA.10.1_1"
"efabdd1c",2020-10-15,3412,85,NA,NA,NA,NA,NA,NA,NA,NA,3,-2,1,2,1,1,0,3,2,2,0,4,0,3,-53.13,-56.48,-55.36,-37.5,3,"Brazil","Maranhão","Açailândia",-4.70297599,-47.2219367927226,113121,"BRA","BR",76,"BRL","2100055","ChIJGyee5TH0xZIRLnyJmgHMmac",NA,"BRMA2100055",NA,"BRA.10.1_1"
"efabdd1c",2020-10-16,3420,85,NA,NA,NA,NA,NA,NA,NA,NA,3,-2,1,2,1,1,0,3,2,2,0,4,0,3,-53.13,-56.48,-55.36,-37.5,3,"Brazil","Maranhão","Açailândia",-4.70297599,-47.2219367927226,113121,"BRA","BR",76,"BRL","2100055","ChIJGyee5TH0xZIRLnyJmgHMmac",NA,"BRMA2100055",NA,"BRA.10.1_1"
"efabdd1c",2020-10-17,3420,85,NA,NA,NA,NA,NA,NA,NA,NA,3,-2,1,2,1,1,0,3,2,2,0,4,0,3,-53.13,-56.48,-55.36,-37.5,3,"Brazil","Maranhão","Açailândia",-4.70297599,-47.2219367927226,113121,"BRA","BR",76,"BRL","2100055","ChIJGyee5TH0xZIRLnyJmgHMmac",NA,"BRMA2100055",NA,"BRA.10.1_1"
"efabdd1c",2020-10-18,3420,85,NA,NA,NA,NA,NA,NA,NA,NA,3,-2,1,2,1,1,0,3,2,2,0,4,0,3,-53.13,-56.48,-55.36,-37.5,3,"Brazil","Maranhão","Açailândia",-4.70297599,-47.2219367927226,113121,"BRA","BR",76,"BRL","2100055","ChIJGyee5TH0xZIRLnyJmgHMmac",NA,"BRMA2100055",NA,"BRA.10.1_1"
"efabdd1c",2020-10-19,3422,85,NA,NA,NA,NA,NA,NA,NA,NA,3,-2,1,2,1,1,0,3,2,2,0,4,0,3,-53.13,-56.48,-55.36,-37.5,3,"Brazil","Maranhão","Açailândia",-4.70297599,-47.2219367927226,113121,"BRA","BR",76,"BRL","2100055","ChIJGyee5TH0xZIRLnyJmgHMmac",NA,"BRMA2100055",NA,"BRA.10.1_1"
"efabdd1c",2020-10-20,3422,85,NA,NA,NA,NA,NA,NA,NA,NA,3,-2,1,2,1,1,0,3,2,2,0,4,0,3,-53.13,-56.48,-55.36,-37.5,3,"Brazil","Maranhão","Açailândia",-4.70297599,-47.2219367927226,113121,"BRA","BR",76,"BRL","2100055","ChIJGyee5TH0xZIRLnyJmgHMmac",NA,"BRMA2100055",NA,"BRA.10.1_1"
"efabdd1c",2020-10-21,3432,85,NA,NA,NA,NA,NA,NA,NA,NA,3,1,1,2,1,1,0,3,2,2,0,4,0,3,-52.08,-54.63,-54.17,-37.5,3,"Brazil","Maranhão","Açailândia",-4.70297599,-47.2219367927226,113121,"BRA","BR",76,"BRL","2100055","ChIJGyee5TH0xZIRLnyJmgHMmac",NA,"BRMA2100055",NA,"BRA.10.1_1"
"efabdd1c",2020-10-22,3443,85,NA,NA,NA,NA,NA,NA,NA,NA,3,1,1,2,1,1,0,3,2,2,0,4,0,3,-52.08,-54.63,-54.17,-37.5,3,"Brazil","Maranhão","Açailândia",-4.70297599,-47.2219367927226,113121,"BRA","BR",76,"BRL","2100055","ChIJGyee5TH0xZIRLnyJmgHMmac",NA,"BRMA2100055",NA,"BRA.10.1_1"
"efabdd1c",2020-10-23,3475,85,NA,NA,NA,NA,NA,NA,NA,NA,3,1,1,2,1,1,0,3,2,2,0,4,0,3,-52.08,-54.63,-54.17,-37.5,3,"Brazil","Maranhão","Açailândia",-4.70297599,-47.2219367927226,113121,"BRA","BR",76,"BRL","2100055","ChIJGyee5TH0xZIRLnyJmgHMmac",NA,"BRMA2100055",NA,"BRA.10.1_1"
"efabdd1c",2020-10-24,3477,85,NA,NA,NA,NA,NA,NA,NA,NA,3,1,1,2,1,1,0,3,2,2,0,4,0,3,-52.08,-54.63,-54.17,-37.5,3,"Brazil","Maranhão","Açailândia",-4.70297599,-47.2219367927226,113121,"BRA","BR",76,"BRL","2100055","ChIJGyee5TH0xZIRLnyJmgHMmac",NA,"BRMA2100055",NA,"BRA.10.1_1"
"efabdd1c",2020-10-25,3477,85,NA,NA,NA,NA,NA,NA,NA,NA,3,1,1,2,1,1,0,3,2,2,0,4,0,3,-52.08,-54.63,-54.17,-37.5,3,"Brazil","Maranhão","Açailândia",-4.70297599,-47.2219367927226,113121,"BRA","BR",76,"BRL","2100055","ChIJGyee5TH0xZIRLnyJmgHMmac",NA,"BRMA2100055",NA,"BRA.10.1_1"
"efabdd1c",2020-10-26,3478,85,NA,NA,NA,NA,NA,NA,NA,NA,3,1,1,2,1,1,0,3,2,2,0,4,0,3,-52.08,-54.63,-54.17,-37.5,3,"Brazil","Maranhão","Açailândia",-4.70297599,-47.2219367927226,113121,"BRA","BR",76,"BRL","2100055","ChIJGyee5TH0xZIRLnyJmgHMmac",NA,"BRMA2100055",NA,"BRA.10.1_1"
"efabdd1c",2020-10-27,3484,85,NA,NA,NA,NA,NA,NA,NA,NA,3,1,1,2,1,1,0,3,2,2,0,4,0,3,-52.08,-54.63,-54.17,-37.5,3,"Brazil","Maranhão","Açailândia",-4.70297599,-47.2219367927226,113121,"BRA","BR",76,"BRL","2100055","ChIJGyee5TH0xZIRLnyJmgHMmac",NA,"BRMA2100055",NA,"BRA.10.1_1"
"efabdd1c",2020-10-28,3484,85,NA,NA,NA,NA,NA,NA,NA,NA,3,1,1,2,1,1,0,3,2,2,0,4,0,3,-52.08,-54.63,-54.17,-37.5,3,"Brazil","Maranhão","Açailândia",-4.70297599,-47.2219367927226,113121,"BRA","BR",76,"BRL","2100055","ChIJGyee5TH0xZIRLnyJmgHMmac",NA,"BRMA2100055",NA,"BRA.10.1_1"
"efabdd1c",2020-10-29,3485,85,NA,NA,NA,NA,NA,NA,NA,NA,3,1,1,2,1,1,0,3,2,2,0,4,0,3,-52.08,-54.63,-54.17,-37.5,3,"Brazil","Maranhão","Açailândia",-4.70297599,-47.2219367927226,113121,"BRA","BR",76,"BRL","2100055","ChIJGyee5TH0xZIRLnyJmgHMmac",NA,"BRMA2100055",NA,"BRA.10.1_1"
"efabdd1c",2020-10-30,3491,86,NA,NA,NA,NA,NA,NA,NA,NA,3,1,1,2,1,1,0,3,2,2,0,4,0,3,-52.08,-54.63,-54.17,-37.5,3,"Brazil","Maranhão","Açailândia",-4.70297599,-47.2219367927226,113121,"BRA","BR",76,"BRL","2100055","ChIJGyee5TH0xZIRLnyJmgHMmac",NA,"BRMA2100055",NA,"BRA.10.1_1"
"efabdd1c",2020-10-31,3491,86,NA,NA,NA,NA,NA,NA,NA,NA,3,1,1,2,1,1,0,3,2,2,0,4,0,3,-48.96,-54.63,-54.17,-12.5,3,"Brazil","Maranhão","Açailândia",-4.70297599,-47.2219367927226,113121,"BRA","BR",76,"BRL","2100055","ChIJGyee5TH0xZIRLnyJmgHMmac",NA,"BRMA2100055",NA,"BRA.10.1_1"
"efabdd1c",2020-11-01,3491,86,NA,NA,NA,NA,NA,NA,NA,NA,3,1,1,2,1,1,0,3,2,2,0,4,0,3,-48.96,-54.63,-54.17,-12.5,3,"Brazil","Maranhão","Açailândia",-4.70297599,-47.2219367927226,113121,"BRA","BR",76,"BRL","2100055","ChIJGyee5TH0xZIRLnyJmgHMmac",NA,"BRMA2100055",NA,"BRA.10.1_1"
"efabdd1c",2020-11-02,3491,86,NA,NA,NA,NA,NA,NA,NA,NA,3,1,1,2,1,1,0,3,2,2,0,4,0,3,-48.96,-54.63,-54.17,-12.5,3,"Brazil","Maranhão","Açailândia",-4.70297599,-47.2219367927226,113121,"BRA","BR",76,"BRL","2100055","ChIJGyee5TH0xZIRLnyJmgHMmac",NA,"BRMA2100055",NA,"BRA.10.1_1"
"efabdd1c",2020-11-03,3491,86,NA,NA,NA,NA,NA,NA,NA,NA,3,1,1,2,1,1,0,3,2,2,0,4,0,3,-48.96,-54.63,-54.17,-12.5,3,"Brazil","Maranhão","Açailândia",-4.70297599,-47.2219367927226,113121,"BRA","BR",76,"BRL","2100055","ChIJGyee5TH0xZIRLnyJmgHMmac",NA,"BRMA2100055",NA,"BRA.10.1_1"
"efabdd1c",2020-11-04,3493,86,NA,NA,NA,NA,NA,NA,NA,NA,3,1,1,2,1,1,0,3,2,2,0,4,0,3,-48.96,-54.63,-54.17,-12.5,3,"Brazil","Maranhão","Açailândia",-4.70297599,-47.2219367927226,113121,"BRA","BR",76,"BRL","2100055","ChIJGyee5TH0xZIRLnyJmgHMmac",NA,"BRMA2100055",NA,"BRA.10.1_1"
"efabdd1c",2020-11-05,3500,86,NA,NA,NA,NA,NA,NA,NA,NA,3,1,1,2,1,1,0,3,2,2,0,4,0,3,-48.96,-54.63,-54.17,-12.5,3,"Brazil","Maranhão","Açailândia",-4.70297599,-47.2219367927226,113121,"BRA","BR",76,"BRL","2100055","ChIJGyee5TH0xZIRLnyJmgHMmac",NA,"BRMA2100055",NA,"BRA.10.1_1"
"efabdd1c",2020-11-06,3506,86,NA,NA,NA,NA,NA,NA,NA,NA,3,1,1,2,1,1,0,3,2,2,0,4,0,3,-48.96,-54.63,-54.17,-12.5,3,"Brazil","Maranhão","Açailândia",-4.70297599,-47.2219367927226,113121,"BRA","BR",76,"BRL","2100055","ChIJGyee5TH0xZIRLnyJmgHMmac",NA,"BRMA2100055",NA,"BRA.10.1_1"
"efabdd1c",2020-11-07,3519,86,NA,NA,NA,NA,NA,NA,NA,NA,3,1,1,2,1,1,0,3,2,2,0,4,0,3,-48.96,-54.63,-54.17,-12.5,3,"Brazil","Maranhão","Açailândia",-4.70297599,-47.2219367927226,113121,"BRA","BR",76,"BRL","2100055","ChIJGyee5TH0xZIRLnyJmgHMmac",NA,"BRMA2100055",NA,"BRA.10.1_1"
"efabdd1c",2020-11-08,3519,86,NA,NA,NA,NA,NA,NA,NA,NA,3,1,1,2,1,1,0,3,2,2,0,4,0,3,-48.96,-54.63,-54.17,-12.5,3,"Brazil","Maranhão","Açailândia",-4.70297599,-47.2219367927226,113121,"BRA","BR",76,"BRL","2100055","ChIJGyee5TH0xZIRLnyJmgHMmac",NA,"BRMA2100055",NA,"BRA.10.1_1"
"efabdd1c",2020-11-09,3520,87,NA,NA,NA,NA,NA,NA,NA,NA,3,1,1,2,1,1,0,3,2,2,0,4,0,3,-48.96,-54.63,-54.17,-12.5,3,"Brazil","Maranhão","Açailândia",-4.70297599,-47.2219367927226,113121,"BRA","BR",76,"BRL","2100055","ChIJGyee5TH0xZIRLnyJmgHMmac",NA,"BRMA2100055",NA,"BRA.10.1_1"
"efabdd1c",2020-11-10,3546,90,NA,NA,NA,NA,NA,NA,NA,NA,3,1,1,2,1,1,0,3,2,2,0,4,0,3,-48.96,-54.63,-54.17,-12.5,3,"Brazil","Maranhão","Açailândia",-4.70297599,-47.2219367927226,113121,"BRA","BR",76,"BRL","2100055","ChIJGyee5TH0xZIRLnyJmgHMmac",NA,"BRMA2100055",NA,"BRA.10.1_1"
"efabdd1c",2020-11-11,3549,91,NA,NA,NA,NA,NA,NA,NA,NA,3,1,1,2,1,1,0,3,2,2,0,4,0,3,-48.96,-54.63,-54.17,-12.5,3,"Brazil","Maranhão","Açailândia",-4.70297599,-47.2219367927226,113121,"BRA","BR",76,"BRL","2100055","ChIJGyee5TH0xZIRLnyJmgHMmac",NA,"BRMA2100055",NA,"BRA.10.1_1"
"efabdd1c",2020-11-12,3563,92,NA,NA,NA,NA,NA,NA,NA,NA,3,1,1,2,1,1,0,4,2,2,0,4,0,3,-50.52,-57.41,-55.95,-12.5,3,"Brazil","Maranhão","Açailândia",-4.70297599,-47.2219367927226,113121,"BRA","BR",76,"BRL","2100055","ChIJGyee5TH0xZIRLnyJmgHMmac",NA,"BRMA2100055",NA,"BRA.10.1_1"
"efabdd1c",2020-11-13,3563,93,NA,NA,NA,NA,NA,NA,NA,NA,3,1,1,2,1,1,0,4,2,2,0,4,0,3,-50.52,-57.41,-55.95,-12.5,3,"Brazil","Maranhão","Açailândia",-4.70297599,-47.2219367927226,113121,"BRA","BR",76,"BRL","2100055","ChIJGyee5TH0xZIRLnyJmgHMmac",NA,"BRMA2100055",NA,"BRA.10.1_1"
"efabdd1c",2020-11-14,3566,94,NA,NA,NA,NA,NA,NA,NA,NA,3,1,1,2,1,1,0,4,2,2,0,4,0,3,-50.52,-57.41,-55.95,-12.5,3,"Brazil","Maranhão","Açailândia",-4.70297599,-47.2219367927226,113121,"BRA","BR",76,"BRL","2100055","ChIJGyee5TH0xZIRLnyJmgHMmac",NA,"BRMA2100055",NA,"BRA.10.1_1"
"efabdd1c",2020-11-15,3566,94,NA,NA,NA,NA,NA,NA,NA,NA,3,1,1,2,1,1,0,4,2,2,0,4,0,3,-50.52,-57.41,-55.95,-12.5,3,"Brazil","Maranhão","Açailândia",-4.70297599,-47.2219367927226,113121,"BRA","BR",76,"BRL","2100055","ChIJGyee5TH0xZIRLnyJmgHMmac",NA,"BRMA2100055",NA,"BRA.10.1_1"
"efabdd1c",2020-11-16,3566,94,NA,NA,NA,NA,NA,NA,NA,NA,3,1,1,2,1,1,0,4,2,2,0,4,0,3,-50.52,-57.41,-55.95,-12.5,3,"Brazil","Maranhão","Açailândia",-4.70297599,-47.2219367927226,113121,"BRA","BR",76,"BRL","2100055","ChIJGyee5TH0xZIRLnyJmgHMmac",NA,"BRMA2100055",NA,"BRA.10.1_1"
"efabdd1c",2020-11-17,3566,94,NA,NA,NA,NA,NA,NA,NA,NA,3,1,1,2,1,1,0,4,2,2,0,4,0,3,-50.52,-57.41,-55.95,-12.5,3,"Brazil","Maranhão","Açailândia",-4.70297599,-47.2219367927226,113121,"BRA","BR",76,"BRL","2100055","ChIJGyee5TH0xZIRLnyJmgHMmac",NA,"BRMA2100055",NA,"BRA.10.1_1"
"efabdd1c",2020-11-18,3566,94,NA,NA,NA,NA,NA,NA,NA,NA,3,1,1,2,1,1,0,4,2,2,0,4,0,3,-50.52,-57.41,-55.95,-12.5,3,"Brazil","Maranhão","Açailândia",-4.70297599,-47.2219367927226,113121,"BRA","BR",76,"BRL","2100055","ChIJGyee5TH0xZIRLnyJmgHMmac",NA,"BRMA2100055",NA,"BRA.10.1_1"
"efabdd1c",2020-11-19,3567,94,NA,NA,NA,NA,NA,NA,NA,NA,3,1,1,2,1,1,0,4,2,2,0,4,0,3,-50.52,-57.41,-55.95,-12.5,3,"Brazil","Maranhão","Açailândia",-4.70297599,-47.2219367927226,113121,"BRA","BR",76,"BRL","2100055","ChIJGyee5TH0xZIRLnyJmgHMmac",NA,"BRMA2100055",NA,"BRA.10.1_1"
"efabdd1c",2020-11-20,3579,94,NA,NA,NA,NA,NA,NA,NA,NA,3,1,1,2,1,1,0,4,2,2,0,4,0,3,-50.52,-57.41,-55.95,-12.5,3,"Brazil","Maranhão","Açailândia",-4.70297599,-47.2219367927226,113121,"BRA","BR",76,"BRL","2100055","ChIJGyee5TH0xZIRLnyJmgHMmac",NA,"BRMA2100055",NA,"BRA.10.1_1"
"efabdd1c",2020-11-21,3579,94,NA,NA,NA,NA,NA,NA,NA,NA,3,1,1,2,1,1,0,4,2,2,0,4,0,3,-50.52,-57.41,-55.95,-12.5,3,"Brazil","Maranhão","Açailândia",-4.70297599,-47.2219367927226,113121,"BRA","BR",76,"BRL","2100055","ChIJGyee5TH0xZIRLnyJmgHMmac",NA,"BRMA2100055",NA,"BRA.10.1_1"
"efabdd1c",2020-11-22,3579,94,NA,NA,NA,NA,NA,NA,NA,NA,3,1,1,2,1,1,0,4,2,2,0,4,0,3,-50.52,-57.41,-55.95,-12.5,3,"Brazil","Maranhão","Açailândia",-4.70297599,-47.2219367927226,113121,"BRA","BR",76,"BRL","2100055","ChIJGyee5TH0xZIRLnyJmgHMmac",NA,"BRMA2100055",NA,"BRA.10.1_1"
"efabdd1c",2020-11-23,3579,94,NA,NA,NA,NA,NA,NA,NA,NA,3,1,1,2,1,1,0,4,2,2,0,4,0,3,-50.52,-57.41,-55.95,-12.5,3,"Brazil","Maranhão","Açailândia",-4.70297599,-47.2219367927226,113121,"BRA","BR",76,"BRL","2100055","ChIJGyee5TH0xZIRLnyJmgHMmac",NA,"BRMA2100055",NA,"BRA.10.1_1"
"efabdd1c",2020-11-24,3579,94,NA,NA,NA,NA,NA,NA,NA,NA,3,1,1,2,1,1,0,4,2,2,0,4,0,3,-50.52,-57.41,-55.95,-12.5,3,"Brazil","Maranhão","Açailândia",-4.70297599,-47.2219367927226,113121,"BRA","BR",76,"BRL","2100055","ChIJGyee5TH0xZIRLnyJmgHMmac",NA,"BRMA2100055",NA,"BRA.10.1_1"
"efabdd1c",2020-11-25,3579,94,NA,NA,NA,NA,NA,NA,NA,NA,3,1,1,2,1,1,0,4,2,2,0,4,0,3,-50.52,-57.41,-55.95,-12.5,3,"Brazil","Maranhão","Açailândia",-4.70297599,-47.2219367927226,113121,"BRA","BR",76,"BRL","2100055","ChIJGyee5TH0xZIRLnyJmgHMmac",NA,"BRMA2100055",NA,"BRA.10.1_1"
"efabdd1c",2020-11-26,3579,94,NA,NA,NA,NA,NA,NA,NA,NA,3,1,1,2,1,1,0,4,2,2,0,4,0,3,-50.52,-57.41,-55.95,-12.5,3,"Brazil","Maranhão","Açailândia",-4.70297599,-47.2219367927226,113121,"BRA","BR",76,"BRL","2100055","ChIJGyee5TH0xZIRLnyJmgHMmac",NA,"BRMA2100055",NA,"BRA.10.1_1"
"efabdd1c",2020-11-27,3579,94,NA,NA,NA,NA,NA,NA,NA,NA,3,1,1,2,1,1,0,4,2,2,0,4,0,3,-50.52,-57.41,-55.95,-12.5,3,"Brazil","Maranhão","Açailândia",-4.70297599,-47.2219367927226,113121,"BRA","BR",76,"BRL","2100055","ChIJGyee5TH0xZIRLnyJmgHMmac",NA,"BRMA2100055",NA,"BRA.10.1_1"
"efabdd1c",2020-11-28,3579,94,NA,NA,NA,NA,NA,NA,NA,NA,3,1,1,2,1,1,0,4,2,2,0,4,0,3,-50.52,-57.41,-55.95,-12.5,3,"Brazil","Maranhão","Açailândia",-4.70297599,-47.2219367927226,113121,"BRA","BR",76,"BRL","2100055","ChIJGyee5TH0xZIRLnyJmgHMmac",NA,"BRMA2100055",NA,"BRA.10.1_1"
"efabdd1c",2020-11-29,3579,94,NA,NA,NA,NA,NA,NA,NA,NA,3,1,1,2,1,1,0,4,2,2,0,4,0,3,-50.52,-57.41,-55.95,-12.5,3,"Brazil","Maranhão","Açailândia",-4.70297599,-47.2219367927226,113121,"BRA","BR",76,"BRL","2100055","ChIJGyee5TH0xZIRLnyJmgHMmac",NA,"BRMA2100055",NA,"BRA.10.1_1"
"efabdd1c",2020-11-30,3580,95,NA,NA,NA,NA,NA,NA,NA,NA,3,1,1,2,1,1,0,4,2,2,0,4,0,3,-50.52,-57.41,-55.95,-12.5,3,"Brazil","Maranhão","Açailândia",-4.70297599,-47.2219367927226,113121,"BRA","BR",76,"BRL","2100055","ChIJGyee5TH0xZIRLnyJmgHMmac",NA,"BRMA2100055",NA,"BRA.10.1_1"
"efabdd1c",2020-12-01,3580,95,NA,NA,NA,NA,NA,NA,NA,NA,3,1,1,2,1,1,0,4,2,2,0,4,0,3,-50.52,-57.41,-55.95,-12.5,3,"Brazil","Maranhão","Açailândia",-4.70297599,-47.2219367927226,113121,"BRA","BR",76,"BRL","2100055","ChIJGyee5TH0xZIRLnyJmgHMmac",NA,"BRMA2100055",NA,"BRA.10.1_1"
"efabdd1c",2020-12-02,3591,96,NA,NA,NA,NA,NA,NA,NA,NA,3,1,1,2,1,1,0,4,2,2,0,4,0,3,-50.52,-57.41,-55.95,-12.5,3,"Brazil","Maranhão","Açailândia",-4.70297599,-47.2219367927226,113121,"BRA","BR",76,"BRL","2100055","ChIJGyee5TH0xZIRLnyJmgHMmac",NA,"BRMA2100055",NA,"BRA.10.1_1"
"efabdd1c",2020-12-03,3606,96,NA,NA,NA,NA,NA,NA,NA,NA,3,1,1,2,1,1,0,4,2,2,0,4,0,3,-50.52,-57.41,-55.95,-12.5,3,"Brazil","Maranhão","Açailândia",-4.70297599,-47.2219367927226,113121,"BRA","BR",76,"BRL","2100055","ChIJGyee5TH0xZIRLnyJmgHMmac",NA,"BRMA2100055",NA,"BRA.10.1_1"
"efabdd1c",2020-12-04,3620,97,NA,NA,NA,NA,NA,NA,NA,NA,3,1,1,2,1,1,0,4,2,2,0,4,0,3,-50.52,-57.41,-55.95,-12.5,3,"Brazil","Maranhão","Açailândia",-4.70297599,-47.2219367927226,113121,"BRA","BR",76,"BRL","2100055","ChIJGyee5TH0xZIRLnyJmgHMmac",NA,"BRMA2100055",NA,"BRA.10.1_1"
"efabdd1c",2020-12-05,3638,97,NA,NA,NA,NA,NA,NA,NA,NA,3,1,1,2,1,1,0,4,2,2,0,4,0,3,-50.52,-57.41,-55.95,-12.5,3,"Brazil","Maranhão","Açailândia",-4.70297599,-47.2219367927226,113121,"BRA","BR",76,"BRL","2100055","ChIJGyee5TH0xZIRLnyJmgHMmac",NA,"BRMA2100055",NA,"BRA.10.1_1"
"efabdd1c",2020-12-06,3638,97,NA,NA,NA,NA,NA,NA,NA,NA,3,1,1,2,1,1,0,4,2,2,0,4,0,3,-50.52,-57.41,-55.95,-12.5,3,"Brazil","Maranhão","Açailândia",-4.70297599,-47.2219367927226,113121,"BRA","BR",76,"BRL","2100055","ChIJGyee5TH0xZIRLnyJmgHMmac",NA,"BRMA2100055",NA,"BRA.10.1_1"
"efabdd1c",2020-12-07,3638,97,NA,NA,NA,NA,NA,NA,NA,NA,3,1,1,2,1,1,0,4,2,2,0,4,0,3,-50.52,-57.41,-55.95,-12.5,3,"Brazil","Maranhão","Açailândia",-4.70297599,-47.2219367927226,113121,"BRA","BR",76,"BRL","2100055","ChIJGyee5TH0xZIRLnyJmgHMmac",NA,"BRMA2100055",NA,"BRA.10.1_1"
"efabdd1c",2020-12-08,3653,97,NA,NA,NA,NA,NA,NA,NA,NA,3,1,1,2,1,1,0,4,2,2,0,4,0,3,-50.52,-57.41,-55.95,-12.5,3,"Brazil","Maranhão","Açailândia",-4.70297599,-47.2219367927226,113121,"BRA","BR",76,"BRL","2100055","ChIJGyee5TH0xZIRLnyJmgHMmac",NA,"BRMA2100055",NA,"BRA.10.1_1"
"efabdd1c",2020-12-09,3674,97,NA,NA,NA,NA,NA,NA,NA,NA,3,1,1,2,1,1,0,4,2,2,0,4,0,3,-50.52,-57.41,-55.95,-12.5,3,"Brazil","Maranhão","Açailândia",-4.70297599,-47.2219367927226,113121,"BRA","BR",76,"BRL","2100055","ChIJGyee5TH0xZIRLnyJmgHMmac",NA,"BRMA2100055",NA,"BRA.10.1_1"
"efabdd1c",2020-12-10,3682,97,NA,NA,NA,NA,NA,NA,NA,NA,3,1,1,2,1,1,0,4,2,2,0,4,0,3,-50.52,-57.41,-55.95,-12.5,3,"Brazil","Maranhão","Açailândia",-4.70297599,-47.2219367927226,113121,"BRA","BR",76,"BRL","2100055","ChIJGyee5TH0xZIRLnyJmgHMmac",NA,"BRMA2100055",NA,"BRA.10.1_1"
"efabdd1c",2020-12-11,3688,98,NA,NA,NA,NA,NA,NA,NA,NA,3,1,1,2,1,1,0,4,2,2,0,4,0,3,-50.52,-57.41,-55.95,-12.5,3,"Brazil","Maranhão","Açailândia",-4.70297599,-47.2219367927226,113121,"BRA","BR",76,"BRL","2100055","ChIJGyee5TH0xZIRLnyJmgHMmac",NA,"BRMA2100055",NA,"BRA.10.1_1"
"efabdd1c",2020-12-12,3702,98,NA,NA,NA,NA,NA,NA,NA,NA,3,1,1,2,1,1,0,4,2,2,0,4,0,3,-50.52,-57.41,-55.95,-12.5,3,"Brazil","Maranhão","Açailândia",-4.70297599,-47.2219367927226,113121,"BRA","BR",76,"BRL","2100055","ChIJGyee5TH0xZIRLnyJmgHMmac",NA,"BRMA2100055",NA,"BRA.10.1_1"
"efabdd1c",2020-12-13,3702,98,NA,NA,NA,NA,NA,NA,NA,NA,3,1,1,2,1,1,0,4,2,2,0,4,0,3,-50.52,-57.41,-55.95,-12.5,3,"Brazil","Maranhão","Açailândia",-4.70297599,-47.2219367927226,113121,"BRA","BR",76,"BRL","2100055","ChIJGyee5TH0xZIRLnyJmgHMmac",NA,"BRMA2100055",NA,"BRA.10.1_1"
"efabdd1c",2020-12-14,3702,98,NA,NA,NA,NA,NA,NA,NA,NA,3,1,1,2,1,1,0,4,2,2,0,4,0,3,-50.52,-57.41,-55.95,-12.5,3,"Brazil","Maranhão","Açailândia",-4.70297599,-47.2219367927226,113121,"BRA","BR",76,"BRL","2100055","ChIJGyee5TH0xZIRLnyJmgHMmac",NA,"BRMA2100055",NA,"BRA.10.1_1"
"efabdd1c",2020-12-15,3704,99,NA,NA,NA,NA,NA,NA,NA,NA,3,1,1,2,1,1,0,4,2,2,0,4,0,3,-50.52,-57.41,-55.95,-12.5,3,"Brazil","Maranhão","Açailândia",-4.70297599,-47.2219367927226,113121,"BRA","BR",76,"BRL","2100055","ChIJGyee5TH0xZIRLnyJmgHMmac",NA,"BRMA2100055",NA,"BRA.10.1_1"
"efabdd1c",2020-12-16,3717,99,NA,NA,NA,NA,NA,NA,NA,NA,3,1,1,2,1,1,0,4,2,2,0,4,0,3,-50.52,-57.41,-55.95,-12.5,3,"Brazil","Maranhão","Açailândia",-4.70297599,-47.2219367927226,113121,"BRA","BR",76,"BRL","2100055","ChIJGyee5TH0xZIRLnyJmgHMmac",NA,"BRMA2100055",NA,"BRA.10.1_1"
"efabdd1c",2020-12-17,3719,100,NA,NA,NA,NA,NA,NA,NA,NA,3,1,1,2,1,1,0,4,2,2,0,4,0,3,-50.52,-57.41,-55.95,-12.5,3,"Brazil","Maranhão","Açailândia",-4.70297599,-47.2219367927226,113121,"BRA","BR",76,"BRL","2100055","ChIJGyee5TH0xZIRLnyJmgHMmac",NA,"BRMA2100055",NA,"BRA.10.1_1"
"efabdd1c",2020-12-18,3730,100,NA,NA,NA,NA,NA,NA,NA,NA,3,1,1,2,1,1,0,4,2,2,0,4,0,3,-50.52,-57.41,-55.95,-12.5,3,"Brazil","Maranhão","Açailândia",-4.70297599,-47.2219367927226,113121,"BRA","BR",76,"BRL","2100055","ChIJGyee5TH0xZIRLnyJmgHMmac",NA,"BRMA2100055",NA,"BRA.10.1_1"
"efabdd1c",2020-12-19,3730,100,NA,NA,NA,NA,NA,NA,NA,NA,3,1,1,2,1,1,0,4,2,2,0,4,0,3,-50.52,-57.41,-55.95,-12.5,3,"Brazil","Maranhão","Açailândia",-4.70297599,-47.2219367927226,113121,"BRA","BR",76,"BRL","2100055","ChIJGyee5TH0xZIRLnyJmgHMmac",NA,"BRMA2100055",NA,"BRA.10.1_1"
"efabdd1c",2020-12-20,3730,100,NA,NA,NA,NA,NA,NA,NA,NA,3,1,1,2,1,1,0,4,2,2,0,4,0,3,-50.52,-57.41,-55.95,-12.5,3,"Brazil","Maranhão","Açailândia",-4.70297599,-47.2219367927226,113121,"BRA","BR",76,"BRL","2100055","ChIJGyee5TH0xZIRLnyJmgHMmac",NA,"BRMA2100055",NA,"BRA.10.1_1"
"efabdd1c",2020-12-21,3730,100,NA,NA,NA,NA,NA,NA,NA,NA,3,1,1,2,1,1,0,4,2,2,0,4,0,3,-50.52,-57.41,-55.95,-12.5,3,"Brazil","Maranhão","Açailândia",-4.70297599,-47.2219367927226,113121,"BRA","BR",76,"BRL","2100055","ChIJGyee5TH0xZIRLnyJmgHMmac",NA,"BRMA2100055",NA,"BRA.10.1_1"
"efabdd1c",2020-12-22,3730,100,NA,NA,NA,NA,NA,NA,NA,NA,3,1,1,2,1,1,0,4,2,2,0,4,0,3,-50.52,-57.41,-55.95,-12.5,3,"Brazil","Maranhão","Açailândia",-4.70297599,-47.2219367927226,113121,"BRA","BR",76,"BRL","2100055","ChIJGyee5TH0xZIRLnyJmgHMmac",NA,"BRMA2100055",NA,"BRA.10.1_1"
"efabdd1c",2020-12-23,3730,100,NA,NA,NA,NA,NA,NA,NA,NA,3,1,1,2,1,1,0,3,2,2,0,4,0,3,-48.96,-54.63,-54.17,-12.5,3,"Brazil","Maranhão","Açailândia",-4.70297599,-47.2219367927226,113121,"BRA","BR",76,"BRL","2100055","ChIJGyee5TH0xZIRLnyJmgHMmac",NA,"BRMA2100055",NA,"BRA.10.1_1"
"efabdd1c",2020-12-24,3730,100,NA,NA,NA,NA,NA,NA,NA,NA,3,1,1,2,1,1,0,3,2,2,0,4,0,3,-48.96,-54.63,-54.17,-12.5,3,"Brazil","Maranhão","Açailândia",-4.70297599,-47.2219367927226,113121,"BRA","BR",76,"BRL","2100055","ChIJGyee5TH0xZIRLnyJmgHMmac",NA,"BRMA2100055",NA,"BRA.10.1_1"
"efabdd1c",2020-12-25,3730,100,NA,NA,NA,NA,NA,NA,NA,NA,3,1,1,2,1,1,0,3,2,2,0,4,0,3,-48.96,-54.63,-54.17,-12.5,3,"Brazil","Maranhão","Açailândia",-4.70297599,-47.2219367927226,113121,"BRA","BR",76,"BRL","2100055","ChIJGyee5TH0xZIRLnyJmgHMmac",NA,"BRMA2100055",NA,"BRA.10.1_1"
"efabdd1c",2020-12-26,3732,101,NA,NA,NA,NA,NA,NA,NA,NA,3,1,1,2,1,1,0,3,2,2,0,4,0,3,-48.96,-54.63,-54.17,-12.5,3,"Brazil","Maranhão","Açailândia",-4.70297599,-47.2219367927226,113121,"BRA","BR",76,"BRL","2100055","ChIJGyee5TH0xZIRLnyJmgHMmac",NA,"BRMA2100055",NA,"BRA.10.1_1"
"efabdd1c",2020-12-27,3732,101,NA,NA,NA,NA,NA,NA,NA,NA,3,1,1,2,1,1,0,3,2,2,0,4,0,3,-48.96,-54.63,-54.17,-12.5,3,"Brazil","Maranhão","Açailândia",-4.70297599,-47.2219367927226,113121,"BRA","BR",76,"BRL","2100055","ChIJGyee5TH0xZIRLnyJmgHMmac",NA,"BRMA2100055",NA,"BRA.10.1_1"
"efabdd1c",2020-12-28,3733,102,NA,NA,NA,NA,NA,NA,NA,NA,3,1,1,2,1,1,0,3,2,2,0,4,0,3,-48.96,-54.63,-54.17,-12.5,3,"Brazil","Maranhão","Açailândia",-4.70297599,-47.2219367927226,113121,"BRA","BR",76,"BRL","2100055","ChIJGyee5TH0xZIRLnyJmgHMmac",NA,"BRMA2100055",NA,"BRA.10.1_1"
"efabdd1c",2020-12-29,3741,102,NA,NA,NA,NA,NA,NA,NA,NA,3,1,1,2,1,1,0,3,2,2,0,4,0,3,-47.4,-54.63,-54.17,0,3,"Brazil","Maranhão","Açailândia",-4.70297599,-47.2219367927226,113121,"BRA","BR",76,"BRL","2100055","ChIJGyee5TH0xZIRLnyJmgHMmac",NA,"BRMA2100055",NA,"BRA.10.1_1"
"efabdd1c",2020-12-30,3741,103,NA,NA,NA,NA,NA,NA,NA,NA,3,1,1,2,1,1,0,3,2,2,0,4,0,3,-47.4,-54.63,-54.17,0,3,"Brazil","Maranhão","Açailândia",-4.70297599,-47.2219367927226,113121,"BRA","BR",76,"BRL","2100055","ChIJGyee5TH0xZIRLnyJmgHMmac",NA,"BRMA2100055",NA,"BRA.10.1_1"
"efabdd1c",2020-12-31,3741,104,NA,NA,NA,NA,NA,NA,NA,NA,3,1,1,2,1,1,0,3,2,2,0,4,0,3,-47.4,-54.63,-54.17,0,3,"Brazil","Maranhão","Açailândia",-4.70297599,-47.2219367927226,113121,"BRA","BR",76,"BRL","2100055","ChIJGyee5TH0xZIRLnyJmgHMmac",NA,"BRMA2100055",NA,"BRA.10.1_1"
"efabdd1c",2021-01-01,3741,104,NA,NA,NA,NA,NA,NA,NA,NA,3,1,1,2,1,1,0,3,2,2,0,4,0,3,-47.4,-54.63,-54.17,0,3,"Brazil","Maranhão","Açailândia",-4.70297599,-47.2219367927226,113121,"BRA","BR",76,"BRL","2100055","ChIJGyee5TH0xZIRLnyJmgHMmac",NA,"BRMA2100055",NA,"BRA.10.1_1"
"efabdd1c",2021-01-02,3741,104,NA,NA,NA,NA,NA,NA,NA,NA,3,1,1,2,1,1,0,3,2,2,0,4,0,3,-47.4,-54.63,-54.17,0,3,"Brazil","Maranhão","Açailândia",-4.70297599,-47.2219367927226,113121,"BRA","BR",76,"BRL","2100055","ChIJGyee5TH0xZIRLnyJmgHMmac",NA,"BRMA2100055",NA,"BRA.10.1_1"
"efabdd1c",2021-01-03,3741,104,NA,NA,NA,NA,NA,NA,NA,NA,3,1,1,2,1,1,0,3,2,2,0,4,0,3,-47.4,-54.63,-54.17,0,3,"Brazil","Maranhão","Açailândia",-4.70297599,-47.2219367927226,113121,"BRA","BR",76,"BRL","2100055","ChIJGyee5TH0xZIRLnyJmgHMmac",NA,"BRMA2100055",NA,"BRA.10.1_1"
"efabdd1c",2021-01-04,3741,104,NA,NA,NA,NA,NA,NA,NA,NA,2,1,1,2,1,1,0,3,2,2,0,4,0,3,-45.31,-50.93,-51.79,0,3,"Brazil","Maranhão","Açailândia",-4.70297599,-47.2219367927226,113121,"BRA","BR",76,"BRL","2100055","ChIJGyee5TH0xZIRLnyJmgHMmac",NA,"BRMA2100055",NA,"BRA.10.1_1"
"efabdd1c",2021-01-05,3741,104,NA,NA,NA,NA,NA,NA,NA,NA,2,1,1,2,1,1,0,3,2,2,0,4,0,3,-45.31,-50.93,-51.79,0,3,"Brazil","Maranhão","Açailândia",-4.70297599,-47.2219367927226,113121,"BRA","BR",76,"BRL","2100055","ChIJGyee5TH0xZIRLnyJmgHMmac",NA,"BRMA2100055",NA,"BRA.10.1_1"
"efabdd1c",2021-01-06,3741,104,NA,NA,NA,NA,NA,NA,NA,NA,2,1,1,2,1,1,0,3,2,2,0,4,0,3,-45.31,-50.93,-51.79,0,3,"Brazil","Maranhão","Açailândia",-4.70297599,-47.2219367927226,113121,"BRA","BR",76,"BRL","2100055","ChIJGyee5TH0xZIRLnyJmgHMmac",NA,"BRMA2100055",NA,"BRA.10.1_1"
"efabdd1c",2021-01-07,3741,104,NA,NA,NA,NA,NA,NA,NA,NA,2,1,1,2,1,1,0,3,2,2,0,4,0,3,-45.31,-50.93,-51.79,0,3,"Brazil","Maranhão","Açailândia",-4.70297599,-47.2219367927226,113121,"BRA","BR",76,"BRL","2100055","ChIJGyee5TH0xZIRLnyJmgHMmac",NA,"BRMA2100055",NA,"BRA.10.1_1"
"efabdd1c",2021-01-08,3741,104,NA,NA,NA,NA,NA,NA,NA,NA,2,1,1,2,1,1,0,3,2,2,0,4,0,3,-45.31,-50.93,-51.79,0,3,"Brazil","Maranhão","Açailândia",-4.70297599,-47.2219367927226,113121,"BRA","BR",76,"BRL","2100055","ChIJGyee5TH0xZIRLnyJmgHMmac",NA,"BRMA2100055",NA,"BRA.10.1_1"
"efabdd1c",2021-01-09,3741,104,NA,NA,NA,NA,NA,NA,NA,NA,2,1,1,2,1,1,0,3,2,2,0,4,0,3,-45.31,-50.93,-51.79,0,3,"Brazil","Maranhão","Açailândia",-4.70297599,-47.2219367927226,113121,"BRA","BR",76,"BRL","2100055","ChIJGyee5TH0xZIRLnyJmgHMmac",NA,"BRMA2100055",NA,"BRA.10.1_1"
"efabdd1c",2021-01-10,3741,104,NA,NA,NA,NA,NA,NA,NA,NA,2,1,1,2,1,1,0,3,2,2,0,4,0,3,-45.31,-50.93,-51.79,0,3,"Brazil","Maranhão","Açailândia",-4.70297599,-47.2219367927226,113121,"BRA","BR",76,"BRL","2100055","ChIJGyee5TH0xZIRLnyJmgHMmac",NA,"BRMA2100055",NA,"BRA.10.1_1"
"efabdd1c",2021-01-11,3741,104,NA,NA,NA,NA,NA,NA,NA,NA,2,1,1,2,1,1,0,3,2,2,0,4,0,3,-45.31,-50.93,-51.79,0,3,"Brazil","Maranhão","Açailândia",-4.70297599,-47.2219367927226,113121,"BRA","BR",76,"BRL","2100055","ChIJGyee5TH0xZIRLnyJmgHMmac",NA,"BRMA2100055",NA,"BRA.10.1_1"
"efabdd1c",2021-01-12,3741,104,NA,NA,NA,NA,NA,NA,NA,NA,2,1,1,2,1,1,0,3,2,2,0,4,0,3,-45.31,-50.93,-51.79,0,3,"Brazil","Maranhão","Açailândia",-4.70297599,-47.2219367927226,113121,"BRA","BR",76,"BRL","2100055","ChIJGyee5TH0xZIRLnyJmgHMmac",NA,"BRMA2100055",NA,"BRA.10.1_1"
"efabdd1c",2021-01-13,3741,104,NA,NA,NA,NA,NA,NA,NA,NA,2,1,1,2,1,1,0,3,2,2,0,4,0,3,-45.31,-50.93,-51.79,0,3,"Brazil","Maranhão","Açailândia",-4.70297599,-47.2219367927226,113121,"BRA","BR",76,"BRL","2100055","ChIJGyee5TH0xZIRLnyJmgHMmac",NA,"BRMA2100055",NA,"BRA.10.1_1"
"efabdd1c",2021-01-14,3741,104,NA,NA,NA,NA,NA,NA,NA,NA,2,1,1,2,1,1,0,3,2,2,0,4,0,3,-45.31,-50.93,-51.79,0,3,"Brazil","Maranhão","Açailândia",-4.70297599,-47.2219367927226,113121,"BRA","BR",76,"BRL","2100055","ChIJGyee5TH0xZIRLnyJmgHMmac",NA,"BRMA2100055",NA,"BRA.10.1_1"
"efabdd1c",2021-01-15,3741,104,NA,NA,NA,NA,NA,NA,NA,NA,2,1,1,2,1,1,0,3,2,2,0,4,0,3,-45.31,-50.93,-51.79,0,3,"Brazil","Maranhão","Açailândia",-4.70297599,-47.2219367927226,113121,"BRA","BR",76,"BRL","2100055","ChIJGyee5TH0xZIRLnyJmgHMmac",NA,"BRMA2100055",NA,"BRA.10.1_1"
"efabdd1c",2021-01-16,3741,104,NA,NA,NA,NA,NA,NA,NA,NA,2,1,1,2,1,1,0,3,2,2,0,4,0,3,-45.31,-50.93,-51.79,0,3,"Brazil","Maranhão","Açailândia",-4.70297599,-47.2219367927226,113121,"BRA","BR",76,"BRL","2100055","ChIJGyee5TH0xZIRLnyJmgHMmac",NA,"BRMA2100055",NA,"BRA.10.1_1"
"efabdd1c",2021-01-17,3741,104,NA,NA,NA,NA,NA,NA,NA,NA,2,1,1,2,1,1,0,3,2,2,0,4,0,3,-45.31,-50.93,-51.79,0,3,"Brazil","Maranhão","Açailândia",-4.70297599,-47.2219367927226,113121,"BRA","BR",76,"BRL","2100055","ChIJGyee5TH0xZIRLnyJmgHMmac",NA,"BRMA2100055",NA,"BRA.10.1_1"
"efabdd1c",2021-01-18,3741,104,NA,NA,NA,NA,NA,NA,NA,NA,2,1,1,2,1,1,0,3,2,2,0,4,3,3,-48.44,-50.93,-55.36,0,3,"Brazil","Maranhão","Açailândia",-4.70297599,-47.2219367927226,113121,"BRA","BR",76,"BRL","2100055","ChIJGyee5TH0xZIRLnyJmgHMmac",NA,"BRMA2100055",NA,"BRA.10.1_1"
"efabdd1c",2021-01-19,3745,104,NA,NA,NA,NA,NA,NA,NA,NA,2,1,1,0,1,1,0,3,2,2,0,4,3,3,-45.31,-45.37,-51.79,0,3,"Brazil","Maranhão","Açailândia",-4.70297599,-47.2219367927226,113121,"BRA","BR",76,"BRL","2100055","ChIJGyee5TH0xZIRLnyJmgHMmac",NA,"BRMA2100055",NA,"BRA.10.1_1"
"efabdd1c",2021-01-20,3750,104,NA,NA,79,79,0,NA,NA,NA,2,1,1,0,1,1,0,3,2,2,0,4,3,3,-45.31,-45.37,-51.79,0,3,"Brazil","Maranhão","Açailândia",-4.70297599,-47.2219367927226,113121,"BRA","BR",76,"BRL","2100055","ChIJGyee5TH0xZIRLnyJmgHMmac",NA,"BRMA2100055",NA,"BRA.10.1_1"
"efabdd1c",2021-01-21,3772,104,NA,NA,126,126,0,NA,NA,NA,2,1,1,0,1,1,0,3,2,2,0,4,3,3,-45.31,-45.37,-51.79,0,3,"Brazil","Maranhão","Açailândia",-4.70297599,-47.2219367927226,113121,"BRA","BR",76,"BRL","2100055","ChIJGyee5TH0xZIRLnyJmgHMmac",NA,"BRMA2100055",NA,"BRA.10.1_1"
"efabdd1c",2021-01-22,3781,104,NA,NA,159,159,0,NA,NA,NA,2,1,1,0,1,1,0,3,2,2,0,4,3,3,-45.31,-45.37,-51.79,0,3,"Brazil","Maranhão","Açailândia",-4.70297599,-47.2219367927226,113121,"BRA","BR",76,"BRL","2100055","ChIJGyee5TH0xZIRLnyJmgHMmac",NA,"BRMA2100055",NA,"BRA.10.1_1"
"efabdd1c",2021-01-23,3789,104,NA,NA,191,191,0,NA,NA,NA,2,1,1,0,1,1,0,3,2,2,0,4,3,3,-45.31,-45.37,-51.79,0,3,"Brazil","Maranhão","Açailândia",-4.70297599,-47.2219367927226,113121,"BRA","BR",76,"BRL","2100055","ChIJGyee5TH0xZIRLnyJmgHMmac",NA,"BRMA2100055",NA,"BRA.10.1_1"
"efabdd1c",2021-01-24,3789,104,NA,NA,207,207,0,NA,NA,NA,2,1,1,0,1,1,0,3,2,2,0,4,3,3,-45.31,-45.37,-51.79,0,3,"Brazil","Maranhão","Açailândia",-4.70297599,-47.2219367927226,113121,"BRA","BR",76,"BRL","2100055","ChIJGyee5TH0xZIRLnyJmgHMmac",NA,"BRMA2100055",NA,"BRA.10.1_1"
"efabdd1c",2021-01-25,3789,104,NA,NA,295,295,0,NA,NA,NA,2,1,1,0,1,1,0,3,2,2,0,4,3,3,-45.31,-45.37,-51.79,0,3,"Brazil","Maranhão","Açailândia",-4.70297599,-47.2219367927226,113121,"BRA","BR",76,"BRL","2100055","ChIJGyee5TH0xZIRLnyJmgHMmac",NA,"BRMA2100055",NA,"BRA.10.1_1"
"efabdd1c",2021-01-26,3789,104,NA,NA,345,345,0,NA,NA,NA,2,1,1,0,1,1,0,3,2,2,0,4,3,3,-45.31,-45.37,-51.79,0,3,"Brazil","Maranhão","Açailândia",-4.70297599,-47.2219367927226,113121,"BRA","BR",76,"BRL","2100055","ChIJGyee5TH0xZIRLnyJmgHMmac",NA,"BRMA2100055",NA,"BRA.10.1_1"
"efabdd1c",2021-01-27,3791,104,NA,NA,375,375,0,NA,NA,NA,2,1,1,-2,1,1,0,3,2,2,0,4,3,3,-47.66,-49.54,-54.46,0,3,"Brazil","Maranhão","Açailândia",-4.70297599,-47.2219367927226,113121,"BRA","BR",76,"BRL","2100055","ChIJGyee5TH0xZIRLnyJmgHMmac",NA,"BRMA2100055",NA,"BRA.10.1_1"
"efabdd1c",2021-01-28,3791,104,NA,NA,407,407,0,NA,NA,NA,2,1,1,-2,1,1,0,3,2,2,0,4,3,3,-47.66,-49.54,-54.46,0,3,"Brazil","Maranhão","Açailândia",-4.70297599,-47.2219367927226,113121,"BRA","BR",76,"BRL","2100055","ChIJGyee5TH0xZIRLnyJmgHMmac",NA,"BRMA2100055",NA,"BRA.10.1_1"
"efabdd1c",2021-01-29,3795,105,NA,NA,498,498,0,NA,NA,NA,2,1,1,-2,1,1,0,3,2,2,0,4,3,3,-47.66,-49.54,-54.46,0,3,"Brazil","Maranhão","Açailândia",-4.70297599,-47.2219367927226,113121,"BRA","BR",76,"BRL","2100055","ChIJGyee5TH0xZIRLnyJmgHMmac",NA,"BRMA2100055",NA,"BRA.10.1_1"
"efabdd1c",2021-01-30,3801,105,NA,NA,535,535,0,NA,NA,NA,2,1,1,-2,1,1,0,3,2,2,0,4,3,3,-47.66,-49.54,-54.46,0,3,"Brazil","Maranhão","Açailândia",-4.70297599,-47.2219367927226,113121,"BRA","BR",76,"BRL","2100055","ChIJGyee5TH0xZIRLnyJmgHMmac",NA,"BRMA2100055",NA,"BRA.10.1_1"
"efabdd1c",2021-01-31,3801,105,NA,NA,591,591,0,NA,NA,NA,2,1,1,-2,1,1,0,3,2,2,0,4,3,3,-47.66,-49.54,-54.46,0,3,"Brazil","Maranhão","Açailândia",-4.70297599,-47.2219367927226,113121,"BRA","BR",76,"BRL","2100055","ChIJGyee5TH0xZIRLnyJmgHMmac",NA,"BRMA2100055",NA,"BRA.10.1_1"
"efabdd1c",2021-02-01,3804,105,NA,NA,629,629,0,NA,NA,NA,2,1,1,-2,1,1,0,3,2,2,0,4,3,3,-47.66,-49.54,-54.46,0,3,"Brazil","Maranhão","Açailândia",-4.70297599,-47.2219367927226,113121,"BRA","BR",76,"BRL","2100055","ChIJGyee5TH0xZIRLnyJmgHMmac",NA,"BRMA2100055",NA,"BRA.10.1_1"
"efabdd1c",2021-02-02,3821,105,NA,NA,658,658,0,NA,NA,NA,2,1,1,-2,1,1,0,3,2,2,0,4,3,3,-47.66,-49.54,-54.46,0,3,"Brazil","Maranhão","Açailândia",-4.70297599,-47.2219367927226,113121,"BRA","BR",76,"BRL","2100055","ChIJGyee5TH0xZIRLnyJmgHMmac",NA,"BRMA2100055",NA,"BRA.10.1_1"
"efabdd1c",2021-02-03,3838,105,NA,NA,674,674,0,NA,NA,NA,2,1,1,-2,1,1,0,3,2,2,0,4,3,3,-47.66,-49.54,-54.46,0,3,"Brazil","Maranhão","Açailândia",-4.70297599,-47.2219367927226,113121,"BRA","BR",76,"BRL","2100055","ChIJGyee5TH0xZIRLnyJmgHMmac",NA,"BRMA2100055",NA,"BRA.10.1_1"
"efabdd1c",2021-02-04,3838,105,NA,NA,677,677,0,NA,NA,NA,2,1,1,-2,1,1,0,3,2,2,0,4,3,3,-47.66,-49.54,-54.46,0,3,"Brazil","Maranhão","Açailândia",-4.70297599,-47.2219367927226,113121,"BRA","BR",76,"BRL","2100055","ChIJGyee5TH0xZIRLnyJmgHMmac",NA,"BRMA2100055",NA,"BRA.10.1_1"
"efabdd1c",2021-02-05,3838,105,NA,NA,730,730,0,NA,NA,NA,2,1,1,-2,1,1,0,3,2,2,0,4,3,3,-47.66,-49.54,-54.46,0,3,"Brazil","Maranhão","Açailândia",-4.70297599,-47.2219367927226,113121,"BRA","BR",76,"BRL","2100055","ChIJGyee5TH0xZIRLnyJmgHMmac",NA,"BRMA2100055",NA,"BRA.10.1_1"
"efabdd1c",2021-02-06,3838,105,NA,NA,762,731,31,NA,NA,NA,3,1,2,2,1,1,0,3,2,2,0,4,3,3,-53.65,-60.19,-61.31,0,3,"Brazil","Maranhão","Açailândia",-4.70297599,-47.2219367927226,113121,"BRA","BR",76,"BRL","2100055","ChIJGyee5TH0xZIRLnyJmgHMmac",NA,"BRMA2100055",NA,"BRA.10.1_1"
"efabdd1c",2021-02-07,3838,105,NA,NA,773,731,42,NA,NA,NA,3,1,2,2,1,1,0,3,2,2,0,4,3,3,-53.65,-60.19,-61.31,0,3,"Brazil","Maranhão","Açailândia",-4.70297599,-47.2219367927226,113121,"BRA","BR",76,"BRL","2100055","ChIJGyee5TH0xZIRLnyJmgHMmac",NA,"BRMA2100055",NA,"BRA.10.1_1"
"efabdd1c",2021-02-08,3839,105,NA,NA,841,784,57,NA,NA,NA,3,1,2,2,1,1,0,3,2,2,0,4,3,3,-53.65,-60.19,-61.31,0,3,"Brazil","Maranhão","Açailândia",-4.70297599,-47.2219367927226,113121,"BRA","BR",76,"BRL","2100055","ChIJGyee5TH0xZIRLnyJmgHMmac",NA,"BRMA2100055",NA,"BRA.10.1_1"
"efabdd1c",2021-02-09,3858,105,NA,NA,866,788,78,NA,NA,NA,3,1,2,2,1,1,0,3,2,2,0,4,3,3,-53.65,-60.19,-61.31,0,3,"Brazil","Maranhão","Açailândia",-4.70297599,-47.2219367927226,113121,"BRA","BR",76,"BRL","2100055","ChIJGyee5TH0xZIRLnyJmgHMmac",NA,"BRMA2100055",NA,"BRA.10.1_1"
"efabdd1c",2021-02-10,3858,105,NA,NA,896,809,87,NA,NA,NA,3,1,2,2,1,1,0,3,2,2,0,4,3,3,-53.65,-60.19,-61.31,0,3,"Brazil","Maranhão","Açailândia",-4.70297599,-47.2219367927226,113121,"BRA","BR",76,"BRL","2100055","ChIJGyee5TH0xZIRLnyJmgHMmac",NA,"BRMA2100055",NA,"BRA.10.1_1"
"efabdd1c",2021-02-11,3864,105,NA,NA,946,849,97,NA,NA,NA,3,1,2,2,1,1,0,3,2,2,0,4,3,3,-53.65,-60.19,-61.31,0,3,"Brazil","Maranhão","Açailândia",-4.70297599,-47.2219367927226,113121,"BRA","BR",76,"BRL","2100055","ChIJGyee5TH0xZIRLnyJmgHMmac",NA,"BRMA2100055",NA,"BRA.10.1_1"
"efabdd1c",2021-02-12,3883,105,NA,NA,979,870,109,NA,NA,NA,3,1,2,2,1,1,0,3,2,2,0,4,3,3,-53.65,-60.19,-61.31,0,3,"Brazil","Maranhão","Açailândia",-4.70297599,-47.2219367927226,113121,"BRA","BR",76,"BRL","2100055","ChIJGyee5TH0xZIRLnyJmgHMmac",NA,"BRMA2100055",NA,"BRA.10.1_1"
"efabdd1c",2021-02-13,3896,105,NA,NA,992,870,122,NA,NA,NA,3,1,2,2,1,1,0,3,2,2,0,4,3,3,-53.65,-60.19,-61.31,0,3,"Brazil","Maranhão","Açailândia",-4.70297599,-47.2219367927226,113121,"BRA","BR",76,"BRL","2100055","ChIJGyee5TH0xZIRLnyJmgHMmac",NA,"BRMA2100055",NA,"BRA.10.1_1"
"efabdd1c",2021-02-14,3896,105,NA,NA,1005,870,135,NA,NA,NA,3,1,2,2,1,1,0,3,2,2,0,4,3,3,-53.65,-60.19,-61.31,0,3,"Brazil","Maranhão","Açailândia",-4.70297599,-47.2219367927226,113121,"BRA","BR",76,"BRL","2100055","ChIJGyee5TH0xZIRLnyJmgHMmac",NA,"BRMA2100055",NA,"BRA.10.1_1"
"efabdd1c",2021-02-15,3896,105,NA,NA,1186,988,198,NA,NA,NA,3,1,2,2,1,1,0,3,2,2,0,4,3,3,-53.65,-60.19,-61.31,0,3,"Brazil","Maranhão","Açailândia",-4.70297599,-47.2219367927226,113121,"BRA","BR",76,"BRL","2100055","ChIJGyee5TH0xZIRLnyJmgHMmac",NA,"BRMA2100055",NA,"BRA.10.1_1"
"efabdd1c",2021-02-16,3896,105,NA,NA,1311,1071,240,NA,NA,NA,3,1,2,2,1,1,0,3,2,2,0,4,3,3,-53.65,-60.19,-61.31,0,3,"Brazil","Maranhão","Açailândia",-4.70297599,-47.2219367927226,113121,"BRA","BR",76,"BRL","2100055","ChIJGyee5TH0xZIRLnyJmgHMmac",NA,"BRMA2100055",NA,"BRA.10.1_1"
"efabdd1c",2021-02-17,3896,105,NA,NA,1439,1116,323,NA,NA,NA,3,1,2,2,1,1,0,3,2,2,0,4,3,3,-53.65,-60.19,-61.31,0,3,"Brazil","Maranhão","Açailândia",-4.70297599,-47.2219367927226,113121,"BRA","BR",76,"BRL","2100055","ChIJGyee5TH0xZIRLnyJmgHMmac",NA,"BRMA2100055",NA,"BRA.10.1_1"
"efabdd1c",2021-02-18,3899,105,NA,NA,1570,1231,339,NA,NA,NA,3,1,2,2,1,1,0,3,2,2,0,4,3,3,-53.65,-60.19,-61.31,0,3,"Brazil","Maranhão","Açailândia",-4.70297599,-47.2219367927226,113121,"BRA","BR",76,"BRL","2100055","ChIJGyee5TH0xZIRLnyJmgHMmac",NA,"BRMA2100055",NA,"BRA.10.1_1"
"efabdd1c",2021-02-19,3911,105,NA,NA,1913,1470,443,NA,NA,NA,3,1,2,2,1,1,0,3,2,2,0,4,3,3,-53.65,-60.19,-61.31,0,3,"Brazil","Maranhão","Açailândia",-4.70297599,-47.2219367927226,113121,"BRA","BR",76,"BRL","2100055","ChIJGyee5TH0xZIRLnyJmgHMmac",NA,"BRMA2100055",NA,"BRA.10.1_1"
"efabdd1c",2021-02-20,3922,105,NA,NA,1991,1523,468,NA,NA,NA,3,1,2,2,1,1,0,3,2,2,0,4,3,3,-53.65,-60.19,-61.31,0,3,"Brazil","Maranhão","Açailândia",-4.70297599,-47.2219367927226,113121,"BRA","BR",76,"BRL","2100055","ChIJGyee5TH0xZIRLnyJmgHMmac",NA,"BRMA2100055",NA,"BRA.10.1_1"
"efabdd1c",2021-02-21,3922,105,NA,NA,2013,1523,490,NA,NA,NA,3,1,2,2,1,1,0,3,2,2,0,4,3,3,-53.65,-60.19,-61.31,0,3,"Brazil","Maranhão","Açailândia",-4.70297599,-47.2219367927226,113121,"BRA","BR",76,"BRL","2100055","ChIJGyee5TH0xZIRLnyJmgHMmac",NA,"BRMA2100055",NA,"BRA.10.1_1"
"efabdd1c",2021-02-22,3922,105,NA,NA,2115,1547,568,NA,NA,NA,3,1,2,2,1,1,0,3,2,2,0,4,3,3,-53.65,-60.19,-61.31,0,3,"Brazil","Maranhão","Açailândia",-4.70297599,-47.2219367927226,113121,"BRA","BR",76,"BRL","2100055","ChIJGyee5TH0xZIRLnyJmgHMmac",NA,"BRMA2100055",NA,"BRA.10.1_1"
"efabdd1c",2021-02-23,3922,105,NA,NA,2174,1562,612,NA,NA,NA,2,1,2,2,1,1,-1,3,2,2,2,4,3,3,-60.94,-59.26,-67.86,-12.5,3,"Brazil","Maranhão","Açailândia",-4.70297599,-47.2219367927226,113121,"BRA","BR",76,"BRL","2100055","ChIJGyee5TH0xZIRLnyJmgHMmac",NA,"BRMA2100055",NA,"BRA.10.1_1"
"efabdd1c",2021-02-24,3922,106,NA,NA,2227,1580,647,NA,NA,NA,2,1,2,2,1,1,-1,3,2,2,2,4,3,3,-60.94,-59.26,-67.86,-12.5,3,"Brazil","Maranhão","Açailândia",-4.70297599,-47.2219367927226,113121,"BRA","BR",76,"BRL","2100055","ChIJGyee5TH0xZIRLnyJmgHMmac",NA,"BRMA2100055",NA,"BRA.10.1_1"
"efabdd1c",2021-02-25,3940,107,NA,NA,2310,1653,657,NA,NA,NA,2,1,2,2,1,1,-1,3,2,2,2,4,3,3,-60.94,-59.26,-67.86,-12.5,3,"Brazil","Maranhão","Açailândia",-4.70297599,-47.2219367927226,113121,"BRA","BR",76,"BRL","2100055","ChIJGyee5TH0xZIRLnyJmgHMmac",NA,"BRMA2100055",NA,"BRA.10.1_1"
"efabdd1c",2021-02-26,3940,109,NA,NA,2410,1725,685,NA,NA,NA,2,1,2,2,1,1,-1,3,2,2,2,4,3,3,-60.94,-59.26,-67.86,-12.5,3,"Brazil","Maranhão","Açailândia",-4.70297599,-47.2219367927226,113121,"BRA","BR",76,"BRL","2100055","ChIJGyee5TH0xZIRLnyJmgHMmac",NA,"BRMA2100055",NA,"BRA.10.1_1"
"efabdd1c",2021-02-27,3944,109,NA,NA,2426,1737,689,NA,NA,NA,2,1,2,2,1,1,-1,3,2,2,2,4,3,3,-60.94,-59.26,-67.86,-12.5,3,"Brazil","Maranhão","Açailândia",-4.70297599,-47.2219367927226,113121,"BRA","BR",76,"BRL","2100055","ChIJGyee5TH0xZIRLnyJmgHMmac",NA,"BRMA2100055",NA,"BRA.10.1_1"
"efabdd1c",2021-02-28,3945,110,NA,NA,2427,1737,690,NA,NA,NA,2,1,2,2,1,1,-1,3,2,2,2,4,3,3,-60.94,-59.26,-67.86,-12.5,3,"Brazil","Maranhão","Açailândia",-4.70297599,-47.2219367927226,113121,"BRA","BR",76,"BRL","2100055","ChIJGyee5TH0xZIRLnyJmgHMmac",NA,"BRMA2100055",NA,"BRA.10.1_1"
"efabdd1c",2021-03-01,3948,110,NA,NA,2476,1777,699,NA,NA,NA,2,1,2,4,1,1,-1,3,2,2,2,4,3,3,-64.06,-64.81,-71.43,-12.5,3,"Brazil","Maranhão","Açailândia",-4.70297599,-47.2219367927226,113121,"BRA","BR",76,"BRL","2100055","ChIJGyee5TH0xZIRLnyJmgHMmac",NA,"BRMA2100055",NA,"BRA.10.1_1"
"efabdd1c",2021-03-02,3959,110,NA,NA,2719,1923,796,NA,NA,NA,2,1,2,4,1,1,-1,3,2,2,2,4,3,3,-64.06,-64.81,-71.43,-12.5,3,"Brazil","Maranhão","Açailândia",-4.70297599,-47.2219367927226,113121,"BRA","BR",76,"BRL","2100055","ChIJGyee5TH0xZIRLnyJmgHMmac",NA,"BRMA2100055",NA,"BRA.10.1_1"
"efabdd1c",2021-03-03,3963,112,NA,NA,2864,2031,833,NA,NA,NA,2,1,2,4,1,1,-1,3,2,2,2,4,3,3,-64.06,-64.81,-71.43,-12.5,3,"Brazil","Maranhão","Açailândia",-4.70297599,-47.2219367927226,113121,"BRA","BR",76,"BRL","2100055","ChIJGyee5TH0xZIRLnyJmgHMmac",NA,"BRMA2100055",NA,"BRA.10.1_1"
"efabdd1c",2021-03-04,3964,112,NA,NA,3050,2098,952,NA,NA,NA,2,-2,2,4,1,1,-1,3,2,2,2,4,3,3,-65.1,-66.67,-72.62,-12.5,3,"Brazil","Maranhão","Açailândia",-4.70297599,-47.2219367927226,113121,"BRA","BR",76,"BRL","2100055","ChIJGyee5TH0xZIRLnyJmgHMmac",NA,"BRMA2100055",NA,"BRA.10.1_1"
"efabdd1c",2021-03-05,3964,113,NA,NA,3280,2148,1132,NA,NA,NA,3,2,2,4,-2,1,-1,3,2,2,2,4,3,1,-65.62,-75,-73.21,-12.5,3,"Brazil","Maranhão","Açailândia",-4.70297599,-47.2219367927226,113121,"BRA","BR",76,"BRL","2100055","ChIJGyee5TH0xZIRLnyJmgHMmac",NA,"BRMA2100055",NA,"BRA.10.1_1"
"efabdd1c",2021-03-06,3976,114,NA,NA,3291,2158,1133,NA,NA,NA,3,2,2,4,-2,1,-1,3,2,2,2,4,3,1,-65.62,-75,-73.21,-12.5,3,"Brazil","Maranhão","Açailândia",-4.70297599,-47.2219367927226,113121,"BRA","BR",76,"BRL","2100055","ChIJGyee5TH0xZIRLnyJmgHMmac",NA,"BRMA2100055",NA,"BRA.10.1_1"
"efabdd1c",2021-03-07,3978,116,NA,NA,3302,2169,1133,NA,NA,NA,3,2,2,4,-2,1,-1,3,2,2,2,4,3,1,-65.62,-75,-73.21,-12.5,3,"Brazil","Maranhão","Açailândia",-4.70297599,-47.2219367927226,113121,"BRA","BR",76,"BRL","2100055","ChIJGyee5TH0xZIRLnyJmgHMmac",NA,"BRMA2100055",NA,"BRA.10.1_1"
"efabdd1c",2021-03-08,3980,118,NA,NA,3354,2194,1160,NA,NA,NA,3,2,2,4,-2,1,-1,3,2,2,2,4,3,1,-65.62,-75,-73.21,-12.5,3,"Brazil","Maranhão","Açailândia",-4.70297599,-47.2219367927226,113121,"BRA","BR",76,"BRL","2100055","ChIJGyee5TH0xZIRLnyJmgHMmac",NA,"BRMA2100055",NA,"BRA.10.1_1"
"efabdd1c",2021-03-09,3986,120,NA,NA,3381,2212,1169,NA,NA,NA,3,2,2,4,-2,1,-1,3,2,2,2,4,3,1,-65.62,-75,-73.21,-12.5,3,"Brazil","Maranhão","Açailândia",-4.70297599,-47.2219367927226,113121,"BRA","BR",76,"BRL","2100055","ChIJGyee5TH0xZIRLnyJmgHMmac",NA,"BRMA2100055",NA,"BRA.10.1_1"
"efabdd1c",2021-03-10,3997,124,NA,NA,3439,2265,1174,NA,NA,NA,3,2,2,4,-2,1,-1,3,2,2,2,4,3,1,-65.62,-75,-73.21,-12.5,3,"Brazil","Maranhão","Açailândia",-4.70297599,-47.2219367927226,113121,"BRA","BR",76,"BRL","2100055","ChIJGyee5TH0xZIRLnyJmgHMmac",NA,"BRMA2100055",NA,"BRA.10.1_1"
"efabdd1c",2021-03-11,4009,125,NA,NA,3536,2361,1175,NA,NA,NA,3,2,2,4,-2,1,-1,3,2,2,2,4,3,1,-65.62,-75,-73.21,-12.5,3,"Brazil","Maranhão","Açailândia",-4.70297599,-47.2219367927226,113121,"BRA","BR",76,"BRL","2100055","ChIJGyee5TH0xZIRLnyJmgHMmac",NA,"BRMA2100055",NA,"BRA.10.1_1"
"efabdd1c",2021-03-12,4026,127,NA,NA,3611,2422,1189,NA,NA,NA,3,2,2,4,-2,1,-1,3,2,2,2,4,3,1,-65.62,-75,-73.21,-12.5,3,"Brazil","Maranhão","Açailândia",-4.70297599,-47.2219367927226,113121,"BRA","BR",76,"BRL","2100055","ChIJGyee5TH0xZIRLnyJmgHMmac",NA,"BRMA2100055",NA,"BRA.10.1_1"
"efabdd1c",2021-03-13,4093,129,NA,NA,3631,2427,1204,NA,NA,NA,3,2,2,4,-2,1,-1,3,2,2,2,4,3,-2,-66.67,-75,-74.4,-12.5,3,"Brazil","Maranhão","Açailândia",-4.70297599,-47.2219367927226,113121,"BRA","BR",76,"BRL","2100055","ChIJGyee5TH0xZIRLnyJmgHMmac",NA,"BRMA2100055",NA,"BRA.10.1_1"
"efabdd1c",2021-03-14,4093,129,NA,NA,NA,NA,NA,NA,NA,NA,3,2,2,4,-2,1,-1,3,2,2,2,4,3,-2,-66.67,-75,-74.4,-12.5,3,"Brazil","Maranhão","Açailândia",-4.70297599,-47.2219367927226,113121,"BRA","BR",76,"BRL","2100055","ChIJGyee5TH0xZIRLnyJmgHMmac",NA,"BRMA2100055",NA,"BRA.10.1_1"
"efabdd1c",2021-03-15,4093,129,NA,NA,3648,2443,1205,NA,NA,NA,3,2,2,4,-2,1,-1,3,2,2,2,4,3,-2,-66.67,-75,-74.4,-12.5,3,"Brazil","Maranhão","Açailândia",-4.70297599,-47.2219367927226,113121,"BRA","BR",76,"BRL","2100055","ChIJGyee5TH0xZIRLnyJmgHMmac",NA,"BRMA2100055",NA,"BRA.10.1_1"
"efabdd1c",2021-03-16,4093,129,NA,NA,3986,2728,1258,NA,NA,NA,3,2,2,4,-2,1,-1,3,2,2,2,4,3,-2,-66.67,-75,-74.4,-12.5,3,"Brazil","Maranhão","Açailândia",-4.70297599,-47.2219367927226,113121,"BRA","BR",76,"BRL","2100055","ChIJGyee5TH0xZIRLnyJmgHMmac",NA,"BRMA2100055",NA,"BRA.10.1_1"
"efabdd1c",2021-03-17,4193,131,NA,NA,4264,2950,1314,NA,NA,NA,3,2,2,4,-2,1,-1,3,2,2,2,4,3,-2,-66.67,-75,-74.4,-12.5,3,"Brazil","Maranhão","Açailândia",-4.70297599,-47.2219367927226,113121,"BRA","BR",76,"BRL","2100055","ChIJGyee5TH0xZIRLnyJmgHMmac",NA,"BRMA2100055",NA,"BRA.10.1_1"
"efabdd1c",2021-03-18,4209,134,NA,NA,4403,3046,1357,NA,NA,NA,3,2,2,4,-2,1,-1,3,2,2,2,4,3,-2,-66.67,-75,-74.4,-12.5,3,"Brazil","Maranhão","Açailândia",-4.70297599,-47.2219367927226,113121,"BRA","BR",76,"BRL","2100055","ChIJGyee5TH0xZIRLnyJmgHMmac",NA,"BRMA2100055",NA,"BRA.10.1_1"
"efabdd1c",2021-03-19,4234,134,NA,NA,NA,NA,NA,NA,NA,NA,3,2,2,4,-2,-2,-1,3,2,2,2,4,3,-2,-67.71,-76.85,-75.6,-12.5,3,"Brazil","Maranhão","Açailândia",-4.70297599,-47.2219367927226,113121,"BRA","BR",76,"BRL","2100055","ChIJGyee5TH0xZIRLnyJmgHMmac",NA,"BRMA2100055",NA,"BRA.10.1_1"
"efabdd1c",2021-03-20,4256,135,NA,NA,4404,3047,1357,NA,NA,NA,3,2,2,4,-2,-2,-1,3,2,2,2,4,3,-2,-67.71,-76.85,-75.6,-12.5,3,"Brazil","Maranhão","Açailândia",-4.70297599,-47.2219367927226,113121,"BRA","BR",76,"BRL","2100055","ChIJGyee5TH0xZIRLnyJmgHMmac",NA,"BRMA2100055",NA,"BRA.10.1_1"
"efabdd1c",2021-03-21,4256,135,NA,NA,4405,3047,1358,NA,NA,NA,3,2,2,4,-2,-2,-1,3,2,2,2,4,3,-2,-67.71,-76.85,-75.6,-12.5,3,"Brazil","Maranhão","Açailândia",-4.70297599,-47.2219367927226,113121,"BRA","BR",76,"BRL","2100055","ChIJGyee5TH0xZIRLnyJmgHMmac",NA,"BRMA2100055",NA,"BRA.10.1_1"
"efabdd1c",2021-03-22,4264,136,NA,NA,4427,3063,1364,NA,NA,NA,3,2,2,4,-2,-2,-1,3,2,2,2,4,3,2,-68.75,-76.85,-76.79,-12.5,3,"Brazil","Maranhão","Açailândia",-4.70297599,-47.2219367927226,113121,"BRA","BR",76,"BRL","2100055","ChIJGyee5TH0xZIRLnyJmgHMmac",NA,"BRMA2100055",NA,"BRA.10.1_1"
"efabdd1c",2021-03-23,4298,137,NA,NA,4549,3179,1370,NA,NA,NA,3,2,2,4,-2,-2,-1,3,2,2,2,4,3,2,-68.75,-76.85,-76.79,-12.5,3,"Brazil","Maranhão","Açailândia",-4.70297599,-47.2219367927226,113121,"BRA","BR",76,"BRL","2100055","ChIJGyee5TH0xZIRLnyJmgHMmac",NA,"BRMA2100055",NA,"BRA.10.1_1"
"efabdd1c",2021-03-24,4329,138,NA,NA,4745,3348,1397,NA,NA,NA,3,2,2,4,-2,-2,-1,3,2,2,2,4,3,2,-68.75,-76.85,-76.79,-12.5,3,"Brazil","Maranhão","Açailândia",-4.70297599,-47.2219367927226,113121,"BRA","BR",76,"BRL","2100055","ChIJGyee5TH0xZIRLnyJmgHMmac",NA,"BRMA2100055",NA,"BRA.10.1_1"
"efabdd1c",2021-03-25,4336,139,NA,NA,4997,3557,1440,NA,NA,NA,3,2,2,4,-2,-2,-1,3,2,2,2,4,3,2,-68.75,-76.85,-76.79,-12.5,3,"Brazil","Maranhão","Açailândia",-4.70297599,-47.2219367927226,113121,"BRA","BR",76,"BRL","2100055","ChIJGyee5TH0xZIRLnyJmgHMmac",NA,"BRMA2100055",NA,"BRA.10.1_1"
"efabdd1c",2021-03-26,4336,139,NA,NA,5104,3638,1466,NA,NA,NA,3,-3,2,4,-2,-2,-1,3,2,2,2,4,3,2,-69.79,-78.7,-77.98,-12.5,3,"Brazil","Maranhão","Açailândia",-4.70297599,-47.2219367927226,113121,"BRA","BR",76,"BRL","2100055","ChIJGyee5TH0xZIRLnyJmgHMmac",NA,"BRMA2100055",NA,"BRA.10.1_1"
"efabdd1c",2021-03-27,4336,139,NA,NA,5107,3641,1466,NA,NA,NA,3,-3,2,4,-2,-2,-1,3,2,2,2,4,3,2,-69.79,-78.7,-77.98,-12.5,3,"Brazil","Maranhão","Açailândia",-4.70297599,-47.2219367927226,113121,"BRA","BR",76,"BRL","2100055","ChIJGyee5TH0xZIRLnyJmgHMmac",NA,"BRMA2100055",NA,"BRA.10.1_1"
"efabdd1c",2021-03-28,4337,140,NA,NA,NA,NA,NA,NA,NA,NA,3,-3,2,4,-2,-2,-1,3,2,2,2,4,3,2,-69.79,-78.7,-77.98,-12.5,3,"Brazil","Maranhão","Açailândia",-4.70297599,-47.2219367927226,113121,"BRA","BR",76,"BRL","2100055","ChIJGyee5TH0xZIRLnyJmgHMmac",NA,"BRMA2100055",NA,"BRA.10.1_1"
"efabdd1c",2021-03-29,4338,142,NA,NA,5473,3999,1474,NA,NA,NA,3,-3,2,4,-2,-2,-1,3,2,2,2,4,3,2,-69.79,-78.7,-77.98,-12.5,3,"Brazil","Maranhão","Açailândia",-4.70297599,-47.2219367927226,113121,"BRA","BR",76,"BRL","2100055","ChIJGyee5TH0xZIRLnyJmgHMmac",NA,"BRMA2100055",NA,"BRA.10.1_1"
"efabdd1c",2021-03-30,4348,142,NA,NA,5973,4389,1584,NA,NA,NA,3,-3,2,4,-2,-2,-1,3,2,2,2,4,3,2,-69.79,-78.7,-77.98,-12.5,3,"Brazil","Maranhão","Açailândia",-4.70297599,-47.2219367927226,113121,"BRA","BR",76,"BRL","2100055","ChIJGyee5TH0xZIRLnyJmgHMmac",NA,"BRMA2100055",NA,"BRA.10.1_1"
"efabdd1c",2021-03-31,4356,143,NA,NA,6474,4783,1691,NA,NA,NA,3,-3,2,4,-2,-2,-1,3,2,2,2,4,3,2,-69.79,-78.7,-77.98,-12.5,3,"Brazil","Maranhão","Açailândia",-4.70297599,-47.2219367927226,113121,"BRA","BR",76,"BRL","2100055","ChIJGyee5TH0xZIRLnyJmgHMmac",NA,"BRMA2100055",NA,"BRA.10.1_1"
"efabdd1c",2021-04-01,4369,143,NA,NA,6972,5045,1927,NA,NA,NA,3,-3,2,4,-2,-2,-1,3,2,2,2,4,3,2,-69.79,-78.7,-77.98,-12.5,3,"Brazil","Maranhão","Açailândia",-4.70297599,-47.2219367927226,113121,"BRA","BR",76,"BRL","2100055","ChIJGyee5TH0xZIRLnyJmgHMmac",NA,"BRMA2100055",NA,"BRA.10.1_1"
"efabdd1c",2021-04-02,4375,147,NA,NA,7087,5078,2009,NA,NA,NA,3,-3,2,4,-2,-2,-1,3,2,2,2,4,3,2,-69.79,-78.7,-77.98,-12.5,3,"Brazil","Maranhão","Açailândia",-4.70297599,-47.2219367927226,113121,"BRA","BR",76,"BRL","2100055","ChIJGyee5TH0xZIRLnyJmgHMmac",NA,"BRMA2100055",NA,"BRA.10.1_1"
"efabdd1c",2021-04-03,4375,148,NA,NA,7146,5131,2015,NA,NA,NA,3,-3,2,4,-2,-2,-1,3,2,2,2,4,3,2,-69.79,-78.7,-77.98,-12.5,3,"Brazil","Maranhão","Açailândia",-4.70297599,-47.2219367927226,113121,"BRA","BR",76,"BRL","2100055","ChIJGyee5TH0xZIRLnyJmgHMmac",NA,"BRMA2100055",NA,"BRA.10.1_1"
"efabdd1c",2021-04-04,4376,150,NA,NA,NA,NA,NA,NA,NA,NA,3,-3,2,4,-2,-2,-1,3,2,2,2,4,3,2,-69.79,-78.7,-77.98,-12.5,3,"Brazil","Maranhão","Açailândia",-4.70297599,-47.2219367927226,113121,"BRA","BR",76,"BRL","2100055","ChIJGyee5TH0xZIRLnyJmgHMmac",NA,"BRMA2100055",NA,"BRA.10.1_1"
"efabdd1c",2021-04-05,4377,150,NA,NA,7290,5228,2062,NA,NA,NA,3,-3,2,4,-2,-2,-1,3,2,2,2,4,3,2,-69.79,-78.7,-77.98,-12.5,3,"Brazil","Maranhão","Açailândia",-4.70297599,-47.2219367927226,113121,"BRA","BR",76,"BRL","2100055","ChIJGyee5TH0xZIRLnyJmgHMmac",NA,"BRMA2100055",NA,"BRA.10.1_1"
"efabdd1c",2021-04-06,4380,150,NA,NA,7729,5637,2092,NA,NA,NA,3,-3,2,4,-2,-2,-1,3,2,2,2,4,3,2,-69.79,-78.7,-77.98,-12.5,3,"Brazil","Maranhão","Açailândia",-4.70297599,-47.2219367927226,113121,"BRA","BR",76,"BRL","2100055","ChIJGyee5TH0xZIRLnyJmgHMmac",NA,"BRMA2100055",NA,"BRA.10.1_1"
"efabdd1c",2021-04-07,4385,153,NA,NA,8219,6082,2137,NA,NA,NA,3,-3,2,4,-2,-2,-1,3,2,2,2,4,3,2,-69.79,-78.7,-77.98,-12.5,3,"Brazil","Maranhão","Açailândia",-4.70297599,-47.2219367927226,113121,"BRA","BR",76,"BRL","2100055","ChIJGyee5TH0xZIRLnyJmgHMmac",NA,"BRMA2100055",NA,"BRA.10.1_1"
"efabdd1c",2021-04-08,4388,153,NA,NA,8847,6624,2223,NA,NA,NA,3,-3,2,4,-2,-2,-1,3,2,2,2,4,3,2,-69.79,-78.7,-77.98,-12.5,3,"Brazil","Maranhão","Açailândia",-4.70297599,-47.2219367927226,113121,"BRA","BR",76,"BRL","2100055","ChIJGyee5TH0xZIRLnyJmgHMmac",NA,"BRMA2100055",NA,"BRA.10.1_1"
"efabdd1c",2021-04-09,4397,155,NA,NA,9651,7321,2330,NA,NA,NA,3,-3,2,4,-2,-2,-1,3,2,2,2,4,3,2,-69.79,-78.7,-77.98,-12.5,3,"Brazil","Maranhão","Açailândia",-4.70297599,-47.2219367927226,113121,"BRA","BR",76,"BRL","2100055","ChIJGyee5TH0xZIRLnyJmgHMmac",NA,"BRMA2100055",NA,"BRA.10.1_1"
"efabdd1c",2021-04-10,4397,156,NA,NA,9652,7322,2330,NA,NA,NA,3,-3,2,4,-2,-2,-1,3,2,2,2,4,3,2,-69.79,-78.7,-77.98,-12.5,3,"Brazil","Maranhão","Açailândia",-4.70297599,-47.2219367927226,113121,"BRA","BR",76,"BRL","2100055","ChIJGyee5TH0xZIRLnyJmgHMmac",NA,"BRMA2100055",NA,"BRA.10.1_1"
"efabdd1c",2021-04-11,4403,156,NA,NA,9653,7323,2330,NA,NA,NA,3,-3,2,4,-2,-2,-1,3,2,2,2,4,3,2,-69.79,-78.7,-77.98,-12.5,3,"Brazil","Maranhão","Açailândia",-4.70297599,-47.2219367927226,113121,"BRA","BR",76,"BRL","2100055","ChIJGyee5TH0xZIRLnyJmgHMmac",NA,"BRMA2100055",NA,"BRA.10.1_1"
"efabdd1c",2021-04-12,4418,156,NA,NA,9949,7484,2465,NA,NA,NA,3,-3,2,4,-2,-2,-1,3,2,2,2,4,3,3,-71.88,-78.7,-80.36,-12.5,3,"Brazil","Maranhão","Açailândia",-4.70297599,-47.2219367927226,113121,"BRA","BR",76,"BRL","2100055","ChIJGyee5TH0xZIRLnyJmgHMmac",NA,"BRMA2100055",NA,"BRA.10.1_1"
"efabdd1c",2021-04-13,4433,156,NA,NA,10436,7704,2732,NA,NA,NA,3,2,2,4,1,1,-1,3,2,2,2,4,3,3,-68.23,-72.22,-76.19,-12.5,3,"Brazil","Maranhão","Açailândia",-4.70297599,-47.2219367927226,113121,"BRA","BR",76,"BRL","2100055","ChIJGyee5TH0xZIRLnyJmgHMmac",NA,"BRMA2100055",NA,"BRA.10.1_1"
"efabdd1c",2021-04-14,4460,156,NA,NA,10814,7798,3016,NA,NA,NA,3,2,2,4,1,1,-1,3,2,2,2,4,3,3,-68.23,-72.22,-76.19,-12.5,3,"Brazil","Maranhão","Açailândia",-4.70297599,-47.2219367927226,113121,"BRA","BR",76,"BRL","2100055","ChIJGyee5TH0xZIRLnyJmgHMmac",NA,"BRMA2100055",NA,"BRA.10.1_1"
"efabdd1c",2021-04-15,4483,158,NA,NA,11155,7845,3310,NA,NA,NA,3,2,2,4,1,1,-1,3,2,2,2,4,3,3,-68.23,-72.22,-76.19,-12.5,3,"Brazil","Maranhão","Açailândia",-4.70297599,-47.2219367927226,113121,"BRA","BR",76,"BRL","2100055","ChIJGyee5TH0xZIRLnyJmgHMmac",NA,"BRMA2100055",NA,"BRA.10.1_1"
"efabdd1c",2021-04-16,4543,159,NA,NA,11531,7965,3566,NA,NA,NA,3,2,2,4,1,1,-1,3,2,2,2,4,3,3,-68.23,-72.22,-76.19,-12.5,3,"Brazil","Maranhão","Açailândia",-4.70297599,-47.2219367927226,113121,"BRA","BR",76,"BRL","2100055","ChIJGyee5TH0xZIRLnyJmgHMmac",NA,"BRMA2100055",NA,"BRA.10.1_1"
"efabdd1c",2021-04-17,4558,159,NA,NA,11600,8030,3570,NA,NA,NA,3,2,2,4,1,1,-1,3,2,2,2,4,3,3,-68.23,-72.22,-76.19,-12.5,3,"Brazil","Maranhão","Açailândia",-4.70297599,-47.2219367927226,113121,"BRA","BR",76,"BRL","2100055","ChIJGyee5TH0xZIRLnyJmgHMmac",NA,"BRMA2100055",NA,"BRA.10.1_1"
"efabdd1c",2021-04-18,4572,159,NA,NA,11603,8033,3570,NA,NA,NA,3,2,2,4,1,1,-1,3,2,2,2,4,3,3,-68.23,-72.22,-76.19,-12.5,3,"Brazil","Maranhão","Açailândia",-4.70297599,-47.2219367927226,113121,"BRA","BR",76,"BRL","2100055","ChIJGyee5TH0xZIRLnyJmgHMmac",NA,"BRMA2100055",NA,"BRA.10.1_1"
"efabdd1c",2021-04-19,4587,160,NA,NA,12082,8447,3635,NA,NA,NA,3,2,2,4,1,1,-1,3,2,2,2,4,3,3,-68.23,-72.22,-76.19,-12.5,3,"Brazil","Maranhão","Açailândia",-4.70297599,-47.2219367927226,113121,"BRA","BR",76,"BRL","2100055","ChIJGyee5TH0xZIRLnyJmgHMmac",NA,"BRMA2100055",NA,"BRA.10.1_1"
"efabdd1c",2021-04-20,4600,160,NA,NA,12834,9047,3787,NA,NA,NA,3,2,2,4,1,1,-1,3,2,2,2,4,3,2,-66.15,-72.22,-73.81,-12.5,3,"Brazil","Maranhão","Açailândia",-4.70297599,-47.2219367927226,113121,"BRA","BR",76,"BRL","2100055","ChIJGyee5TH0xZIRLnyJmgHMmac",NA,"BRMA2100055",NA,"BRA.10.1_1"
"efabdd1c",2021-04-21,4607,160,NA,NA,13637,9522,4115,NA,NA,NA,3,2,2,4,1,1,-1,3,2,2,2,4,3,2,-66.15,-72.22,-73.81,-12.5,3,"Brazil","Maranhão","Açailândia",-4.70297599,-47.2219367927226,113121,"BRA","BR",76,"BRL","2100055","ChIJGyee5TH0xZIRLnyJmgHMmac",NA,"BRMA2100055",NA,"BRA.10.1_1"
"efabdd1c",2021-04-22,4615,164,NA,NA,13870,9573,4297,NA,NA,NA,3,2,2,4,1,1,-1,3,2,2,2,4,3,2,-66.15,-72.22,-73.81,-12.5,3,"Brazil","Maranhão","Açailândia",-4.70297599,-47.2219367927226,113121,"BRA","BR",76,"BRL","2100055","ChIJGyee5TH0xZIRLnyJmgHMmac",NA,"BRMA2100055",NA,"BRA.10.1_1"
"efabdd1c",2021-04-23,4644,164,NA,NA,14000,9627,4373,NA,NA,NA,3,2,2,4,1,1,-1,3,2,2,2,4,3,2,-66.15,-72.22,-73.81,-12.5,3,"Brazil","Maranhão","Açailândia",-4.70297599,-47.2219367927226,113121,"BRA","BR",76,"BRL","2100055","ChIJGyee5TH0xZIRLnyJmgHMmac",NA,"BRMA2100055",NA,"BRA.10.1_1"
"efabdd1c",2021-04-24,4645,164,NA,NA,NA,NA,NA,NA,NA,NA,3,2,2,4,1,1,-1,3,2,2,2,4,3,2,-66.15,-72.22,-73.81,-12.5,3,"Brazil","Maranhão","Açailândia",-4.70297599,-47.2219367927226,113121,"BRA","BR",76,"BRL","2100055","ChIJGyee5TH0xZIRLnyJmgHMmac",NA,"BRMA2100055",NA,"BRA.10.1_1"
"efabdd1c",2021-04-25,4645,164,NA,NA,14005,9629,4376,NA,NA,NA,3,2,2,4,1,1,-1,3,2,2,2,4,3,2,-66.15,-72.22,-73.81,-12.5,3,"Brazil","Maranhão","Açailândia",-4.70297599,-47.2219367927226,113121,"BRA","BR",76,"BRL","2100055","ChIJGyee5TH0xZIRLnyJmgHMmac",NA,"BRMA2100055",NA,"BRA.10.1_1"
"efabdd1c",2021-04-26,4645,164,NA,NA,14925,10032,4893,NA,NA,NA,3,2,2,4,1,1,-1,3,2,2,2,4,3,2,-66.15,-72.22,-73.81,-12.5,3,"Brazil","Maranhão","Açailândia",-4.70297599,-47.2219367927226,113121,"BRA","BR",76,"BRL","2100055","ChIJGyee5TH0xZIRLnyJmgHMmac",NA,"BRMA2100055",NA,"BRA.10.1_1"
"efabdd1c",2021-04-27,4661,164,NA,NA,15154,10241,4913,NA,NA,NA,3,2,2,4,1,1,-1,3,2,2,2,4,3,2,-66.15,-72.22,-73.81,-12.5,3,"Brazil","Maranhão","Açailândia",-4.70297599,-47.2219367927226,113121,"BRA","BR",76,"BRL","2100055","ChIJGyee5TH0xZIRLnyJmgHMmac",NA,"BRMA2100055",NA,"BRA.10.1_1"
"efabdd1c",2021-04-28,4677,164,NA,NA,15331,10392,4939,NA,NA,NA,3,2,2,4,1,1,-1,3,2,1,2,4,3,2,-64.06,-72.22,-71.43,-12.5,3,"Brazil","Maranhão","Açailândia",-4.70297599,-47.2219367927226,113121,"BRA","BR",76,"BRL","2100055","ChIJGyee5TH0xZIRLnyJmgHMmac",NA,"BRMA2100055",NA,"BRA.10.1_1"
"efabdd1c",2021-04-29,4717,166,NA,NA,15718,10678,5040,NA,NA,NA,3,2,2,4,1,1,-1,3,2,2,2,4,3,2,-66.15,-72.22,-73.81,-12.5,3,"Brazil","Maranhão","Açailândia",-4.70297599,-47.2219367927226,113121,"BRA","BR",76,"BRL","2100055","ChIJGyee5TH0xZIRLnyJmgHMmac",NA,"BRMA2100055",NA,"BRA.10.1_1"
"efabdd1c",2021-04-30,4730,166,NA,NA,15915,10871,5044,NA,NA,NA,3,2,2,4,1,1,-1,3,2,2,2,4,3,2,-66.15,-72.22,-73.81,-12.5,3,"Brazil","Maranhão","Açailândia",-4.70297599,-47.2219367927226,113121,"BRA","BR",76,"BRL","2100055","ChIJGyee5TH0xZIRLnyJmgHMmac",NA,"BRMA2100055",NA,"BRA.10.1_1"
"efabdd1c",2021-05-01,4743,168,NA,NA,NA,NA,NA,NA,NA,NA,3,2,2,4,1,1,-1,3,2,2,2,4,3,2,-66.15,-72.22,-73.81,-12.5,3,"Brazil","Maranhão","Açailândia",-4.70297599,-47.2219367927226,113121,"BRA","BR",76,"BRL","2100055","ChIJGyee5TH0xZIRLnyJmgHMmac",NA,"BRMA2100055",NA,"BRA.10.1_1"
"efabdd1c",2021-05-02,4743,168,NA,NA,15916,10872,5044,NA,NA,NA,3,2,2,4,1,1,-1,3,2,2,2,4,3,2,-66.15,-72.22,-73.81,-12.5,3,"Brazil","Maranhão","Açailândia",-4.70297599,-47.2219367927226,113121,"BRA","BR",76,"BRL","2100055","ChIJGyee5TH0xZIRLnyJmgHMmac",NA,"BRMA2100055",NA,"BRA.10.1_1"
"efabdd1c",2021-05-03,4743,168,NA,NA,15959,10915,5044,NA,NA,NA,3,2,2,4,1,1,-1,3,2,2,2,4,3,2,-66.15,-72.22,-73.81,-12.5,3,"Brazil","Maranhão","Açailândia",-4.70297599,-47.2219367927226,113121,"BRA","BR",76,"BRL","2100055","ChIJGyee5TH0xZIRLnyJmgHMmac",NA,"BRMA2100055",NA,"BRA.10.1_1"
"efabdd1c",2021-05-04,4769,170,NA,NA,16268,11098,5170,NA,NA,NA,3,2,2,4,1,1,-1,3,2,2,2,4,3,2,-66.15,-72.22,-73.81,-12.5,3,"Brazil","Maranhão","Açailândia",-4.70297599,-47.2219367927226,113121,"BRA","BR",76,"BRL","2100055","ChIJGyee5TH0xZIRLnyJmgHMmac",NA,"BRMA2100055",NA,"BRA.10.1_1"
"efabdd1c",2021-05-05,4808,170,NA,NA,16393,11157,5236,NA,NA,NA,3,2,2,4,1,1,-1,3,2,2,2,4,3,2,-66.15,-72.22,-73.81,-12.5,3,"Brazil","Maranhão","Açailândia",-4.70297599,-47.2219367927226,113121,"BRA","BR",76,"BRL","2100055","ChIJGyee5TH0xZIRLnyJmgHMmac",NA,"BRMA2100055",NA,"BRA.10.1_1"
"efabdd1c",2021-05-06,4809,171,NA,NA,16721,11458,5263,NA,NA,NA,3,2,2,4,1,1,-1,3,2,2,2,4,3,2,-66.15,-72.22,-73.81,-12.5,3,"Brazil","Maranhão","Açailândia",-4.70297599,-47.2219367927226,113121,"BRA","BR",76,"BRL","2100055","ChIJGyee5TH0xZIRLnyJmgHMmac",NA,"BRMA2100055",NA,"BRA.10.1_1"
"efabdd1c",2021-05-07,4809,171,NA,NA,17140,11695,5445,NA,NA,NA,3,2,2,4,1,1,-1,3,2,2,2,4,3,2,-66.15,-72.22,-73.81,-12.5,3,"Brazil","Maranhão","Açailândia",-4.70297599,-47.2219367927226,113121,"BRA","BR",76,"BRL","2100055","ChIJGyee5TH0xZIRLnyJmgHMmac",NA,"BRMA2100055",NA,"BRA.10.1_1"
"efabdd1c",2021-05-08,4840,171,NA,NA,17141,11696,5445,NA,NA,NA,3,2,2,4,1,1,-1,3,2,2,2,4,3,2,-66.15,-72.22,-73.81,-12.5,3,"Brazil","Maranhão","Açailândia",-4.70297599,-47.2219367927226,113121,"BRA","BR",76,"BRL","2100055","ChIJGyee5TH0xZIRLnyJmgHMmac",NA,"BRMA2100055",NA,"BRA.10.1_1"
"efabdd1c",2021-05-09,4841,172,NA,NA,17142,11697,5445,NA,NA,NA,3,2,2,4,1,1,-1,3,2,2,2,4,3,2,-66.15,-72.22,-73.81,-12.5,3,"Brazil","Maranhão","Açailândia",-4.70297599,-47.2219367927226,113121,"BRA","BR",76,"BRL","2100055","ChIJGyee5TH0xZIRLnyJmgHMmac",NA,"BRMA2100055",NA,"BRA.10.1_1"
"efabdd1c",2021-05-10,4841,172,NA,NA,17574,12035,5539,NA,NA,NA,3,2,2,4,1,1,-1,3,2,2,2,4,3,2,-66.15,-72.22,-73.81,-12.5,3,"Brazil","Maranhão","Açailândia",-4.70297599,-47.2219367927226,113121,"BRA","BR",76,"BRL","2100055","ChIJGyee5TH0xZIRLnyJmgHMmac",NA,"BRMA2100055",NA,"BRA.10.1_1"
"efabdd1c",2021-05-11,4841,172,NA,NA,17899,12328,5571,NA,NA,NA,3,2,2,4,1,1,-1,3,2,2,2,4,3,2,-66.15,-72.22,-73.81,-12.5,3,"Brazil","Maranhão","Açailândia",-4.70297599,-47.2219367927226,113121,"BRA","BR",76,"BRL","2100055","ChIJGyee5TH0xZIRLnyJmgHMmac",NA,"BRMA2100055",NA,"BRA.10.1_1"
"efabdd1c",2021-05-12,4843,174,NA,NA,18072,12491,5581,NA,NA,NA,3,2,2,4,1,1,-1,3,2,2,2,4,3,2,-66.15,-72.22,-73.81,-12.5,3,"Brazil","Maranhão","Açailândia",-4.70297599,-47.2219367927226,113121,"BRA","BR",76,"BRL","2100055","ChIJGyee5TH0xZIRLnyJmgHMmac",NA,"BRMA2100055",NA,"BRA.10.1_1"
"efabdd1c",2021-05-13,4843,174,NA,NA,18224,12634,5590,NA,NA,NA,3,2,2,4,1,1,-1,3,2,2,2,4,3,2,-66.15,-72.22,-73.81,-12.5,3,"Brazil","Maranhão","Açailândia",-4.70297599,-47.2219367927226,113121,"BRA","BR",76,"BRL","2100055","ChIJGyee5TH0xZIRLnyJmgHMmac",NA,"BRMA2100055",NA,"BRA.10.1_1"
"efabdd1c",2021-05-14,4847,177,NA,NA,18472,12822,5650,NA,NA,NA,3,2,2,4,1,1,-1,3,2,2,2,4,3,2,-66.15,-72.22,-73.81,-12.5,3,"Brazil","Maranhão","Açailândia",-4.70297599,-47.2219367927226,113121,"BRA","BR",76,"BRL","2100055","ChIJGyee5TH0xZIRLnyJmgHMmac",NA,"BRMA2100055",NA,"BRA.10.1_1"
"efabdd1c",2021-05-15,4847,177,NA,NA,18510,12823,5687,NA,NA,NA,3,2,2,4,1,1,-1,3,2,2,2,4,3,2,-66.15,-72.22,-73.81,-12.5,3,"Brazil","Maranhão","Açailândia",-4.70297599,-47.2219367927226,113121,"BRA","BR",76,"BRL","2100055","ChIJGyee5TH0xZIRLnyJmgHMmac",NA,"BRMA2100055",NA,"BRA.10.1_1"
"efabdd1c",2021-05-16,4847,177,NA,NA,18512,12824,5688,NA,NA,NA,3,2,2,4,1,1,-1,3,2,2,2,4,3,2,-66.15,-72.22,-73.81,-12.5,3,"Brazil","Maranhão","Açailândia",-4.70297599,-47.2219367927226,113121,"BRA","BR",76,"BRL","2100055","ChIJGyee5TH0xZIRLnyJmgHMmac",NA,"BRMA2100055",NA,"BRA.10.1_1"
"efabdd1c",2021-05-17,4847,177,NA,NA,18625,12910,5715,NA,NA,NA,3,2,2,4,1,1,-1,3,2,2,2,4,3,2,-66.15,-72.22,-73.81,-12.5,3,"Brazil","Maranhão","Açailândia",-4.70297599,-47.2219367927226,113121,"BRA","BR",76,"BRL","2100055","ChIJGyee5TH0xZIRLnyJmgHMmac",NA,"BRMA2100055",NA,"BRA.10.1_1"
"efabdd1c",2021-05-18,4864,177,NA,NA,18776,13042,5734,NA,NA,NA,3,2,2,4,1,1,-1,3,2,2,2,4,3,2,-66.15,-72.22,-73.81,-12.5,3,"Brazil","Maranhão","Açailândia",-4.70297599,-47.2219367927226,113121,"BRA","BR",76,"BRL","2100055","ChIJGyee5TH0xZIRLnyJmgHMmac",NA,"BRMA2100055",NA,"BRA.10.1_1"
"efabdd1c",2021-05-19,4867,177,NA,NA,18908,13162,5746,NA,NA,NA,3,2,2,4,1,1,-1,3,2,2,2,4,3,2,-66.15,-72.22,-73.81,-12.5,3,"Brazil","Maranhão","Açailândia",-4.70297599,-47.2219367927226,113121,"BRA","BR",76,"BRL","2100055","ChIJGyee5TH0xZIRLnyJmgHMmac",NA,"BRMA2100055",NA,"BRA.10.1_1"
"efabdd1c",2021-05-20,4875,177,NA,NA,19056,13261,5795,NA,NA,NA,3,2,2,4,1,1,-1,3,2,2,2,4,3,2,-66.15,-72.22,-73.81,-12.5,3,"Brazil","Maranhão","Açailândia",-4.70297599,-47.2219367927226,113121,"BRA","BR",76,"BRL","2100055","ChIJGyee5TH0xZIRLnyJmgHMmac",NA,"BRMA2100055",NA,"BRA.10.1_1"
"efabdd1c",2021-05-21,4883,178,NA,NA,19265,13421,5844,NA,NA,NA,3,2,2,4,1,1,-1,3,2,2,2,4,3,2,-66.15,-72.22,-73.81,-12.5,3,"Brazil","Maranhão","Açailândia",-4.70297599,-47.2219367927226,113121,"BRA","BR",76,"BRL","2100055","ChIJGyee5TH0xZIRLnyJmgHMmac",NA,"BRMA2100055",NA,"BRA.10.1_1"
"efabdd1c",2021-05-22,4903,179,NA,NA,19267,13423,5844,NA,NA,NA,3,2,2,4,1,1,-1,3,2,2,2,4,3,2,-66.15,-72.22,-73.81,-12.5,3,"Brazil","Maranhão","Açailândia",-4.70297599,-47.2219367927226,113121,"BRA","BR",76,"BRL","2100055","ChIJGyee5TH0xZIRLnyJmgHMmac",NA,"BRMA2100055",NA,"BRA.10.1_1"
"efabdd1c",2021-05-23,4903,179,NA,NA,NA,NA,NA,NA,NA,NA,3,2,2,4,1,1,-1,3,2,2,2,4,3,2,-66.15,-72.22,-73.81,-12.5,3,"Brazil","Maranhão","Açailândia",-4.70297599,-47.2219367927226,113121,"BRA","BR",76,"BRL","2100055","ChIJGyee5TH0xZIRLnyJmgHMmac",NA,"BRMA2100055",NA,"BRA.10.1_1"
"efabdd1c",2021-05-24,4903,179,NA,NA,19407,13522,5885,NA,NA,NA,3,2,2,4,1,1,-1,3,2,2,2,4,3,2,-66.15,-72.22,-73.81,-12.5,3,"Brazil","Maranhão","Açailândia",-4.70297599,-47.2219367927226,113121,"BRA","BR",76,"BRL","2100055","ChIJGyee5TH0xZIRLnyJmgHMmac",NA,"BRMA2100055",NA,"BRA.10.1_1"
"efabdd1c",2021-05-25,4926,181,NA,NA,19576,13619,5957,NA,NA,NA,3,2,2,4,1,1,-1,3,2,2,2,4,3,2,-66.15,-72.22,-73.81,-12.5,3,"Brazil","Maranhão","Açailândia",-4.70297599,-47.2219367927226,113121,"BRA","BR",76,"BRL","2100055","ChIJGyee5TH0xZIRLnyJmgHMmac",NA,"BRMA2100055",NA,"BRA.10.1_1"
"efabdd1c",2021-05-26,4948,181,NA,NA,20038,14046,5992,NA,NA,NA,3,2,2,4,1,1,-1,3,2,2,2,4,3,2,-66.15,-72.22,-73.81,-12.5,3,"Brazil","Maranhão","Açailândia",-4.70297599,-47.2219367927226,113121,"BRA","BR",76,"BRL","2100055","ChIJGyee5TH0xZIRLnyJmgHMmac",NA,"BRMA2100055",NA,"BRA.10.1_1"
"efabdd1c",2021-05-27,4955,181,NA,NA,20744,14718,6026,NA,NA,NA,3,2,2,4,1,1,-1,3,2,2,2,4,3,2,-66.15,-72.22,-73.81,-12.5,3,"Brazil","Maranhão","Açailândia",-4.70297599,-47.2219367927226,113121,"BRA","BR",76,"BRL","2100055","ChIJGyee5TH0xZIRLnyJmgHMmac",NA,"BRMA2100055",NA,"BRA.10.1_1"
"efabdd1c",2021-05-28,4971,181,NA,NA,20943,14880,6063,NA,NA,NA,3,2,2,4,1,1,-1,3,2,2,2,4,4,2,-68.02,-72.22,-75.95,-12.5,3,"Brazil","Maranhão","Açailândia",-4.70297599,-47.2219367927226,113121,"BRA","BR",76,"BRL","2100055","ChIJGyee5TH0xZIRLnyJmgHMmac",NA,"BRMA2100055",NA,"BRA.10.1_1"
"efabdd1c",2021-05-29,5002,181,NA,NA,20944,14881,6063,NA,NA,NA,3,2,2,4,1,1,-1,3,2,2,2,4,4,2,-68.02,-72.22,-75.95,-12.5,3,"Brazil","Maranhão","Açailândia",-4.70297599,-47.2219367927226,113121,"BRA","BR",76,"BRL","2100055","ChIJGyee5TH0xZIRLnyJmgHMmac",NA,"BRMA2100055",NA,"BRA.10.1_1"
"efabdd1c",2021-05-30,5004,183,NA,NA,NA,NA,NA,NA,NA,NA,3,2,2,4,1,1,-1,3,2,2,2,4,4,2,-68.02,-72.22,-75.95,-12.5,3,"Brazil","Maranhão","Açailândia",-4.70297599,-47.2219367927226,113121,"BRA","BR",76,"BRL","2100055","ChIJGyee5TH0xZIRLnyJmgHMmac",NA,"BRMA2100055",NA,"BRA.10.1_1"
"efabdd1c",2021-05-31,5008,183,NA,NA,21384,15289,6095,NA,NA,NA,3,2,2,4,1,1,-1,3,2,2,2,4,4,2,-68.02,-72.22,-75.95,-12.5,3,"Brazil","Maranhão","Açailândia",-4.70297599,-47.2219367927226,113121,"BRA","BR",76,"BRL","2100055","ChIJGyee5TH0xZIRLnyJmgHMmac",NA,"BRMA2100055",NA,"BRA.10.1_1"
"efabdd1c",2021-06-01,5016,184,NA,NA,23499,17386,6113,NA,NA,NA,3,2,2,4,1,1,-1,3,2,2,2,4,4,2,-67.4,-72.22,-75.24,-12.5,3,"Brazil","Maranhão","Açailândia",-4.70297599,-47.2219367927226,113121,"BRA","BR",76,"BRL","2100055","ChIJGyee5TH0xZIRLnyJmgHMmac",NA,"BRMA2100055",NA,"BRA.10.1_1"
"efabdd1c",2021-06-02,5017,184,NA,NA,23747,17614,6133,NA,NA,NA,3,2,2,4,1,1,-1,3,2,2,2,4,4,2,-67.4,-72.22,-75.24,-12.5,3,"Brazil","Maranhão","Açailândia",-4.70297599,-47.2219367927226,113121,"BRA","BR",76,"BRL","2100055","ChIJGyee5TH0xZIRLnyJmgHMmac",NA,"BRMA2100055",NA,"BRA.10.1_1"
"efabdd1c",2021-06-03,5024,184,NA,NA,23748,17615,6133,NA,NA,NA,3,2,2,4,1,1,-1,3,2,2,2,4,4,2,-67.4,-72.22,-75.24,-12.5,3,"Brazil","Maranhão","Açailândia",-4.70297599,-47.2219367927226,113121,"BRA","BR",76,"BRL","2100055","ChIJGyee5TH0xZIRLnyJmgHMmac",NA,"BRMA2100055",NA,"BRA.10.1_1"
"efabdd1c",2021-06-04,5024,184,NA,NA,23751,17617,6134,NA,NA,NA,3,2,2,4,1,1,-1,3,2,2,2,4,4,2,-67.4,-72.22,-75.24,-12.5,3,"Brazil","Maranhão","Açailândia",-4.70297599,-47.2219367927226,113121,"BRA","BR",76,"BRL","2100055","ChIJGyee5TH0xZIRLnyJmgHMmac",NA,"BRMA2100055",NA,"BRA.10.1_1"
"efabdd1c",2021-06-05,5025,186,NA,NA,NA,NA,NA,NA,NA,NA,3,2,2,4,1,1,-1,3,2,2,2,4,4,2,-67.4,-72.22,-75.24,-12.5,3,"Brazil","Maranhão","Açailândia",-4.70297599,-47.2219367927226,113121,"BRA","BR",76,"BRL","2100055","ChIJGyee5TH0xZIRLnyJmgHMmac",NA,"BRMA2100055",NA,"BRA.10.1_1"
"efabdd1c",2021-06-06,5025,186,NA,NA,23753,17619,6134,NA,NA,NA,3,2,2,4,1,1,-1,3,2,2,2,4,4,2,-67.4,-72.22,-75.24,-12.5,3,"Brazil","Maranhão","Açailândia",-4.70297599,-47.2219367927226,113121,"BRA","BR",76,"BRL","2100055","ChIJGyee5TH0xZIRLnyJmgHMmac",NA,"BRMA2100055",NA,"BRA.10.1_1"
"efabdd1c",2021-06-07,5026,187,NA,NA,23912,17759,6153,NA,NA,NA,3,2,2,4,1,1,-1,3,2,2,2,4,4,2,-67.4,-72.22,-75.24,-12.5,3,"Brazil","Maranhão","Açailândia",-4.70297599,-47.2219367927226,113121,"BRA","BR",76,"BRL","2100055","ChIJGyee5TH0xZIRLnyJmgHMmac",NA,"BRMA2100055",NA,"BRA.10.1_1"
"efabdd1c",2021-06-08,5027,188,NA,NA,24314,18132,6183,NA,NA,NA,3,2,2,4,1,1,-1,3,2,2,2,4,4,2,-67.4,-72.22,-75.24,-12.5,3,"Brazil","Maranhão","Açailândia",-4.70297599,-47.2219367927226,113121,"BRA","BR",76,"BRL","2100055","ChIJGyee5TH0xZIRLnyJmgHMmac",NA,"BRMA2100055",NA,"BRA.10.1_1"
"efabdd1c",2021-06-09,5028,190,NA,NA,25335,19137,6199,NA,NA,NA,3,2,2,4,1,1,-1,3,2,2,2,4,4,2,-67.4,-72.22,-75.24,-12.5,3,"Brazil","Maranhão","Açailândia",-4.70297599,-47.2219367927226,113121,"BRA","BR",76,"BRL","2100055","ChIJGyee5TH0xZIRLnyJmgHMmac",NA,"BRMA2100055",NA,"BRA.10.1_1"
"efabdd1c",2021-06-10,5035,194,NA,NA,26730,20515,6216,NA,NA,NA,3,2,1,4,1,1,-1,3,2,2,2,4,4,2,-64.27,-66.67,-71.67,-12.5,3,"Brazil","Maranhão","Açailândia",-4.70297599,-47.2219367927226,113121,"BRA","BR",76,"BRL","2100055","ChIJGyee5TH0xZIRLnyJmgHMmac",NA,"BRMA2100055",NA,"BRA.10.1_1"
"efabdd1c",2021-06-11,5078,196,NA,NA,27508,21287,6222,NA,NA,NA,3,2,1,4,1,1,-1,3,2,2,2,4,4,2,-64.27,-66.67,-71.67,-12.5,3,"Brazil","Maranhão","Açailândia",-4.70297599,-47.2219367927226,113121,"BRA","BR",76,"BRL","2100055","ChIJGyee5TH0xZIRLnyJmgHMmac",NA,"BRMA2100055",NA,"BRA.10.1_1"
"efabdd1c",2021-06-12,5088,197,NA,NA,27509,21288,6222,NA,NA,NA,3,2,1,4,1,1,-1,3,2,2,2,4,4,2,-64.27,-66.67,-71.67,-12.5,3,"Brazil","Maranhão","Açailândia",-4.70297599,-47.2219367927226,113121,"BRA","BR",76,"BRL","2100055","ChIJGyee5TH0xZIRLnyJmgHMmac",NA,"BRMA2100055",NA,"BRA.10.1_1"
"efabdd1c",2021-06-13,5088,197,NA,NA,27510,21289,6222,NA,NA,NA,3,2,1,4,1,1,-1,3,2,2,2,4,4,2,-64.27,-66.67,-71.67,-12.5,3,"Brazil","Maranhão","Açailândia",-4.70297599,-47.2219367927226,113121,"BRA","BR",76,"BRL","2100055","ChIJGyee5TH0xZIRLnyJmgHMmac",NA,"BRMA2100055",NA,"BRA.10.1_1"
"efabdd1c",2021-06-14,5091,198,NA,NA,27991,21752,6240,NA,NA,NA,3,2,1,4,1,1,-1,3,2,2,2,4,4,2,-64.27,-66.67,-71.67,-12.5,3,"Brazil","Maranhão","Açailândia",-4.70297599,-47.2219367927226,113121,"BRA","BR",76,"BRL","2100055","ChIJGyee5TH0xZIRLnyJmgHMmac",NA,"BRMA2100055",NA,"BRA.10.1_1"
"efabdd1c",2021-06-15,5134,200,NA,NA,28654,22410,6245,NA,NA,NA,3,2,1,4,1,1,-1,3,2,2,2,4,4,2,-64.27,-66.67,-71.67,-12.5,3,"Brazil","Maranhão","Açailândia",-4.70297599,-47.2219367927226,113121,"BRA","BR",76,"BRL","2100055","ChIJGyee5TH0xZIRLnyJmgHMmac",NA,"BRMA2100055",NA,"BRA.10.1_1"
"efabdd1c",2021-06-16,5164,200,NA,NA,30035,23772,6264,NA,NA,NA,3,2,1,4,1,1,-1,3,2,2,2,4,4,2,-64.27,-66.67,-71.67,-12.5,3,"Brazil","Maranhão","Açailândia",-4.70297599,-47.2219367927226,113121,"BRA","BR",76,"BRL","2100055","ChIJGyee5TH0xZIRLnyJmgHMmac",NA,"BRMA2100055",NA,"BRA.10.1_1"
"efabdd1c",2021-06-17,5178,200,NA,NA,36082,29797,6286,NA,NA,NA,3,2,1,4,1,1,-1,3,2,2,2,4,4,2,-64.27,-66.67,-71.67,-12.5,3,"Brazil","Maranhão","Açailândia",-4.70297599,-47.2219367927226,113121,"BRA","BR",76,"BRL","2100055","ChIJGyee5TH0xZIRLnyJmgHMmac",NA,"BRMA2100055",NA,"BRA.10.1_1"
"efabdd1c",2021-06-18,5234,201,NA,NA,36088,29799,6290,NA,NA,NA,3,2,1,4,1,1,-1,3,2,2,2,4,4,2,-64.27,-66.67,-71.67,-12.5,3,"Brazil","Maranhão","Açailândia",-4.70297599,-47.2219367927226,113121,"BRA","BR",76,"BRL","2100055","ChIJGyee5TH0xZIRLnyJmgHMmac",NA,"BRMA2100055",NA,"BRA.10.1_1"
"efabdd1c",2021-06-19,5256,203,NA,NA,36089,29800,6290,NA,NA,NA,3,2,1,4,1,1,-1,3,2,2,2,4,4,2,-67.4,-66.67,-71.67,-37.5,3,"Brazil","Maranhão","Açailândia",-4.70297599,-47.2219367927226,113121,"BRA","BR",76,"BRL","2100055","ChIJGyee5TH0xZIRLnyJmgHMmac",NA,"BRMA2100055",NA,"BRA.10.1_1"
"efabdd1c",2021-06-20,5257,205,NA,NA,36093,29804,6290,NA,NA,NA,3,2,1,4,1,1,-1,3,2,2,2,4,4,2,-67.4,-66.67,-71.67,-37.5,3,"Brazil","Maranhão","Açailândia",-4.70297599,-47.2219367927226,113121,"BRA","BR",76,"BRL","2100055","ChIJGyee5TH0xZIRLnyJmgHMmac",NA,"BRMA2100055",NA,"BRA.10.1_1"
"efabdd1c",2021-06-21,5295,205,NA,NA,36732,30402,6331,NA,NA,NA,3,2,1,4,1,1,-1,3,2,2,2,4,4,2,-67.4,-66.67,-71.67,-37.5,3,"Brazil","Maranhão","Açailândia",-4.70297599,-47.2219367927226,113121,"BRA","BR",76,"BRL","2100055","ChIJGyee5TH0xZIRLnyJmgHMmac",NA,"BRMA2100055",NA,"BRA.10.1_1"
"efabdd1c",2021-06-22,5302,210,NA,NA,36762,30407,6356,NA,NA,NA,3,2,1,4,1,1,-1,3,2,2,2,4,4,2,-67.4,-66.67,-71.67,-37.5,3,"Brazil","Maranhão","Açailândia",-4.70297599,-47.2219367927226,113121,"BRA","BR",76,"BRL","2100055","ChIJGyee5TH0xZIRLnyJmgHMmac",NA,"BRMA2100055",NA,"BRA.10.1_1"
"efabdd1c",2021-06-23,5302,210,NA,NA,36827,30428,6400,NA,NA,NA,3,2,1,4,1,1,-1,3,2,2,2,4,4,2,-67.4,-66.67,-71.67,-37.5,3,"Brazil","Maranhão","Açailândia",-4.70297599,-47.2219367927226,113121,"BRA","BR",76,"BRL","2100055","ChIJGyee5TH0xZIRLnyJmgHMmac",NA,"BRMA2100055",NA,"BRA.10.1_1"
"efabdd1c",2021-06-24,5307,213,NA,NA,37050,30487,6564,NA,NA,NA,3,2,1,4,1,1,-1,3,2,2,2,4,4,2,-67.4,-66.67,-71.67,-37.5,3,"Brazil","Maranhão","Açailândia",-4.70297599,-47.2219367927226,113121,"BRA","BR",76,"BRL","2100055","ChIJGyee5TH0xZIRLnyJmgHMmac",NA,"BRMA2100055",NA,"BRA.10.1_1"
"efabdd1c",2021-06-25,5348,213,NA,NA,37121,30495,6627,NA,NA,NA,3,2,1,4,1,1,-1,3,2,2,2,4,4,2,-67.4,-66.67,-71.67,-37.5,3,"Brazil","Maranhão","Açailândia",-4.70297599,-47.2219367927226,113121,"BRA","BR",76,"BRL","2100055","ChIJGyee5TH0xZIRLnyJmgHMmac",NA,"BRMA2100055",NA,"BRA.10.1_1"
"efabdd1c",2021-06-26,5381,214,NA,NA,37126,30500,6628,NA,NA,NA,3,2,1,4,1,1,-1,3,2,2,2,4,4,2,-67.4,-66.67,-71.67,-37.5,3,"Brazil","Maranhão","Açailândia",-4.70297599,-47.2219367927226,113121,"BRA","BR",76,"BRL","2100055","ChIJGyee5TH0xZIRLnyJmgHMmac",NA,"BRMA2100055",NA,"BRA.10.1_1"
"efabdd1c",2021-06-27,5381,214,NA,NA,37129,30502,6629,NA,NA,NA,3,2,1,4,1,1,-1,3,2,2,2,4,4,2,-67.4,-66.67,-71.67,-37.5,3,"Brazil","Maranhão","Açailândia",-4.70297599,-47.2219367927226,113121,"BRA","BR",76,"BRL","2100055","ChIJGyee5TH0xZIRLnyJmgHMmac",NA,"BRMA2100055",NA,"BRA.10.1_1"
"efabdd1c",2021-06-28,5381,214,NA,NA,39373,32724,6651,NA,NA,NA,3,2,1,4,1,1,-1,3,2,2,2,4,4,2,-67.4,-66.67,-71.67,-37.5,3,"Brazil","Maranhão","Açailândia",-4.70297599,-47.2219367927226,113121,"BRA","BR",76,"BRL","2100055","ChIJGyee5TH0xZIRLnyJmgHMmac",NA,"BRMA2100055",NA,"BRA.10.1_1"
"efabdd1c",2021-06-29,5381,214,NA,NA,42189,35484,6707,NA,NA,NA,3,2,1,4,1,1,-1,3,2,2,2,4,4,2,-67.4,-66.67,-71.67,-37.5,3,"Brazil","Maranhão","Açailândia",-4.70297599,-47.2219367927226,113121,"BRA","BR",76,"BRL","2100055","ChIJGyee5TH0xZIRLnyJmgHMmac",NA,"BRMA2100055",NA,"BRA.10.1_1"
"efabdd1c",2021-06-30,5382,215,NA,NA,43942,37216,7087,NA,NA,NA,3,2,1,4,1,1,-1,3,2,2,2,4,4,2,-67.4,-66.67,-71.67,-37.5,3,"Brazil","Maranhão","Açailândia",-4.70297599,-47.2219367927226,113121,"BRA","BR",76,"BRL","2100055","ChIJGyee5TH0xZIRLnyJmgHMmac",NA,"BRMA2100055",NA,"BRA.10.1_1"
"efabdd1c",2021-07-01,5404,215,NA,NA,44297,37380,7423,NA,NA,NA,3,2,1,4,1,1,-1,3,2,2,2,4,4,2,-67.4,-66.67,-71.67,-37.5,3,"Brazil","Maranhão","Açailândia",-4.70297599,-47.2219367927226,113121,"BRA","BR",76,"BRL","2100055","ChIJGyee5TH0xZIRLnyJmgHMmac",NA,"BRMA2100055",NA,"BRA.10.1_1"
"efabdd1c",2021-07-02,5404,215,NA,NA,44694,37681,7807,NA,NA,NA,3,2,1,2,1,1,-1,3,2,2,2,4,4,2,-64.27,-61.11,-68.1,-37.5,3,"Brazil","Maranhão","Açailândia",-4.70297599,-47.2219367927226,113121,"BRA","BR",76,"BRL","2100055","ChIJGyee5TH0xZIRLnyJmgHMmac",NA,"BRMA2100055",NA,"BRA.10.1_1"
"efabdd1c",2021-07-03,5404,215,NA,NA,44700,37684,7810,NA,NA,NA,3,2,1,2,1,1,-1,3,2,2,2,4,4,2,-64.27,-61.11,-68.1,-37.5,3,"Brazil","Maranhão","Açailândia",-4.70297599,-47.2219367927226,113121,"BRA","BR",76,"BRL","2100055","ChIJGyee5TH0xZIRLnyJmgHMmac",NA,"BRMA2100055",NA,"BRA.10.1_1"
"efabdd1c",2021-07-04,5404,215,NA,NA,44702,37686,7810,NA,NA,NA,3,2,1,2,1,1,-1,3,2,2,2,4,4,2,-64.27,-61.11,-68.1,-37.5,3,"Brazil","Maranhão","Açailândia",-4.70297599,-47.2219367927226,113121,"BRA","BR",76,"BRL","2100055","ChIJGyee5TH0xZIRLnyJmgHMmac",NA,"BRMA2100055",NA,"BRA.10.1_1"
"efabdd1c",2021-07-05,5404,215,NA,NA,45232,38080,8328,NA,NA,NA,3,2,-2,2,1,1,-1,3,2,2,2,4,4,2,-65.83,-63.89,-69.88,-37.5,3,"Brazil","Maranhão","Açailândia",-4.70297599,-47.2219367927226,113121,"BRA","BR",76,"BRL","2100055","ChIJGyee5TH0xZIRLnyJmgHMmac",NA,"BRMA2100055",NA,"BRA.10.1_1"
"efabdd1c",2021-07-06,5418,216,NA,NA,45351,38100,8442,NA,NA,NA,3,2,-2,2,1,1,-1,3,2,2,2,4,4,2,-65.83,-63.89,-69.88,-37.5,3,"Brazil","Maranhão","Açailândia",-4.70297599,-47.2219367927226,113121,"BRA","BR",76,"BRL","2100055","ChIJGyee5TH0xZIRLnyJmgHMmac",NA,"BRMA2100055",NA,"BRA.10.1_1"
"efabdd1c",2021-07-07,5419,216,NA,NA,45772,38449,8634,NA,NA,NA,3,2,-2,2,1,1,-1,3,2,2,2,4,4,2,-65.83,-63.89,-69.88,-37.5,3,"Brazil","Maranhão","Açailândia",-4.70297599,-47.2219367927226,113121,"BRA","BR",76,"BRL","2100055","ChIJGyee5TH0xZIRLnyJmgHMmac",NA,"BRMA2100055",NA,"BRA.10.1_1"
"efabdd1c",2021-07-08,5424,216,NA,NA,46295,38902,8863,NA,NA,NA,3,2,-2,2,1,1,-1,3,2,2,2,4,4,2,-65.83,-63.89,-69.88,-37.5,3,"Brazil","Maranhão","Açailândia",-4.70297599,-47.2219367927226,113121,"BRA","BR",76,"BRL","2100055","ChIJGyee5TH0xZIRLnyJmgHMmac",NA,"BRMA2100055",NA,"BRA.10.1_1"
"efabdd1c",2021-07-09,5428,216,NA,NA,47970,40441,9516,NA,NA,NA,3,2,-2,2,1,1,-1,3,2,2,2,4,4,2,-65.83,-63.89,-69.88,-37.5,3,"Brazil","Maranhão","Açailândia",-4.70297599,-47.2219367927226,113121,"BRA","BR",76,"BRL","2100055","ChIJGyee5TH0xZIRLnyJmgHMmac",NA,"BRMA2100055",NA,"BRA.10.1_1"
"efabdd1c",2021-07-10,5428,216,NA,NA,NA,NA,NA,NA,NA,NA,3,2,-2,2,1,1,-1,3,2,2,2,4,4,2,-65.83,-63.89,-69.88,-37.5,3,"Brazil","Maranhão","Açailândia",-4.70297599,-47.2219367927226,113121,"BRA","BR",76,"BRL","2100055","ChIJGyee5TH0xZIRLnyJmgHMmac",NA,"BRMA2100055",NA,"BRA.10.1_1"
"efabdd1c",2021-07-11,5431,216,NA,NA,NA,NA,NA,NA,NA,NA,3,2,-2,2,1,1,-1,3,2,2,2,4,4,2,-65.83,-63.89,-69.88,-37.5,3,"Brazil","Maranhão","Açailândia",-4.70297599,-47.2219367927226,113121,"BRA","BR",76,"BRL","2100055","ChIJGyee5TH0xZIRLnyJmgHMmac",NA,"BRMA2100055",NA,"BRA.10.1_1"
"efabdd1c",2021-07-12,5432,217,NA,NA,48681,40821,10016,NA,NA,NA,3,2,-2,2,1,1,-1,3,2,2,2,4,4,2,-65.83,-63.89,-69.88,-37.5,3,"Brazil","Maranhão","Açailândia",-4.70297599,-47.2219367927226,113121,"BRA","BR",76,"BRL","2100055","ChIJGyee5TH0xZIRLnyJmgHMmac",NA,"BRMA2100055",NA,"BRA.10.1_1"
"efabdd1c",2021-07-13,5449,217,NA,NA,48845,40947,10161,NA,NA,NA,3,2,-2,2,1,1,-1,3,2,2,2,4,4,2,-65.83,-63.89,-69.88,-37.5,3,"Brazil","Maranhão","Açailândia",-4.70297599,-47.2219367927226,113121,"BRA","BR",76,"BRL","2100055","ChIJGyee5TH0xZIRLnyJmgHMmac",NA,"BRMA2100055",NA,"BRA.10.1_1"
"efabdd1c",2021-07-14,5461,217,NA,NA,49507,41261,10823,NA,NA,NA,3,2,-2,2,1,1,-1,3,2,2,2,4,4,2,-65.83,-63.89,-69.88,-37.5,3,"Brazil","Maranhão","Açailândia",-4.70297599,-47.2219367927226,113121,"BRA","BR",76,"BRL","2100055","ChIJGyee5TH0xZIRLnyJmgHMmac",NA,"BRMA2100055",NA,"BRA.10.1_1"
"efabdd1c",2021-07-15,5479,219,NA,NA,50151,41473,11403,NA,NA,NA,3,2,-2,2,1,1,-1,3,2,2,2,4,4,2,-65.83,-63.89,-69.88,-37.5,3,"Brazil","Maranhão","Açailândia",-4.70297599,-47.2219367927226,113121,"BRA","BR",76,"BRL","2100055","ChIJGyee5TH0xZIRLnyJmgHMmac",NA,"BRMA2100055",NA,"BRA.10.1_1"
"efabdd1c",2021-07-16,5485,219,NA,NA,53026,44156,11695,NA,NA,NA,3,2,-2,2,1,1,-1,3,2,2,2,4,4,2,-65.83,-63.89,-69.88,-37.5,3,"Brazil","Maranhão","Açailândia",-4.70297599,-47.2219367927226,113121,"BRA","BR",76,"BRL","2100055","ChIJGyee5TH0xZIRLnyJmgHMmac",NA,"BRMA2100055",NA,"BRA.10.1_1"
"efabdd1c",2021-07-17,5495,219,NA,NA,53035,44165,11703,NA,NA,NA,3,2,-2,2,1,1,-1,3,2,2,2,4,4,2,-65.83,-63.89,-69.88,-37.5,3,"Brazil","Maranhão","Açailândia",-4.70297599,-47.2219367927226,113121,"BRA","BR",76,"BRL","2100055","ChIJGyee5TH0xZIRLnyJmgHMmac",NA,"BRMA2100055",NA,"BRA.10.1_1"
"efabdd1c",2021-07-18,5495,219,NA,NA,53038,44168,11703,NA,NA,NA,3,2,-2,2,1,1,-1,3,2,2,2,4,4,2,-65.83,-63.89,-69.88,-37.5,3,"Brazil","Maranhão","Açailândia",-4.70297599,-47.2219367927226,113121,"BRA","BR",76,"BRL","2100055","ChIJGyee5TH0xZIRLnyJmgHMmac",NA,"BRMA2100055",NA,"BRA.10.1_1"
"efabdd1c",2021-07-19,5495,219,NA,NA,53189,44171,11851,NA,NA,NA,3,2,-2,2,1,1,-1,3,2,2,2,4,4,2,-65.83,-63.89,-69.88,-37.5,3,"Brazil","Maranhão","Açailândia",-4.70297599,-47.2219367927226,113121,"BRA","BR",76,"BRL","2100055","ChIJGyee5TH0xZIRLnyJmgHMmac",NA,"BRMA2100055",NA,"BRA.10.1_1"
"efabdd1c",2021-07-20,5496,220,NA,NA,53436,44260,12065,NA,NA,NA,3,2,-2,2,1,1,-1,3,2,2,2,4,4,2,-65.83,-63.89,-69.88,-37.5,3,"Brazil","Maranhão","Açailândia",-4.70297599,-47.2219367927226,113121,"BRA","BR",76,"BRL","2100055","ChIJGyee5TH0xZIRLnyJmgHMmac",NA,"BRMA2100055",NA,"BRA.10.1_1"
"efabdd1c",2021-07-21,5498,222,NA,NA,53702,44272,12325,NA,NA,NA,3,2,1,2,1,1,-1,3,2,2,2,4,4,2,-64.27,-61.11,-68.1,-37.5,3,"Brazil","Maranhão","Açailândia",-4.70297599,-47.2219367927226,113121,"BRA","BR",76,"BRL","2100055","ChIJGyee5TH0xZIRLnyJmgHMmac",NA,"BRMA2100055",NA,"BRA.10.1_1"
"efabdd1c",2021-07-22,5506,223,NA,NA,54058,44324,12629,NA,NA,NA,3,2,1,2,1,1,-1,3,2,2,2,4,4,2,-64.27,-61.11,-68.1,-37.5,3,"Brazil","Maranhão","Açailândia",-4.70297599,-47.2219367927226,113121,"BRA","BR",76,"BRL","2100055","ChIJGyee5TH0xZIRLnyJmgHMmac",NA,"BRMA2100055",NA,"BRA.10.1_1"
"efabdd1c",2021-07-23,5508,223,NA,NA,54367,44329,12933,NA,NA,NA,3,2,1,2,1,1,-1,3,2,2,2,4,4,2,-64.27,-61.11,-68.1,-37.5,3,"Brazil","Maranhão","Açailândia",-4.70297599,-47.2219367927226,113121,"BRA","BR",76,"BRL","2100055","ChIJGyee5TH0xZIRLnyJmgHMmac",NA,"BRMA2100055",NA,"BRA.10.1_1"
"efabdd1c",2021-07-24,5511,226,NA,NA,54368,44330,12933,NA,NA,NA,3,2,1,2,1,1,-1,3,2,2,2,4,4,2,-64.27,-61.11,-68.1,-37.5,3,"Brazil","Maranhão","Açailândia",-4.70297599,-47.2219367927226,113121,"BRA","BR",76,"BRL","2100055","ChIJGyee5TH0xZIRLnyJmgHMmac",NA,"BRMA2100055",NA,"BRA.10.1_1"
"efabdd1c",2021-07-25,5511,226,NA,NA,NA,NA,NA,NA,NA,NA,3,2,1,2,1,1,-1,3,2,2,2,4,4,2,-64.27,-61.11,-68.1,-37.5,3,"Brazil","Maranhão","Açailândia",-4.70297599,-47.2219367927226,113121,"BRA","BR",76,"BRL","2100055","ChIJGyee5TH0xZIRLnyJmgHMmac",NA,"BRMA2100055",NA,"BRA.10.1_1"
"efabdd1c",2021-07-26,5516,226,NA,NA,55798,45594,13099,NA,NA,NA,3,2,1,2,1,1,-1,3,2,2,2,4,4,2,-64.27,-61.11,-68.1,-37.5,3,"Brazil","Maranhão","Açailândia",-4.70297599,-47.2219367927226,113121,"BRA","BR",76,"BRL","2100055","ChIJGyee5TH0xZIRLnyJmgHMmac",NA,"BRMA2100055",NA,"BRA.10.1_1"
"efabdd1c",2021-07-27,5523,226,NA,NA,56410,46003,13302,NA,NA,NA,3,2,1,2,1,1,-1,3,2,2,2,4,4,2,-64.27,-61.11,-68.1,-37.5,3,"Brazil","Maranhão","Açailândia",-4.70297599,-47.2219367927226,113121,"BRA","BR",76,"BRL","2100055","ChIJGyee5TH0xZIRLnyJmgHMmac",NA,"BRMA2100055",NA,"BRA.10.1_1"
"efabdd1c",2021-07-28,5524,227,NA,NA,57077,46483,13489,NA,NA,NA,3,2,1,2,1,1,-1,3,2,2,2,4,4,2,-64.27,-61.11,-68.1,-37.5,3,"Brazil","Maranhão","Açailândia",-4.70297599,-47.2219367927226,113121,"BRA","BR",76,"BRL","2100055","ChIJGyee5TH0xZIRLnyJmgHMmac",NA,"BRMA2100055",NA,"BRA.10.1_1"
"efabdd1c",2021-07-29,5525,229,NA,NA,57797,46957,13735,NA,NA,NA,3,2,1,2,1,1,-1,3,2,2,2,4,4,2,-64.27,-61.11,-68.1,-37.5,3,"Brazil","Maranhão","Açailândia",-4.70297599,-47.2219367927226,113121,"BRA","BR",76,"BRL","2100055","ChIJGyee5TH0xZIRLnyJmgHMmac",NA,"BRMA2100055",NA,"BRA.10.1_1"
"efabdd1c",2021-07-30,5528,229,NA,NA,58220,47236,13879,NA,NA,NA,3,2,1,2,1,1,-1,3,2,2,2,4,4,2,-64.27,-61.11,-68.1,-37.5,3,"Brazil","Maranhão","Açailândia",-4.70297599,-47.2219367927226,113121,"BRA","BR",76,"BRL","2100055","ChIJGyee5TH0xZIRLnyJmgHMmac",NA,"BRMA2100055",NA,"BRA.10.1_1"
"efabdd1c",2021-07-31,5531,229,NA,NA,58222,47237,13880,NA,NA,NA,3,2,1,2,1,1,-1,3,2,2,2,4,4,2,-64.27,-61.11,-68.1,-37.5,3,"Brazil","Maranhão","Açailândia",-4.70297599,-47.2219367927226,113121,"BRA","BR",76,"BRL","2100055","ChIJGyee5TH0xZIRLnyJmgHMmac",NA,"BRMA2100055",NA,"BRA.10.1_1"
"efabdd1c",2021-08-01,5531,229,NA,NA,58224,47238,13881,NA,NA,NA,3,2,1,2,1,1,-1,3,2,0,2,4,4,2,-60.1,-61.11,-63.33,-37.5,3,"Brazil","Maranhão","Açailândia",-4.70297599,-47.2219367927226,113121,"BRA","BR",76,"BRL","2100055","ChIJGyee5TH0xZIRLnyJmgHMmac",NA,"BRMA2100055",NA,"BRA.10.1_1"
"efabdd1c",2021-08-02,5531,229,NA,NA,58466,47284,14077,NA,NA,NA,3,2,1,2,1,1,-1,3,2,0,2,4,4,2,-60.1,-61.11,-63.33,-37.5,3,"Brazil","Maranhão","Açailândia",-4.70297599,-47.2219367927226,113121,"BRA","BR",76,"BRL","2100055","ChIJGyee5TH0xZIRLnyJmgHMmac",NA,"BRMA2100055",NA,"BRA.10.1_1"
"efabdd1c",2021-08-03,5539,229,NA,NA,58950,47591,14254,NA,NA,NA,2,2,1,2,1,1,-1,3,2,0,2,4,4,2,-58.02,-57.41,-60.95,-37.5,3,"Brazil","Maranhão","Açailândia",-4.70297599,-47.2219367927226,113121,"BRA","BR",76,"BRL","2100055","ChIJGyee5TH0xZIRLnyJmgHMmac",NA,"BRMA2100055",NA,"BRA.10.1_1"
"efabdd1c",2021-08-04,5542,230,NA,NA,59202,47594,14503,NA,NA,NA,2,2,1,2,1,1,-1,3,2,0,2,4,4,2,-59.58,-57.41,-60.95,-50,3,"Brazil","Maranhão","Açailândia",-4.70297599,-47.2219367927226,113121,"BRA","BR",76,"BRL","2100055","ChIJGyee5TH0xZIRLnyJmgHMmac",NA,"BRMA2100055",NA,"BRA.10.1_1"
"efabdd1c",2021-08-05,5557,232,NA,NA,59418,47633,14680,NA,NA,NA,2,2,1,2,1,1,-1,3,2,0,2,4,4,2,-59.58,-57.41,-60.95,-50,3,"Brazil","Maranhão","Açailândia",-4.70297599,-47.2219367927226,113121,"BRA","BR",76,"BRL","2100055","ChIJGyee5TH0xZIRLnyJmgHMmac",NA,"BRMA2100055",NA,"BRA.10.1_1"
"efabdd1c",2021-08-06,5592,233,NA,NA,60040,48128,14807,NA,NA,NA,2,2,1,2,1,1,-1,3,2,0,2,4,4,2,-59.58,-57.41,-60.95,-50,3,"Brazil","Maranhão","Açailândia",-4.70297599,-47.2219367927226,113121,"BRA","BR",76,"BRL","2100055","ChIJGyee5TH0xZIRLnyJmgHMmac",NA,"BRMA2100055",NA,"BRA.10.1_1"
"efabdd1c",2021-08-07,5599,236,NA,NA,60043,48130,14808,NA,NA,NA,2,2,1,2,1,1,-1,3,2,0,2,4,4,2,-59.58,-57.41,-60.95,-50,3,"Brazil","Maranhão","Açailândia",-4.70297599,-47.2219367927226,113121,"BRA","BR",76,"BRL","2100055","ChIJGyee5TH0xZIRLnyJmgHMmac",NA,"BRMA2100055",NA,"BRA.10.1_1"
"efabdd1c",2021-08-08,5599,236,NA,NA,60047,48134,14808,NA,NA,NA,2,2,1,2,1,1,-1,3,2,0,2,4,4,2,-59.58,-57.41,-60.95,-50,3,"Brazil","Maranhão","Açailândia",-4.70297599,-47.2219367927226,113121,"BRA","BR",76,"BRL","2100055","ChIJGyee5TH0xZIRLnyJmgHMmac",NA,"BRMA2100055",NA,"BRA.10.1_1"
"efabdd1c",2021-08-09,5599,236,NA,NA,60343,48301,14937,NA,NA,NA,2,2,1,2,1,1,-1,3,2,0,2,4,4,2,-59.58,-57.41,-60.95,-50,3,"Brazil","Maranhão","Açailândia",-4.70297599,-47.2219367927226,113121,"BRA","BR",76,"BRL","2100055","ChIJGyee5TH0xZIRLnyJmgHMmac",NA,"BRMA2100055",NA,"BRA.10.1_1"
"efabdd1c",2021-08-10,5599,236,NA,NA,60729,48582,15042,NA,NA,NA,2,2,1,2,1,1,-1,3,2,0,2,4,4,2,-59.58,-57.41,-60.95,-50,3,"Brazil","Maranhão","Açailândia",-4.70297599,-47.2219367927226,113121,"BRA","BR",76,"BRL","2100055","ChIJGyee5TH0xZIRLnyJmgHMmac",NA,"BRMA2100055",NA,"BRA.10.1_1"
"efabdd1c",2021-08-11,5599,236,NA,NA,61132,48892,15135,NA,NA,NA,2,2,1,2,1,1,-1,3,2,0,2,4,4,2,-59.58,-57.41,-60.95,-50,3,"Brazil","Maranhão","Açailândia",-4.70297599,-47.2219367927226,113121,"BRA","BR",76,"BRL","2100055","ChIJGyee5TH0xZIRLnyJmgHMmac",NA,"BRMA2100055",NA,"BRA.10.1_1"
"efabdd1c",2021-08-12,5599,236,NA,NA,61574,49232,15239,NA,NA,NA,2,2,1,2,1,1,-1,3,2,0,2,4,4,2,-59.58,-57.41,-60.95,-50,3,"Brazil","Maranhão","Açailândia",-4.70297599,-47.2219367927226,113121,"BRA","BR",76,"BRL","2100055","ChIJGyee5TH0xZIRLnyJmgHMmac",NA,"BRMA2100055",NA,"BRA.10.1_1"
"efabdd1c",2021-08-13,5626,236,NA,NA,61666,49241,15322,NA,NA,NA,2,2,1,2,1,1,-1,3,2,0,2,4,4,2,-59.58,-57.41,-60.95,-50,3,"Brazil","Maranhão","Açailândia",-4.70297599,-47.2219367927226,113121,"BRA","BR",76,"BRL","2100055","ChIJGyee5TH0xZIRLnyJmgHMmac",NA,"BRMA2100055",NA,"BRA.10.1_1"
"efabdd1c",2021-08-14,5640,239,NA,NA,61668,49243,15322,NA,NA,NA,2,2,1,2,1,1,-1,3,2,0,2,4,4,2,-59.58,-57.41,-60.95,-50,3,"Brazil","Maranhão","Açailândia",-4.70297599,-47.2219367927226,113121,"BRA","BR",76,"BRL","2100055","ChIJGyee5TH0xZIRLnyJmgHMmac",NA,"BRMA2100055",NA,"BRA.10.1_1"
"efabdd1c",2021-08-15,5640,239,NA,NA,61670,49244,15323,NA,NA,NA,2,2,1,2,1,1,-1,3,2,0,2,4,4,2,-59.58,-57.41,-60.95,-50,3,"Brazil","Maranhão","Açailândia",-4.70297599,-47.2219367927226,113121,"BRA","BR",76,"BRL","2100055","ChIJGyee5TH0xZIRLnyJmgHMmac",NA,"BRMA2100055",NA,"BRA.10.1_1"
"efabdd1c",2021-08-16,5640,239,NA,NA,61821,49278,15440,NA,NA,NA,2,2,1,2,1,1,-1,3,2,0,2,4,5,2,-60.83,-57.41,-62.38,-50,3,"Brazil","Maranhão","Açailândia",-4.70297599,-47.2219367927226,113121,"BRA","BR",76,"BRL","2100055","ChIJGyee5TH0xZIRLnyJmgHMmac",NA,"BRMA2100055",NA,"BRA.10.1_1"
"efabdd1c",2021-08-17,5649,239,NA,NA,61902,49286,15513,NA,NA,NA,2,2,1,2,1,1,-1,3,2,0,2,4,5,2,-60.83,-57.41,-62.38,-50,3,"Brazil","Maranhão","Açailândia",-4.70297599,-47.2219367927226,113121,"BRA","BR",76,"BRL","2100055","ChIJGyee5TH0xZIRLnyJmgHMmac",NA,"BRMA2100055",NA,"BRA.10.1_1"
"efabdd1c",2021-08-18,5649,239,NA,NA,65927,52857,15967,NA,NA,NA,2,2,1,2,1,1,-1,3,2,0,2,4,5,2,-60.83,-57.41,-62.38,-50,3,"Brazil","Maranhão","Açailândia",-4.70297599,-47.2219367927226,113121,"BRA","BR",76,"BRL","2100055","ChIJGyee5TH0xZIRLnyJmgHMmac",NA,"BRMA2100055",NA,"BRA.10.1_1"
"efabdd1c",2021-08-19,5649,239,NA,NA,66324,52868,16354,NA,NA,NA,2,2,1,2,1,1,1,3,2,0,2,4,5,2,-62.4,-60.19,-64.17,-50,3,"Brazil","Maranhão","Açailândia",-4.70297599,-47.2219367927226,113121,"BRA","BR",76,"BRL","2100055","ChIJGyee5TH0xZIRLnyJmgHMmac",NA,"BRMA2100055",NA,"BRA.10.1_1"
"efabdd1c",2021-08-20,5649,239,NA,NA,68711,55239,16370,NA,NA,NA,2,2,1,2,1,1,1,3,2,0,2,4,5,2,-62.4,-60.19,-64.17,-50,3,"Brazil","Maranhão","Açailândia",-4.70297599,-47.2219367927226,113121,"BRA","BR",76,"BRL","2100055","ChIJGyee5TH0xZIRLnyJmgHMmac",NA,"BRMA2100055",NA,"BRA.10.1_1"
"efabdd1c",2021-08-21,5650,239,NA,NA,NA,NA,NA,NA,NA,NA,2,2,1,2,1,1,1,3,2,0,2,4,5,2,-62.4,-60.19,-64.17,-50,3,"Brazil","Maranhão","Açailândia",-4.70297599,-47.2219367927226,113121,"BRA","BR",76,"BRL","2100055","ChIJGyee5TH0xZIRLnyJmgHMmac",NA,"BRMA2100055",NA,"BRA.10.1_1"
"efabdd1c",2021-08-22,5650,239,NA,NA,68713,55240,16371,NA,NA,NA,2,2,1,2,1,1,1,3,2,0,2,4,5,2,-62.4,-60.19,-64.17,-50,3,"Brazil","Maranhão","Açailândia",-4.70297599,-47.2219367927226,113121,"BRA","BR",76,"BRL","2100055","ChIJGyee5TH0xZIRLnyJmgHMmac",NA,"BRMA2100055",NA,"BRA.10.1_1"
"efabdd1c",2021-08-23,5650,239,NA,NA,69146,55463,16581,NA,NA,NA,2,2,1,2,1,1,1,3,2,0,2,4,5,2,-62.4,-60.19,-64.17,-50,3,"Brazil","Maranhão","Açailândia",-4.70297599,-47.2219367927226,113121,"BRA","BR",76,"BRL","2100055","ChIJGyee5TH0xZIRLnyJmgHMmac",NA,"BRMA2100055",NA,"BRA.10.1_1"
"efabdd1c",2021-08-24,5651,240,NA,NA,69808,55775,16931,NA,NA,NA,2,2,1,2,1,1,1,3,2,0,2,4,5,2,-62.4,-60.19,-64.17,-50,3,"Brazil","Maranhão","Açailândia",-4.70297599,-47.2219367927226,113121,"BRA","BR",76,"BRL","2100055","ChIJGyee5TH0xZIRLnyJmgHMmac",NA,"BRMA2100055",NA,"BRA.10.1_1"
"efabdd1c",2021-08-25,5651,240,NA,NA,70415,56056,17257,NA,NA,NA,2,2,1,2,1,1,1,3,2,0,2,4,5,2,-62.4,-60.19,-64.17,-50,3,"Brazil","Maranhão","Açailândia",-4.70297599,-47.2219367927226,113121,"BRA","BR",76,"BRL","2100055","ChIJGyee5TH0xZIRLnyJmgHMmac",NA,"BRMA2100055",NA,"BRA.10.1_1"
"efabdd1c",2021-08-26,5651,240,NA,NA,71029,56270,17657,NA,NA,NA,2,2,1,2,1,1,1,3,2,0,2,4,5,2,-62.4,-60.19,-64.17,-50,3,"Brazil","Maranhão","Açailândia",-4.70297599,-47.2219367927226,113121,"BRA","BR",76,"BRL","2100055","ChIJGyee5TH0xZIRLnyJmgHMmac",NA,"BRMA2100055",NA,"BRA.10.1_1"
"efabdd1c",2021-08-27,5651,240,NA,NA,72761,57457,18202,NA,NA,NA,2,2,1,2,1,1,1,3,2,0,2,4,5,2,-62.4,-60.19,-64.17,-50,3,"Brazil","Maranhão","Açailândia",-4.70297599,-47.2219367927226,113121,"BRA","BR",76,"BRL","2100055","ChIJGyee5TH0xZIRLnyJmgHMmac",NA,"BRMA2100055",NA,"BRA.10.1_1"
"efabdd1c",2021-08-28,5651,240,NA,NA,72769,57459,18208,NA,NA,NA,2,2,1,2,1,1,1,3,2,0,2,4,5,2,-62.4,-60.19,-64.17,-50,3,"Brazil","Maranhão","Açailândia",-4.70297599,-47.2219367927226,113121,"BRA","BR",76,"BRL","2100055","ChIJGyee5TH0xZIRLnyJmgHMmac",NA,"BRMA2100055",NA,"BRA.10.1_1"
"efabdd1c",2021-08-29,5651,240,NA,NA,NA,NA,NA,NA,NA,NA,2,2,1,2,1,1,1,3,2,0,2,4,5,2,-62.4,-60.19,-64.17,-50,3,"Brazil","Maranhão","Açailândia",-4.70297599,-47.2219367927226,113121,"BRA","BR",76,"BRL","2100055","ChIJGyee5TH0xZIRLnyJmgHMmac",NA,"BRMA2100055",NA,"BRA.10.1_1"
"efabdd1c",2021-08-30,5651,240,NA,NA,73193,57694,18397,NA,NA,NA,2,2,1,2,1,1,1,3,2,0,2,4,5,2,-62.4,-60.19,-64.17,-50,3,"Brazil","Maranhão","Açailândia",-4.70297599,-47.2219367927226,113121,"BRA","BR",76,"BRL","2100055","ChIJGyee5TH0xZIRLnyJmgHMmac",NA,"BRMA2100055",NA,"BRA.10.1_1"
"efabdd1c",2021-08-31,5656,240,NA,NA,73814,57905,18807,NA,NA,NA,2,2,1,2,1,1,1,3,2,0,2,4,5,2,-62.4,-60.19,-64.17,-50,3,"Brazil","Maranhão","Açailândia",-4.70297599,-47.2219367927226,113121,"BRA","BR",76,"BRL","2100055","ChIJGyee5TH0xZIRLnyJmgHMmac",NA,"BRMA2100055",NA,"BRA.10.1_1"
"efabdd1c",2021-09-01,5659,240,NA,NA,75682,58145,20435,NA,NA,NA,2,2,1,2,1,1,1,3,2,0,2,4,5,2,-62.4,-60.19,-64.17,-50,3,"Brazil","Maranhão","Açailândia",-4.70297599,-47.2219367927226,113121,"BRA","BR",76,"BRL","2100055","ChIJGyee5TH0xZIRLnyJmgHMmac",NA,"BRMA2100055",NA,"BRA.10.1_1"
"efabdd1c",2021-09-02,5661,240,NA,NA,76684,58315,21267,NA,NA,NA,2,2,1,2,1,1,1,3,2,0,2,4,5,2,-62.4,-60.19,-64.17,-50,3,"Brazil","Maranhão","Açailândia",-4.70297599,-47.2219367927226,113121,"BRA","BR",76,"BRL","2100055","ChIJGyee5TH0xZIRLnyJmgHMmac",NA,"BRMA2100055",NA,"BRA.10.1_1"
"efabdd1c",2021-09-03,5661,240,NA,NA,77854,59225,21527,NA,NA,NA,2,2,1,2,1,1,1,3,2,0,2,4,5,2,-62.4,-60.19,-64.17,-50,3,"Brazil","Maranhão","Açailândia",-4.70297599,-47.2219367927226,113121,"BRA","BR",76,"BRL","2100055","ChIJGyee5TH0xZIRLnyJmgHMmac",NA,"BRMA2100055",NA,"BRA.10.1_1"
"efabdd1c",2021-09-04,5661,240,NA,NA,77855,59225,21528,NA,NA,NA,2,2,1,2,1,1,1,3,2,0,2,4,5,2,-62.4,-60.19,-64.17,-50,3,"Brazil","Maranhão","Açailândia",-4.70297599,-47.2219367927226,113121,"BRA","BR",76,"BRL","2100055","ChIJGyee5TH0xZIRLnyJmgHMmac",NA,"BRMA2100055",NA,"BRA.10.1_1"
"efabdd1c",2021-09-05,5661,240,NA,NA,77856,59226,21528,NA,NA,NA,2,2,1,2,1,1,1,3,2,0,2,4,5,2,-62.4,-60.19,-64.17,-50,3,"Brazil","Maranhão","Açailândia",-4.70297599,-47.2219367927226,113121,"BRA","BR",76,"BRL","2100055","ChIJGyee5TH0xZIRLnyJmgHMmac",NA,"BRMA2100055",NA,"BRA.10.1_1"
"efabdd1c",2021-09-06,5661,240,NA,NA,NA,NA,NA,NA,NA,NA,2,2,1,2,1,1,1,3,2,0,2,4,5,2,-62.4,-60.19,-64.17,-50,3,"Brazil","Maranhão","Açailândia",-4.70297599,-47.2219367927226,113121,"BRA","BR",76,"BRL","2100055","ChIJGyee5TH0xZIRLnyJmgHMmac",NA,"BRMA2100055",NA,"BRA.10.1_1"
"efabdd1c",2021-09-07,5661,240,NA,NA,77858,59227,21529,NA,NA,NA,2,2,1,2,1,1,1,3,2,0,2,4,5,2,-62.4,-60.19,-64.17,-50,3,"Brazil","Maranhão","Açailândia",-4.70297599,-47.2219367927226,113121,"BRA","BR",76,"BRL","2100055","ChIJGyee5TH0xZIRLnyJmgHMmac",NA,"BRMA2100055",NA,"BRA.10.1_1"
"efabdd1c",2021-09-08,5663,240,NA,NA,78576,59235,22239,NA,NA,NA,2,2,1,2,1,1,-1,3,2,1,2,4,5,2,-62.92,-57.41,-64.76,-50,3,"Brazil","Maranhão","Açailândia",-4.70297599,-47.2219367927226,113121,"BRA","BR",76,"BRL","2100055","ChIJGyee5TH0xZIRLnyJmgHMmac",NA,"BRMA2100055",NA,"BRA.10.1_1"
"efabdd1c",2021-09-09,5663,240,NA,NA,80643,59829,23712,NA,NA,NA,2,2,1,2,1,1,-1,3,2,1,2,4,5,2,-62.92,-57.41,-64.76,-50,3,"Brazil","Maranhão","Açailândia",-4.70297599,-47.2219367927226,113121,"BRA","BR",76,"BRL","2100055","ChIJGyee5TH0xZIRLnyJmgHMmac",NA,"BRMA2100055",NA,"BRA.10.1_1"
"efabdd1c",2021-09-10,5663,240,NA,NA,81840,59839,24899,NA,NA,NA,2,2,1,2,1,1,-1,3,2,1,2,4,5,2,-62.92,-57.41,-64.76,-50,3,"Brazil","Maranhão","Açailândia",-4.70297599,-47.2219367927226,113121,"BRA","BR",76,"BRL","2100055","ChIJGyee5TH0xZIRLnyJmgHMmac",NA,"BRMA2100055",NA,"BRA.10.1_1"
"efabdd1c",2021-09-11,5663,240,NA,NA,81841,59839,24900,NA,NA,NA,2,2,1,2,1,1,-1,3,2,1,2,4,5,2,-62.92,-57.41,-64.76,-50,3,"Brazil","Maranhão","Açailândia",-4.70297599,-47.2219367927226,113121,"BRA","BR",76,"BRL","2100055","ChIJGyee5TH0xZIRLnyJmgHMmac",NA,"BRMA2100055",NA,"BRA.10.1_1"
"efabdd1c",2021-09-12,5681,240,NA,NA,NA,NA,NA,NA,NA,NA,2,2,1,2,1,1,-1,3,2,1,2,4,5,2,-62.92,-57.41,-64.76,-50,3,"Brazil","Maranhão","Açailândia",-4.70297599,-47.2219367927226,113121,"BRA","BR",76,"BRL","2100055","ChIJGyee5TH0xZIRLnyJmgHMmac",NA,"BRMA2100055",NA,"BRA.10.1_1"
"efabdd1c",2021-09-13,5681,240,NA,NA,83200,60200,25898,NA,NA,NA,2,2,1,2,1,1,-1,3,2,1,2,4,5,2,-62.92,-57.41,-64.76,-50,3,"Brazil","Maranhão","Açailândia",-4.70297599,-47.2219367927226,113121,"BRA","BR",76,"BRL","2100055","ChIJGyee5TH0xZIRLnyJmgHMmac",NA,"BRMA2100055",NA,"BRA.10.1_1"
"efabdd1c",2021-09-14,5681,240,NA,NA,84600,60596,26902,NA,NA,NA,2,2,1,2,1,1,-1,3,2,1,2,4,5,2,-62.92,-57.41,-64.76,-50,3,"Brazil","Maranhão","Açailândia",-4.70297599,-47.2219367927226,113121,"BRA","BR",76,"BRL","2100055","ChIJGyee5TH0xZIRLnyJmgHMmac",NA,"BRMA2100055",NA,"BRA.10.1_1"
"efabdd1c",2021-09-15,5681,240,NA,NA,86048,61280,27666,NA,NA,NA,2,2,1,2,1,1,-1,3,2,1,2,4,5,2,-62.92,-57.41,-64.76,-50,3,"Brazil","Maranhão","Açailândia",-4.70297599,-47.2219367927226,113121,"BRA","BR",76,"BRL","2100055","ChIJGyee5TH0xZIRLnyJmgHMmac",NA,"BRMA2100055",NA,"BRA.10.1_1"
"efabdd1c",2021-09-16,5681,240,NA,NA,87264,61789,28373,NA,NA,NA,2,2,1,2,1,1,-1,3,2,1,2,4,5,2,-62.92,-57.41,-64.76,-50,3,"Brazil","Maranhão","Açailândia",-4.70297599,-47.2219367927226,113121,"BRA","BR",76,"BRL","2100055","ChIJGyee5TH0xZIRLnyJmgHMmac",NA,"BRMA2100055",NA,"BRA.10.1_1"
"efabdd1c",2021-09-17,5681,240,NA,NA,88475,62173,29200,NA,NA,NA,2,2,1,2,1,1,-1,3,2,1,2,4,5,2,-62.92,-57.41,-64.76,-50,3,"Brazil","Maranhão","Açailândia",-4.70297599,-47.2219367927226,113121,"BRA","BR",76,"BRL","2100055","ChIJGyee5TH0xZIRLnyJmgHMmac",NA,"BRMA2100055",NA,"BRA.10.1_1"
"efabdd1c",2021-09-18,5681,240,NA,NA,88477,62175,29200,NA,NA,NA,2,2,1,2,1,1,-1,3,2,1,2,4,5,2,-62.92,-57.41,-64.76,-50,3,"Brazil","Maranhão","Açailândia",-4.70297599,-47.2219367927226,113121,"BRA","BR",76,"BRL","2100055","ChIJGyee5TH0xZIRLnyJmgHMmac",NA,"BRMA2100055",NA,"BRA.10.1_1"
"efabdd1c",2021-09-19,5681,240,NA,NA,88481,62175,29204,NA,NA,NA,2,2,1,2,1,1,-1,3,2,1,2,4,5,2,-62.92,-57.41,-64.76,-50,3,"Brazil","Maranhão","Açailândia",-4.70297599,-47.2219367927226,113121,"BRA","BR",76,"BRL","2100055","ChIJGyee5TH0xZIRLnyJmgHMmac",NA,"BRMA2100055",NA,"BRA.10.1_1"
"efabdd1c",2021-09-20,5681,240,NA,NA,88653,62332,29219,NA,NA,NA,2,2,1,2,1,1,-1,3,2,1,2,4,5,2,-62.92,-57.41,-64.76,-50,3,"Brazil","Maranhão","Açailândia",-4.70297599,-47.2219367927226,113121,"BRA","BR",76,"BRL","2100055","ChIJGyee5TH0xZIRLnyJmgHMmac",NA,"BRMA2100055",NA,"BRA.10.1_1"
"efabdd1c",2021-09-21,5689,240,NA,NA,89540,62502,29936,NA,NA,NA,2,2,1,2,1,1,-1,3,2,1,2,4,5,2,-62.92,-57.41,-64.76,-50,3,"Brazil","Maranhão","Açailândia",-4.70297599,-47.2219367927226,113121,"BRA","BR",76,"BRL","2100055","ChIJGyee5TH0xZIRLnyJmgHMmac",NA,"BRMA2100055",NA,"BRA.10.1_1"
"efabdd1c",2021-09-22,5722,242,NA,NA,90475,62550,30823,NA,NA,NA,2,2,1,2,1,1,-1,3,2,1,2,4,5,2,-62.92,-57.41,-64.76,-50,3,"Brazil","Maranhão","Açailândia",-4.70297599,-47.2219367927226,113121,"BRA","BR",76,"BRL","2100055","ChIJGyee5TH0xZIRLnyJmgHMmac",NA,"BRMA2100055",NA,"BRA.10.1_1"
"efabdd1c",2021-09-23,5727,242,NA,NA,91001,62555,31344,NA,NA,NA,2,2,1,2,1,1,-1,3,2,1,2,4,5,2,-62.92,-57.41,-64.76,-50,3,"Brazil","Maranhão","Açailândia",-4.70297599,-47.2219367927226,113121,"BRA","BR",76,"BRL","2100055","ChIJGyee5TH0xZIRLnyJmgHMmac",NA,"BRMA2100055",NA,"BRA.10.1_1"
"efabdd1c",2021-09-24,5763,242,NA,NA,92456,62873,32481,NA,NA,NA,2,2,1,2,1,1,-1,3,2,1,2,4,5,2,-62.92,-57.41,-64.76,-50,3,"Brazil","Maranhão","Açailândia",-4.70297599,-47.2219367927226,113121,"BRA","BR",76,"BRL","2100055","ChIJGyee5TH0xZIRLnyJmgHMmac",NA,"BRMA2100055",NA,"BRA.10.1_1"
"efabdd1c",2021-09-25,5764,243,NA,NA,NA,NA,NA,NA,NA,NA,2,2,1,2,1,1,-1,3,2,1,2,4,5,2,-62.92,-57.41,-64.76,-50,3,"Brazil","Maranhão","Açailândia",-4.70297599,-47.2219367927226,113121,"BRA","BR",76,"BRL","2100055","ChIJGyee5TH0xZIRLnyJmgHMmac",NA,"BRMA2100055",NA,"BRA.10.1_1"
"efabdd1c",2021-09-26,5764,243,NA,NA,92457,62874,32481,NA,NA,NA,2,2,1,2,1,1,-1,3,2,1,2,4,5,2,-62.92,-57.41,-64.76,-50,3,"Brazil","Maranhão","Açailândia",-4.70297599,-47.2219367927226,113121,"BRA","BR",76,"BRL","2100055","ChIJGyee5TH0xZIRLnyJmgHMmac",NA,"BRMA2100055",NA,"BRA.10.1_1"
"efabdd1c",2021-09-27,5764,243,NA,NA,93050,63045,32902,NA,NA,NA,2,2,1,2,1,1,-1,3,2,1,2,4,5,2,-62.92,-57.41,-64.76,-50,3,"Brazil","Maranhão","Açailândia",-4.70297599,-47.2219367927226,113121,"BRA","BR",76,"BRL","2100055","ChIJGyee5TH0xZIRLnyJmgHMmac",NA,"BRMA2100055",NA,"BRA.10.1_1"
"efabdd1c",2021-09-28,5769,243,NA,NA,93628,63238,33287,NA,NA,NA,2,2,1,2,1,1,-1,3,2,1,2,4,5,2,-62.92,-57.41,-64.76,-50,3,"Brazil","Maranhão","Açailândia",-4.70297599,-47.2219367927226,113121,"BRA","BR",76,"BRL","2100055","ChIJGyee5TH0xZIRLnyJmgHMmac",NA,"BRMA2100055",NA,"BRA.10.1_1"
"efabdd1c",2021-09-29,5773,243,NA,NA,94560,63689,33738,NA,NA,NA,2,2,1,2,0,1,0,3,2,1,0,4,5,2,-51.98,-49.07,-52.26,-50,3,"Brazil","Maranhão","Açailândia",-4.70297599,-47.2219367927226,113121,"BRA","BR",76,"BRL","2100055","ChIJGyee5TH0xZIRLnyJmgHMmac",NA,"BRMA2100055",NA,"BRA.10.1_1"
"efabdd1c",2021-09-30,5806,243,NA,NA,95335,63857,34231,NA,NA,NA,2,2,1,2,0,1,0,3,2,1,0,4,5,2,-51.98,-49.07,-52.26,-50,3,"Brazil","Maranhão","Açailândia",-4.70297599,-47.2219367927226,113121,"BRA","BR",76,"BRL","2100055","ChIJGyee5TH0xZIRLnyJmgHMmac",NA,"BRMA2100055",NA,"BRA.10.1_1"
"efabdd1c",2021-10-01,5806,243,NA,NA,95946,64007,34546,NA,NA,NA,2,2,1,2,0,1,0,3,2,1,0,4,5,2,-51.98,-49.07,-52.26,-50,3,"Brazil","Maranhão","Açailândia",-4.70297599,-47.2219367927226,113121,"BRA","BR",76,"BRL","2100055","ChIJGyee5TH0xZIRLnyJmgHMmac",NA,"BRMA2100055",NA,"BRA.10.1_1"
"efabdd1c",2021-10-02,5806,243,NA,NA,NA,NA,NA,NA,NA,NA,2,2,1,2,0,1,0,3,2,1,0,4,5,2,-51.98,-49.07,-52.26,-50,3,"Brazil","Maranhão","Açailândia",-4.70297599,-47.2219367927226,113121,"BRA","BR",76,"BRL","2100055","ChIJGyee5TH0xZIRLnyJmgHMmac",NA,"BRMA2100055",NA,"BRA.10.1_1"
"efabdd1c",2021-10-03,5806,243,NA,NA,95947,64007,34547,NA,NA,NA,2,2,1,2,0,1,0,3,2,1,0,4,5,2,-51.98,-49.07,-52.26,-50,3,"Brazil","Maranhão","Açailândia",-4.70297599,-47.2219367927226,113121,"BRA","BR",76,"BRL","2100055","ChIJGyee5TH0xZIRLnyJmgHMmac",NA,"BRMA2100055",NA,"BRA.10.1_1"
"efabdd1c",2021-10-04,5806,243,NA,NA,95949,64008,34548,NA,NA,NA,2,2,1,2,0,1,0,3,2,1,0,4,5,2,-51.98,-49.07,-52.26,-50,3,"Brazil","Maranhão","Açailândia",-4.70297599,-47.2219367927226,113121,"BRA","BR",76,"BRL","2100055","ChIJGyee5TH0xZIRLnyJmgHMmac",NA,"BRMA2100055",NA,"BRA.10.1_1"
"efabdd1c",2021-10-05,5806,243,NA,NA,96502,64165,34783,NA,NA,NA,2,2,1,2,0,1,0,1,2,1,0,4,5,2,-48.85,-43.52,-48.69,-50,3,"Brazil","Maranhão","Açailândia",-4.70297599,-47.2219367927226,113121,"BRA","BR",76,"BRL","2100055","ChIJGyee5TH0xZIRLnyJmgHMmac",NA,"BRMA2100055",NA,"BRA.10.1_1"
"efabdd1c",2021-10-06,5806,243,NA,NA,97433,64552,35154,NA,NA,NA,2,2,1,2,0,1,0,1,2,1,0,4,5,2,-48.85,-43.52,-48.69,-50,3,"Brazil","Maranhão","Açailândia",-4.70297599,-47.2219367927226,113121,"BRA","BR",76,"BRL","2100055","ChIJGyee5TH0xZIRLnyJmgHMmac",NA,"BRMA2100055",NA,"BRA.10.1_1"
"efabdd1c",2021-10-07,5807,244,NA,NA,98357,64821,35560,NA,NA,NA,2,2,1,2,0,1,0,1,2,1,0,4,5,2,-48.85,-43.52,-48.69,-50,3,"Brazil","Maranhão","Açailândia",-4.70297599,-47.2219367927226,113121,"BRA","BR",76,"BRL","2100055","ChIJGyee5TH0xZIRLnyJmgHMmac",NA,"BRMA2100055",NA,"BRA.10.1_1"
"efabdd1c",2021-10-08,5818,244,NA,NA,99022,64938,35960,NA,NA,NA,2,2,1,2,0,1,0,1,2,1,0,4,5,2,-48.85,-43.52,-48.69,-50,3,"Brazil","Maranhão","Açailândia",-4.70297599,-47.2219367927226,113121,"BRA","BR",76,"BRL","2100055","ChIJGyee5TH0xZIRLnyJmgHMmac",NA,"BRMA2100055",NA,"BRA.10.1_1"
"efabdd1c",2021-10-09,5820,244,NA,NA,99023,64939,35960,NA,NA,NA,2,2,1,2,0,1,0,1,2,1,0,4,5,2,-48.85,-43.52,-48.69,-50,3,"Brazil","Maranhão","Açailândia",-4.70297599,-47.2219367927226,113121,"BRA","BR",76,"BRL","2100055","ChIJGyee5TH0xZIRLnyJmgHMmac",NA,"BRMA2100055",NA,"BRA.10.1_1"
"efabdd1c",2021-10-10,5820,245,NA,NA,99025,64939,35962,NA,NA,NA,2,2,1,2,0,1,0,1,2,1,0,4,5,2,-48.85,-43.52,-48.69,-50,3,"Brazil","Maranhão","Açailândia",-4.70297599,-47.2219367927226,113121,"BRA","BR",76,"BRL","2100055","ChIJGyee5TH0xZIRLnyJmgHMmac",NA,"BRMA2100055",NA,"BRA.10.1_1"
"efabdd1c",2021-10-11,5820,245,NA,NA,99027,64941,35962,NA,NA,NA,2,2,1,2,0,1,0,1,2,1,0,4,5,2,-48.85,-43.52,-48.69,-50,3,"Brazil","Maranhão","Açailândia",-4.70297599,-47.2219367927226,113121,"BRA","BR",76,"BRL","2100055","ChIJGyee5TH0xZIRLnyJmgHMmac",NA,"BRMA2100055",NA,"BRA.10.1_1"
"efabdd1c",2021-10-12,5820,245,NA,NA,NA,NA,NA,NA,NA,NA,2,2,1,2,0,1,0,1,2,1,0,4,5,2,-48.85,-43.52,-48.69,-50,3,"Brazil","Maranhão","Açailândia",-4.70297599,-47.2219367927226,113121,"BRA","BR",76,"BRL","2100055","ChIJGyee5TH0xZIRLnyJmgHMmac",NA,"BRMA2100055",NA,"BRA.10.1_1"
"efabdd1c",2021-10-13,5820,245,NA,NA,99564,65137,36191,NA,NA,NA,2,2,1,2,0,1,0,1,2,1,0,4,5,2,-48.85,-43.52,-48.69,-50,3,"Brazil","Maranhão","Açailândia",-4.70297599,-47.2219367927226,113121,"BRA","BR",76,"BRL","2100055","ChIJGyee5TH0xZIRLnyJmgHMmac",NA,"BRMA2100055",NA,"BRA.10.1_1"
"efabdd1c",2021-10-14,5820,245,NA,NA,100661,65481,36678,NA,NA,NA,2,2,1,2,0,1,0,1,2,1,0,4,5,2,-48.85,-43.52,-48.69,-50,3,"Brazil","Maranhão","Açailândia",-4.70297599,-47.2219367927226,113121,"BRA","BR",76,"BRL","2100055","ChIJGyee5TH0xZIRLnyJmgHMmac",NA,"BRMA2100055",NA,"BRA.10.1_1"
"efabdd1c",2021-10-15,5820,245,NA,NA,101376,65623,37114,NA,NA,NA,2,2,1,2,0,1,0,1,2,1,0,4,5,2,-48.85,-43.52,-48.69,-50,3,"Brazil","Maranhão","Açailândia",-4.70297599,-47.2219367927226,113121,"BRA","BR",76,"BRL","2100055","ChIJGyee5TH0xZIRLnyJmgHMmac",NA,"BRMA2100055",NA,"BRA.10.1_1"
"efabdd1c",2021-10-16,5820,245,NA,NA,101381,65624,37118,NA,NA,NA,2,2,1,2,0,1,0,1,2,1,0,4,5,2,-48.85,-43.52,-48.69,-50,3,"Brazil","Maranhão","Açailândia",-4.70297599,-47.2219367927226,113121,"BRA","BR",76,"BRL","2100055","ChIJGyee5TH0xZIRLnyJmgHMmac",NA,"BRMA2100055",NA,"BRA.10.1_1"
"efabdd1c",2021-10-17,5820,245,NA,NA,101387,65624,37124,NA,NA,NA,2,2,1,2,0,1,0,1,2,1,0,4,5,2,-48.85,-43.52,-48.69,-50,3,"Brazil","Maranhão","Açailândia",-4.70297599,-47.2219367927226,113121,"BRA","BR",76,"BRL","2100055","ChIJGyee5TH0xZIRLnyJmgHMmac",NA,"BRMA2100055",NA,"BRA.10.1_1"
"efabdd1c",2021-10-18,5820,245,NA,NA,102115,65757,37565,NA,NA,NA,2,2,1,2,0,1,0,1,2,1,0,4,5,2,-48.85,-43.52,-48.69,-50,3,"Brazil","Maranhão","Açailândia",-4.70297599,-47.2219367927226,113121,"BRA","BR",76,"BRL","2100055","ChIJGyee5TH0xZIRLnyJmgHMmac",NA,"BRMA2100055",NA,"BRA.10.1_1"
"efabdd1c",2021-10-19,5820,245,NA,NA,102836,65885,38038,NA,NA,NA,2,2,1,2,0,1,0,1,2,1,0,4,5,2,-48.85,-43.52,-48.69,-50,3,"Brazil","Maranhão","Açailândia",-4.70297599,-47.2219367927226,113121,"BRA","BR",76,"BRL","2100055","ChIJGyee5TH0xZIRLnyJmgHMmac",NA,"BRMA2100055",NA,"BRA.10.1_1"
"efabdd1c",2021-10-20,5820,245,NA,NA,103490,66005,38447,NA,NA,NA,2,2,1,2,0,1,0,1,2,1,0,4,5,2,-48.85,-43.52,-48.69,-50,3,"Brazil","Maranhão","Açailândia",-4.70297599,-47.2219367927226,113121,"BRA","BR",76,"BRL","2100055","ChIJGyee5TH0xZIRLnyJmgHMmac",NA,"BRMA2100055",NA,"BRA.10.1_1"
"efabdd1c",2021-10-21,5820,245,NA,NA,104307,66167,38912,NA,NA,NA,2,2,1,2,0,1,0,1,2,1,0,4,5,2,-48.85,-43.52,-48.69,-50,3,"Brazil","Maranhão","Açailândia",-4.70297599,-47.2219367927226,113121,"BRA","BR",76,"BRL","2100055","ChIJGyee5TH0xZIRLnyJmgHMmac",NA,"BRMA2100055",NA,"BRA.10.1_1"
"efabdd1c",2021-10-22,5820,245,NA,NA,104836,66288,39201,NA,NA,NA,2,2,1,2,0,1,0,1,2,1,0,4,5,2,-48.85,-43.52,-48.69,-50,3,"Brazil","Maranhão","Açailândia",-4.70297599,-47.2219367927226,113121,"BRA","BR",76,"BRL","2100055","ChIJGyee5TH0xZIRLnyJmgHMmac",NA,"BRMA2100055",NA,"BRA.10.1_1"
"efabdd1c",2021-10-23,5820,245,NA,NA,NA,NA,NA,NA,NA,NA,2,2,1,2,0,1,0,1,2,1,0,4,5,2,-48.85,-43.52,-48.69,-50,3,"Brazil","Maranhão","Açailândia",-4.70297599,-47.2219367927226,113121,"BRA","BR",76,"BRL","2100055","ChIJGyee5TH0xZIRLnyJmgHMmac",NA,"BRMA2100055",NA,"BRA.10.1_1"
"efabdd1c",2021-10-24,5820,245,NA,NA,NA,NA,NA,NA,NA,NA,2,2,1,2,0,1,0,1,2,1,0,4,5,2,-48.85,-43.52,-48.69,-50,3,"Brazil","Maranhão","Açailândia",-4.70297599,-47.2219367927226,113121,"BRA","BR",76,"BRL","2100055","ChIJGyee5TH0xZIRLnyJmgHMmac",NA,"BRMA2100055",NA,"BRA.10.1_1"
"efabdd1c",2021-10-25,5820,245,NA,NA,105365,66389,39457,NA,NA,NA,2,2,1,2,0,1,0,1,2,1,0,4,5,2,-48.85,-43.52,-48.69,-50,3,"Brazil","Maranhão","Açailândia",-4.70297599,-47.2219367927226,113121,"BRA","BR",76,"BRL","2100055","ChIJGyee5TH0xZIRLnyJmgHMmac",NA,"BRMA2100055",NA,"BRA.10.1_1"
"efabdd1c",2021-10-26,5820,245,NA,NA,105972,66526,39787,NA,NA,NA,2,2,1,2,0,1,0,1,2,1,0,4,5,2,-48.85,-43.52,-48.69,-50,3,"Brazil","Maranhão","Açailândia",-4.70297599,-47.2219367927226,113121,"BRA","BR",76,"BRL","2100055","ChIJGyee5TH0xZIRLnyJmgHMmac",NA,"BRMA2100055",NA,"BRA.10.1_1"
"efabdd1c",2021-10-27,5820,246,NA,NA,106919,66667,40439,NA,NA,NA,2,2,1,2,0,1,0,1,2,1,0,4,5,2,-48.85,-43.52,-48.69,-50,3,"Brazil","Maranhão","Açailândia",-4.70297599,-47.2219367927226,113121,"BRA","BR",76,"BRL","2100055","ChIJGyee5TH0xZIRLnyJmgHMmac",NA,"BRMA2100055",NA,"BRA.10.1_1"
"efabdd1c",2021-10-28,5820,246,NA,NA,107203,66723,40603,NA,NA,NA,2,2,1,2,0,1,0,1,2,0,0,4,5,2,-46.77,-43.52,-46.31,-50,3,"Brazil","Maranhão","Açailândia",-4.70297599,-47.2219367927226,113121,"BRA","BR",76,"BRL","2100055","ChIJGyee5TH0xZIRLnyJmgHMmac",NA,"BRMA2100055",NA,"BRA.10.1_1"
"efabdd1c",2021-10-29,5820,246,NA,NA,107206,66725,40604,NA,NA,NA,2,2,1,2,0,1,0,1,2,0,0,4,5,2,-46.77,-43.52,-46.31,-50,3,"Brazil","Maranhão","Açailândia",-4.70297599,-47.2219367927226,113121,"BRA","BR",76,"BRL","2100055","ChIJGyee5TH0xZIRLnyJmgHMmac",NA,"BRMA2100055",NA,"BRA.10.1_1"
"efabdd1c",2021-10-30,5820,246,NA,NA,NA,NA,NA,NA,NA,NA,2,2,1,2,0,1,0,1,2,0,0,4,5,2,-46.77,-43.52,-46.31,-50,3,"Brazil","Maranhão","Açailândia",-4.70297599,-47.2219367927226,113121,"BRA","BR",76,"BRL","2100055","ChIJGyee5TH0xZIRLnyJmgHMmac",NA,"BRMA2100055",NA,"BRA.10.1_1"
"efabdd1c",2021-10-31,5820,246,NA,NA,NA,NA,NA,NA,NA,NA,2,2,1,2,0,1,0,1,2,0,0,4,5,2,-46.77,-43.52,-46.31,-50,3,"Brazil","Maranhão","Açailândia",-4.70297599,-47.2219367927226,113121,"BRA","BR",76,"BRL","2100055","ChIJGyee5TH0xZIRLnyJmgHMmac",NA,"BRMA2100055",NA,"BRA.10.1_1"
"efabdd1c",2021-11-01,5820,246,NA,NA,107238,66729,40620,NA,NA,NA,2,2,1,2,0,1,0,1,2,0,0,4,5,2,-46.77,-43.52,-46.31,-50,3,"Brazil","Maranhão","Açailândia",-4.70297599,-47.2219367927226,113121,"BRA","BR",76,"BRL","2100055","ChIJGyee5TH0xZIRLnyJmgHMmac",NA,"BRMA2100055",NA,"BRA.10.1_1"
"efabdd1c",2021-11-02,5820,246,NA,NA,NA,NA,NA,NA,NA,NA,2,2,1,2,0,1,0,1,2,0,0,4,5,2,-46.77,-43.52,-46.31,-50,3,"Brazil","Maranhão","Açailândia",-4.70297599,-47.2219367927226,113121,"BRA","BR",76,"BRL","2100055","ChIJGyee5TH0xZIRLnyJmgHMmac",NA,"BRMA2100055",NA,"BRA.10.1_1"
"efabdd1c",2021-11-03,5820,246,NA,NA,107546,66789,40784,NA,NA,NA,2,2,1,2,0,1,0,1,2,0,0,4,5,2,-46.77,-43.52,-46.31,-50,3,"Brazil","Maranhão","Açailândia",-4.70297599,-47.2219367927226,113121,"BRA","BR",76,"BRL","2100055","ChIJGyee5TH0xZIRLnyJmgHMmac",NA,"BRMA2100055",NA,"BRA.10.1_1"
"efabdd1c",2021-11-04,5820,242,NA,NA,107966,66878,40995,NA,NA,NA,2,2,1,2,0,1,0,1,2,0,0,4,5,2,-46.77,-43.52,-46.31,-50,3,"Brazil","Maranhão","Açailândia",-4.70297599,-47.2219367927226,113121,"BRA","BR",76,"BRL","2100055","ChIJGyee5TH0xZIRLnyJmgHMmac",NA,"BRMA2100055",NA,"BRA.10.1_1"
"efabdd1c",2021-11-05,5820,246,NA,NA,108223,66926,41127,NA,NA,NA,2,2,1,2,0,1,0,1,2,0,0,4,5,2,-46.77,-43.52,-46.31,-50,3,"Brazil","Maranhão","Açailândia",-4.70297599,-47.2219367927226,113121,"BRA","BR",76,"BRL","2100055","ChIJGyee5TH0xZIRLnyJmgHMmac",NA,"BRMA2100055",NA,"BRA.10.1_1"
"efabdd1c",2021-11-06,5820,246,NA,NA,108226,66927,41128,NA,NA,NA,2,2,1,2,0,1,0,1,2,0,0,4,5,2,-46.77,-43.52,-46.31,-50,3,"Brazil","Maranhão","Açailândia",-4.70297599,-47.2219367927226,113121,"BRA","BR",76,"BRL","2100055","ChIJGyee5TH0xZIRLnyJmgHMmac",NA,"BRMA2100055",NA,"BRA.10.1_1"
"efabdd1c",2021-11-07,5820,246,NA,NA,108227,66927,41128,NA,NA,NA,2,2,1,2,0,1,0,1,2,0,0,4,5,2,-46.77,-43.52,-46.31,-50,3,"Brazil","Maranhão","Açailândia",-4.70297599,-47.2219367927226,113121,"BRA","BR",76,"BRL","2100055","ChIJGyee5TH0xZIRLnyJmgHMmac",NA,"BRMA2100055",NA,"BRA.10.1_1"
"efabdd1c",2021-11-08,5820,246,NA,NA,108481,67005,41286,NA,NA,NA,2,2,1,2,0,1,0,1,2,0,0,4,5,2,-46.77,-43.52,-46.31,-50,3,"Brazil","Maranhão","Açailândia",-4.70297599,-47.2219367927226,113121,"BRA","BR",76,"BRL","2100055","ChIJGyee5TH0xZIRLnyJmgHMmac",NA,"BRMA2100055",NA,"BRA.10.1_1"
"efabdd1c",2021-11-09,5820,246,NA,NA,108648,67067,41391,NA,NA,NA,2,2,1,2,0,1,0,1,2,0,0,4,5,2,-46.77,-43.52,-46.31,-50,3,"Brazil","Maranhão","Açailândia",-4.70297599,-47.2219367927226,113121,"BRA","BR",76,"BRL","2100055","ChIJGyee5TH0xZIRLnyJmgHMmac",NA,"BRMA2100055",NA,"BRA.10.1_1"
"efabdd1c",2021-11-10,5833,246,NA,NA,108753,67109,41453,NA,NA,NA,2,1,1,-1,0,-1,0,1,2,0,0,4,5,0,-37.14,-33.8,-35.3,-50,3,"Brazil","Maranhão","Açailândia",-4.70297599,-47.2219367927226,113121,"BRA","BR",76,"BRL","2100055","ChIJGyee5TH0xZIRLnyJmgHMmac",NA,"BRMA2100055",NA,"BRA.10.1_1"
"efabdd1c",2021-11-11,5834,246,NA,NA,108873,67141,41539,NA,NA,NA,2,1,1,-1,0,-1,0,1,2,0,0,4,5,0,-37.14,-33.8,-35.3,-50,3,"Brazil","Maranhão","Açailândia",-4.70297599,-47.2219367927226,113121,"BRA","BR",76,"BRL","2100055","ChIJGyee5TH0xZIRLnyJmgHMmac",NA,"BRMA2100055",NA,"BRA.10.1_1"
"efabdd1c",2021-11-12,5834,246,NA,NA,109464,67205,41977,NA,NA,NA,2,1,1,-1,0,-1,0,1,2,0,0,4,5,0,-37.14,-33.8,-35.3,-50,3,"Brazil","Maranhão","Açailândia",-4.70297599,-47.2219367927226,113121,"BRA","BR",76,"BRL","2100055","ChIJGyee5TH0xZIRLnyJmgHMmac",NA,"BRMA2100055",NA,"BRA.10.1_1"
"efabdd1c",2021-11-13,5839,246,NA,NA,109465,67205,41978,NA,NA,NA,2,1,1,-1,0,-1,0,1,2,0,0,4,5,0,-37.14,-33.8,-35.3,-50,3,"Brazil","Maranhão","Açailândia",-4.70297599,-47.2219367927226,113121,"BRA","BR",76,"BRL","2100055","ChIJGyee5TH0xZIRLnyJmgHMmac",NA,"BRMA2100055",NA,"BRA.10.1_1"
"efabdd1c",2021-11-14,5839,246,NA,NA,109466,67205,41979,NA,NA,NA,2,1,1,-1,0,-1,0,1,2,0,0,4,5,0,-37.14,-33.8,-35.3,-50,3,"Brazil","Maranhão","Açailândia",-4.70297599,-47.2219367927226,113121,"BRA","BR",76,"BRL","2100055","ChIJGyee5TH0xZIRLnyJmgHMmac",NA,"BRMA2100055",NA,"BRA.10.1_1"
"efabdd1c",2021-11-15,5839,246,NA,NA,109469,67207,41979,NA,NA,NA,2,1,1,-1,0,-1,0,1,2,0,0,4,5,0,-37.14,-33.8,-35.3,-50,3,"Brazil","Maranhão","Açailândia",-4.70297599,-47.2219367927226,113121,"BRA","BR",76,"BRL","2100055","ChIJGyee5TH0xZIRLnyJmgHMmac",NA,"BRMA2100055",NA,"BRA.10.1_1"
"efabdd1c",2021-11-16,5839,246,NA,NA,110069,67281,42390,NA,NA,NA,2,1,1,-1,0,-1,0,1,2,0,0,4,5,0,-37.14,-33.8,-35.3,-50,3,"Brazil","Maranhão","Açailândia",-4.70297599,-47.2219367927226,113121,"BRA","BR",76,"BRL","2100055","ChIJGyee5TH0xZIRLnyJmgHMmac",NA,"BRMA2100055",NA,"BRA.10.1_1"
"efabdd1c",2021-11-17,5839,246,NA,NA,110729,67354,42867,NA,NA,NA,2,1,1,-1,0,-1,0,1,2,0,0,4,5,0,-37.14,-33.8,-35.3,-50,3,"Brazil","Maranhão","Açailândia",-4.70297599,-47.2219367927226,113121,"BRA","BR",76,"BRL","2100055","ChIJGyee5TH0xZIRLnyJmgHMmac",NA,"BRMA2100055",NA,"BRA.10.1_1"
"efabdd1c",2021-11-18,5847,246,NA,NA,110934,67393,43011,NA,NA,NA,2,1,1,-1,0,-1,0,1,2,0,0,4,5,0,-37.14,-33.8,-35.3,-50,3,"Brazil","Maranhão","Açailândia",-4.70297599,-47.2219367927226,113121,"BRA","BR",76,"BRL","2100055","ChIJGyee5TH0xZIRLnyJmgHMmac",NA,"BRMA2100055",NA,"BRA.10.1_1"
"efabdd1c",2021-11-19,5848,246,NA,NA,111132,67444,43128,NA,NA,NA,2,1,1,-1,0,-1,0,1,2,0,0,4,5,0,-37.14,-33.8,-35.3,-50,3,"Brazil","Maranhão","Açailândia",-4.70297599,-47.2219367927226,113121,"BRA","BR",76,"BRL","2100055","ChIJGyee5TH0xZIRLnyJmgHMmac",NA,"BRMA2100055",NA,"BRA.10.1_1"
"efabdd1c",2021-11-20,5848,246,NA,NA,111133,67444,43128,NA,NA,NA,2,1,1,-1,0,-1,0,1,2,0,0,4,5,0,-37.14,-33.8,-35.3,-50,3,"Brazil","Maranhão","Açailândia",-4.70297599,-47.2219367927226,113121,"BRA","BR",76,"BRL","2100055","ChIJGyee5TH0xZIRLnyJmgHMmac",NA,"BRMA2100055",NA,"BRA.10.1_1"
"efabdd1c",2021-11-21,5848,246,NA,NA,111135,67444,43130,NA,NA,NA,2,1,1,-1,0,-1,0,1,2,0,0,4,5,0,-37.14,-33.8,-35.3,-50,3,"Brazil","Maranhão","Açailândia",-4.70297599,-47.2219367927226,113121,"BRA","BR",76,"BRL","2100055","ChIJGyee5TH0xZIRLnyJmgHMmac",NA,"BRMA2100055",NA,"BRA.10.1_1"
"efabdd1c",2021-11-22,5851,247,NA,NA,111712,67514,43527,NA,NA,NA,2,1,1,-1,0,-1,0,1,2,0,0,4,5,0,-37.14,-33.8,-35.3,-50,3,"Brazil","Maranhão","Açailândia",-4.70297599,-47.2219367927226,113121,"BRA","BR",76,"BRL","2100055","ChIJGyee5TH0xZIRLnyJmgHMmac",NA,"BRMA2100055",NA,"BRA.10.1_1"
"efabdd1c",2021-11-23,5853,247,NA,NA,112381,67580,44009,NA,NA,NA,2,1,1,-1,0,-1,0,1,2,0,0,4,5,0,-37.14,-33.8,-35.3,-50,3,"Brazil","Maranhão","Açailândia",-4.70297599,-47.2219367927226,113121,"BRA","BR",76,"BRL","2100055","ChIJGyee5TH0xZIRLnyJmgHMmac",NA,"BRMA2100055",NA,"BRA.10.1_1"
"efabdd1c",2021-11-24,5857,243,NA,NA,113026,67644,44375,NA,NA,NA,2,1,1,-1,0,-1,0,1,2,0,0,4,5,0,-37.14,-33.8,-35.3,-50,3,"Brazil","Maranhão","Açailândia",-4.70297599,-47.2219367927226,113121,"BRA","BR",76,"BRL","2100055","ChIJGyee5TH0xZIRLnyJmgHMmac",NA,"BRMA2100055",NA,"BRA.10.1_1"
"efabdd1c",2021-11-25,5871,243,NA,NA,113534,67698,44729,NA,NA,NA,2,1,1,-1,0,-1,0,1,2,0,0,4,5,0,-37.14,-33.8,-35.3,-50,3,"Brazil","Maranhão","Açailândia",-4.70297599,-47.2219367927226,113121,"BRA","BR",76,"BRL","2100055","ChIJGyee5TH0xZIRLnyJmgHMmac",NA,"BRMA2100055",NA,"BRA.10.1_1"
"efabdd1c",2021-11-26,5897,247,NA,NA,114211,67780,45183,NA,NA,NA,2,1,1,-1,0,-1,0,1,2,0,0,4,5,0,-37.14,-33.8,-35.3,-50,3,"Brazil","Maranhão","Açailândia",-4.70297599,-47.2219367927226,113121,"BRA","BR",76,"BRL","2100055","ChIJGyee5TH0xZIRLnyJmgHMmac",NA,"BRMA2100055",NA,"BRA.10.1_1"
"efabdd1c",2021-11-27,5904,247,NA,NA,114212,67781,45183,NA,NA,NA,2,1,1,-1,0,-1,0,1,2,0,0,4,5,0,-37.14,-33.8,-35.3,-50,3,"Brazil","Maranhão","Açailândia",-4.70297599,-47.2219367927226,113121,"BRA","BR",76,"BRL","2100055","ChIJGyee5TH0xZIRLnyJmgHMmac",NA,"BRMA2100055",NA,"BRA.10.1_1"
"efabdd1c",2021-11-28,5904,247,NA,NA,NA,NA,NA,NA,NA,NA,2,1,1,-1,0,-1,0,1,2,0,0,4,5,0,-37.14,-33.8,-35.3,-50,3,"Brazil","Maranhão","Açailândia",-4.70297599,-47.2219367927226,113121,"BRA","BR",76,"BRL","2100055","ChIJGyee5TH0xZIRLnyJmgHMmac",NA,"BRMA2100055",NA,"BRA.10.1_1"
"efabdd1c",2021-11-29,5904,247,NA,NA,114806,67887,45555,NA,NA,NA,2,1,1,-1,0,-1,0,1,2,0,0,4,5,0,-37.14,-33.8,-35.3,-50,3,"Brazil","Maranhão","Açailândia",-4.70297599,-47.2219367927226,113121,"BRA","BR",76,"BRL","2100055","ChIJGyee5TH0xZIRLnyJmgHMmac",NA,"BRMA2100055",NA,"BRA.10.1_1"
"efabdd1c",2021-11-30,5917,249,NA,NA,115048,67960,45684,NA,NA,NA,2,1,1,-1,0,-1,0,1,2,0,0,4,5,0,-37.14,-33.8,-35.3,-50,3,"Brazil","Maranhão","Açailândia",-4.70297599,-47.2219367927226,113121,"BRA","BR",76,"BRL","2100055","ChIJGyee5TH0xZIRLnyJmgHMmac",NA,"BRMA2100055",NA,"BRA.10.1_1"
"efabdd1c",2021-12-01,5927,249,NA,NA,115381,68025,45905,NA,NA,NA,2,1,1,-1,0,-1,0,1,2,0,0,4,5,0,-37.14,-33.8,-35.3,-50,3,"Brazil","Maranhão","Açailândia",-4.70297599,-47.2219367927226,113121,"BRA","BR",76,"BRL","2100055","ChIJGyee5TH0xZIRLnyJmgHMmac",NA,"BRMA2100055",NA,"BRA.10.1_1"
"efabdd1c",2021-12-02,5934,246,NA,NA,116342,68152,46518,NA,NA,NA,2,1,1,-1,0,-1,0,1,2,0,0,4,5,0,-37.14,-33.8,-35.3,-50,3,"Brazil","Maranhão","Açailândia",-4.70297599,-47.2219367927226,113121,"BRA","BR",76,"BRL","2100055","ChIJGyee5TH0xZIRLnyJmgHMmac",NA,"BRMA2100055",NA,"BRA.10.1_1"
"efabdd1c",2021-12-03,5934,246,NA,NA,116585,68201,46636,NA,NA,NA,2,1,1,-1,0,-1,0,1,2,0,0,4,5,0,-37.14,-33.8,-35.3,-50,3,"Brazil","Maranhão","Açailândia",-4.70297599,-47.2219367927226,113121,"BRA","BR",76,"BRL","2100055","ChIJGyee5TH0xZIRLnyJmgHMmac",NA,"BRMA2100055",NA,"BRA.10.1_1"
"efabdd1c",2021-12-04,5934,249,NA,NA,116589,68202,46638,NA,NA,NA,2,1,1,-1,0,-1,0,1,2,0,0,4,5,0,-37.14,-33.8,-35.3,-50,3,"Brazil","Maranhão","Açailândia",-4.70297599,-47.2219367927226,113121,"BRA","BR",76,"BRL","2100055","ChIJGyee5TH0xZIRLnyJmgHMmac",NA,"BRMA2100055",NA,"BRA.10.1_1"
"efabdd1c",2021-12-05,5934,247,NA,NA,116593,68202,46642,NA,NA,NA,2,1,1,-1,0,-1,0,1,2,0,0,4,5,0,-37.14,-33.8,-35.3,-50,3,"Brazil","Maranhão","Açailândia",-4.70297599,-47.2219367927226,113121,"BRA","BR",76,"BRL","2100055","ChIJGyee5TH0xZIRLnyJmgHMmac",NA,"BRMA2100055",NA,"BRA.10.1_1"
"efabdd1c",2021-12-06,5934,250,NA,NA,116825,68267,46771,NA,NA,NA,2,1,1,-1,0,-1,0,1,2,0,0,4,5,0,-37.14,-33.8,-35.3,-50,3,"Brazil","Maranhão","Açailândia",-4.70297599,-47.2219367927226,113121,"BRA","BR",76,"BRL","2100055","ChIJGyee5TH0xZIRLnyJmgHMmac",NA,"BRMA2100055",NA,"BRA.10.1_1"
"efabdd1c",2021-12-07,5934,249,NA,NA,117350,68404,47112,NA,NA,NA,2,1,1,-1,0,-1,0,1,2,0,0,4,5,0,-37.14,-33.8,-35.3,-50,3,"Brazil","Maranhão","Açailândia",-4.70297599,-47.2219367927226,113121,"BRA","BR",76,"BRL","2100055","ChIJGyee5TH0xZIRLnyJmgHMmac",NA,"BRMA2100055",NA,"BRA.10.1_1"
"efabdd1c",2021-12-08,5934,250,NA,NA,117465,68440,47168,NA,NA,NA,2,1,1,-1,0,-1,0,1,2,0,0,4,5,0,-37.14,-33.8,-35.3,-50,3,"Brazil","Maranhão","Açailândia",-4.70297599,-47.2219367927226,113121,"BRA","BR",76,"BRL","2100055","ChIJGyee5TH0xZIRLnyJmgHMmac",NA,"BRMA2100055",NA,"BRA.10.1_1"
"efabdd1c",2021-12-09,5939,249,NA,NA,117628,68492,47251,NA,NA,NA,2,1,1,-1,0,-1,0,1,2,0,0,4,5,0,-37.14,-33.8,-35.3,-50,3,"Brazil","Maranhão","Açailândia",-4.70297599,-47.2219367927226,113121,"BRA","BR",76,"BRL","2100055","ChIJGyee5TH0xZIRLnyJmgHMmac",NA,"BRMA2100055",NA,"BRA.10.1_1"
"efabdd1c",2021-12-10,5959,249,NA,NA,118177,68567,47524,NA,NA,NA,2,1,1,-1,0,-1,0,1,2,0,0,4,5,0,-37.14,-33.8,-35.3,-50,3,"Brazil","Maranhão","Açailândia",-4.70297599,-47.2219367927226,113121,"BRA","BR",76,"BRL","2100055","ChIJGyee5TH0xZIRLnyJmgHMmac",NA,"BRMA2100055",NA,"BRA.10.1_1"
"efabdd1c",2021-12-11,5959,250,NA,NA,118179,68568,47524,NA,NA,NA,2,1,1,-1,0,-1,0,1,2,0,0,4,5,0,-37.14,-33.8,-35.3,-50,3,"Brazil","Maranhão","Açailândia",-4.70297599,-47.2219367927226,113121,"BRA","BR",76,"BRL","2100055","ChIJGyee5TH0xZIRLnyJmgHMmac",NA,"BRMA2100055",NA,"BRA.10.1_1"
"efabdd1c",2021-12-12,5959,249,NA,NA,118181,68568,47525,NA,NA,NA,2,1,1,-1,0,-1,0,1,2,0,0,4,5,0,-37.14,-33.8,-35.3,-50,3,"Brazil","Maranhão","Açailândia",-4.70297599,-47.2219367927226,113121,"BRA","BR",76,"BRL","2100055","ChIJGyee5TH0xZIRLnyJmgHMmac",NA,"BRMA2100055",NA,"BRA.10.1_1"
"efabdd1c",2021-12-13,5959,250,NA,NA,118828,68629,47860,NA,NA,NA,2,1,1,-1,0,-1,0,1,2,0,0,4,5,0,-37.14,-33.8,-35.3,-50,3,"Brazil","Maranhão","Açailândia",-4.70297599,-47.2219367927226,113121,"BRA","BR",76,"BRL","2100055","ChIJGyee5TH0xZIRLnyJmgHMmac",NA,"BRMA2100055",NA,"BRA.10.1_1"
"efabdd1c",2021-12-14,5959,250,NA,NA,119470,68700,48193,NA,NA,NA,2,1,1,-1,0,-1,0,1,2,0,0,4,5,0,-37.14,-33.8,-35.3,-50,3,"Brazil","Maranhão","Açailândia",-4.70297599,-47.2219367927226,113121,"BRA","BR",76,"BRL","2100055","ChIJGyee5TH0xZIRLnyJmgHMmac",NA,"BRMA2100055",NA,"BRA.10.1_1"
"efabdd1c",2021-12-15,5959,250,NA,NA,120127,68776,48565,NA,NA,NA,2,1,1,-1,0,-1,0,1,2,0,0,4,5,0,-37.14,-33.8,-35.3,-50,3,"Brazil","Maranhão","Açailândia",-4.70297599,-47.2219367927226,113121,"BRA","BR",76,"BRL","2100055","ChIJGyee5TH0xZIRLnyJmgHMmac",NA,"BRMA2100055",NA,"BRA.10.1_1"
"efabdd1c",2021-12-16,5959,250,NA,NA,120752,68867,48907,NA,NA,NA,2,1,1,-1,0,-1,0,1,2,0,0,4,5,0,-37.14,-33.8,-35.3,-50,3,"Brazil","Maranhão","Açailândia",-4.70297599,-47.2219367927226,113121,"BRA","BR",76,"BRL","2100055","ChIJGyee5TH0xZIRLnyJmgHMmac",NA,"BRMA2100055",NA,"BRA.10.1_1"
"efabdd1c",2021-12-17,5959,250,NA,NA,121280,68926,49188,NA,NA,NA,2,1,1,-1,0,-1,0,1,2,0,0,4,5,0,-37.14,-33.8,-35.3,-50,3,"Brazil","Maranhão","Açailândia",-4.70297599,-47.2219367927226,113121,"BRA","BR",76,"BRL","2100055","ChIJGyee5TH0xZIRLnyJmgHMmac",NA,"BRMA2100055",NA,"BRA.10.1_1"
"efabdd1c",2021-12-18,5962,251,NA,NA,121282,68926,49190,NA,NA,NA,2,1,1,-1,0,-1,0,1,2,0,0,4,5,0,-37.14,-33.8,-35.3,-50,3,"Brazil","Maranhão","Açailândia",-4.70297599,-47.2219367927226,113121,"BRA","BR",76,"BRL","2100055","ChIJGyee5TH0xZIRLnyJmgHMmac",NA,"BRMA2100055",NA,"BRA.10.1_1"
"efabdd1c",2021-12-19,5963,252,NA,NA,NA,NA,NA,NA,NA,NA,2,1,1,-1,0,-1,0,1,2,0,0,4,5,0,-37.14,-33.8,-35.3,-50,3,"Brazil","Maranhão","Açailândia",-4.70297599,-47.2219367927226,113121,"BRA","BR",76,"BRL","2100055","ChIJGyee5TH0xZIRLnyJmgHMmac",NA,"BRMA2100055",NA,"BRA.10.1_1"
"efabdd1c",2021-12-20,5967,254,NA,NA,121695,68993,49377,NA,NA,NA,2,1,1,-1,0,-1,0,1,2,0,0,4,5,0,-37.14,-33.8,-35.3,-50,3,"Brazil","Maranhão","Açailândia",-4.70297599,-47.2219367927226,113121,"BRA","BR",76,"BRL","2100055","ChIJGyee5TH0xZIRLnyJmgHMmac",NA,"BRMA2100055",NA,"BRA.10.1_1"
"efabdd1c",2021-12-21,5970,256,NA,NA,122056,69035,49551,NA,NA,NA,2,1,1,-1,0,-1,0,1,2,0,0,4,5,0,-37.14,-33.8,-35.3,-50,3,"Brazil","Maranhão","Açailândia",-4.70297599,-47.2219367927226,113121,"BRA","BR",76,"BRL","2100055","ChIJGyee5TH0xZIRLnyJmgHMmac",NA,"BRMA2100055",NA,"BRA.10.1_1"
"efabdd1c",2021-12-22,5970,257,NA,NA,122342,69069,49700,NA,NA,NA,2,1,1,-1,0,-1,0,1,2,0,0,4,5,0,-37.14,-33.8,-35.3,-50,3,"Brazil","Maranhão","Açailândia",-4.70297599,-47.2219367927226,113121,"BRA","BR",76,"BRL","2100055","ChIJGyee5TH0xZIRLnyJmgHMmac",NA,"BRMA2100055",NA,"BRA.10.1_1"
"efabdd1c",2021-12-23,5978,258,NA,NA,122586,69104,49831,NA,NA,NA,2,1,1,-1,0,-1,0,1,2,0,0,4,5,0,-37.14,-33.8,-35.3,-50,3,"Brazil","Maranhão","Açailândia",-4.70297599,-47.2219367927226,113121,"BRA","BR",76,"BRL","2100055","ChIJGyee5TH0xZIRLnyJmgHMmac",NA,"BRMA2100055",NA,"BRA.10.1_1"
"efabdd1c",2021-12-24,5983,259,NA,NA,122607,69108,49842,NA,NA,NA,2,1,1,-1,0,-1,0,1,2,0,0,4,5,0,-37.14,-33.8,-35.3,-50,3,"Brazil","Maranhão","Açailândia",-4.70297599,-47.2219367927226,113121,"BRA","BR",76,"BRL","2100055","ChIJGyee5TH0xZIRLnyJmgHMmac",NA,"BRMA2100055",NA,"BRA.10.1_1"
"efabdd1c",2021-12-25,5983,260,NA,NA,NA,NA,NA,NA,NA,NA,2,1,1,-1,0,-1,0,1,2,0,0,4,5,0,-37.14,-33.8,-35.3,-50,3,"Brazil","Maranhão","Açailândia",-4.70297599,-47.2219367927226,113121,"BRA","BR",76,"BRL","2100055","ChIJGyee5TH0xZIRLnyJmgHMmac",NA,"BRMA2100055",NA,"BRA.10.1_1"
"efabdd1c",2021-12-26,5983,260,NA,NA,NA,NA,NA,NA,NA,NA,2,1,1,-1,0,-1,0,1,2,0,0,4,5,0,-37.14,-33.8,-35.3,-50,3,"Brazil","Maranhão","Açailândia",-4.70297599,-47.2219367927226,113121,"BRA","BR",76,"BRL","2100055","ChIJGyee5TH0xZIRLnyJmgHMmac",NA,"BRMA2100055",NA,"BRA.10.1_1"
"efabdd1c",2021-12-27,5983,260,NA,NA,122629,69110,49847,NA,NA,NA,2,1,1,-1,0,-1,0,1,2,0,0,4,5,0,-37.14,-33.8,-35.3,-50,3,"Brazil","Maranhão","Açailândia",-4.70297599,-47.2219367927226,113121,"BRA","BR",76,"BRL","2100055","ChIJGyee5TH0xZIRLnyJmgHMmac",NA,"BRMA2100055",NA,"BRA.10.1_1"
"efabdd1c",2021-12-28,5983,260,NA,NA,122678,69112,49853,NA,NA,NA,2,1,1,-1,0,-1,0,1,2,0,0,4,5,0,-37.14,-33.8,-35.3,-50,3,"Brazil","Maranhão","Açailândia",-4.70297599,-47.2219367927226,113121,"BRA","BR",76,"BRL","2100055","ChIJGyee5TH0xZIRLnyJmgHMmac",NA,"BRMA2100055",NA,"BRA.10.1_1"
"efabdd1c",2021-12-29,5984,261,NA,NA,122781,69126,49894,NA,NA,NA,2,1,1,-1,0,-1,0,1,2,0,0,4,5,0,-37.14,-33.8,-35.3,-50,3,"Brazil","Maranhão","Açailândia",-4.70297599,-47.2219367927226,113121,"BRA","BR",76,"BRL","2100055","ChIJGyee5TH0xZIRLnyJmgHMmac",NA,"BRMA2100055",NA,"BRA.10.1_1"
"efabdd1c",2021-12-30,5984,261,NA,NA,122859,69132,49924,NA,NA,NA,2,1,1,-1,0,-1,0,1,2,0,0,4,5,0,-37.14,-33.8,-35.3,-50,3,"Brazil","Maranhão","Açailândia",-4.70297599,-47.2219367927226,113121,"BRA","BR",76,"BRL","2100055","ChIJGyee5TH0xZIRLnyJmgHMmac",NA,"BRMA2100055",NA,"BRA.10.1_1"
"efabdd1c",2021-12-31,5984,261,NA,NA,122860,69132,49925,NA,NA,NA,2,1,1,-1,0,-1,0,1,2,0,0,4,5,0,-37.14,-33.8,-35.3,-50,3,"Brazil","Maranhão","Açailândia",-4.70297599,-47.2219367927226,113121,"BRA","BR",76,"BRL","2100055","ChIJGyee5TH0xZIRLnyJmgHMmac",NA,"BRMA2100055",NA,"BRA.10.1_1"
"efabdd1c",2022-01-01,5984,261,NA,NA,NA,NA,NA,NA,NA,NA,2,1,1,-1,0,-1,0,1,2,0,0,4,5,0,-37.14,-33.8,-35.3,-50,3,"Brazil","Maranhão","Açailândia",-4.70297599,-47.2219367927226,113121,"BRA","BR",76,"BRL","2100055","ChIJGyee5TH0xZIRLnyJmgHMmac",NA,"BRMA2100055",NA,"BRA.10.1_1"
"efabdd1c",2022-01-02,5984,261,NA,NA,NA,NA,NA,NA,NA,NA,2,1,1,-1,0,-1,0,1,2,0,0,4,5,0,-37.14,-33.8,-35.3,-50,3,"Brazil","Maranhão","Açailândia",-4.70297599,-47.2219367927226,113121,"BRA","BR",76,"BRL","2100055","ChIJGyee5TH0xZIRLnyJmgHMmac",NA,"BRMA2100055",NA,"BRA.10.1_1"
"efabdd1c",2022-01-03,5984,261,NA,NA,NA,NA,NA,NA,NA,NA,2,1,1,-1,0,-1,0,1,2,0,0,4,5,0,-37.14,-33.8,-35.3,-50,3,"Brazil","Maranhão","Açailândia",-4.70297599,-47.2219367927226,113121,"BRA","BR",76,"BRL","2100055","ChIJGyee5TH0xZIRLnyJmgHMmac",NA,"BRMA2100055",NA,"BRA.10.1_1"
"efabdd1c",2022-01-04,5984,261,NA,NA,122945,69143,49968,NA,NA,NA,2,1,1,-1,0,-1,0,1,2,0,0,4,5,0,-37.14,-33.8,-35.3,-50,3,"Brazil","Maranhão","Açailândia",-4.70297599,-47.2219367927226,113121,"BRA","BR",76,"BRL","2100055","ChIJGyee5TH0xZIRLnyJmgHMmac",NA,"BRMA2100055",NA,"BRA.10.1_1"
"efabdd1c",2022-01-05,5984,261,NA,NA,123189,69178,50067,NA,NA,NA,2,1,-2,-1,0,-1,0,1,2,0,0,4,5,0,-38.7,-36.57,-37.08,-50,3,"Brazil","Maranhão","Açailândia",-4.70297599,-47.2219367927226,113121,"BRA","BR",76,"BRL","2100055","ChIJGyee5TH0xZIRLnyJmgHMmac",NA,"BRMA2100055",NA,"BRA.10.1_1"
"efabdd1c",2022-01-06,5985,262,NA,NA,123419,69206,50140,NA,NA,NA,2,1,-2,-1,0,-1,0,1,2,0,0,4,5,0,-38.7,-36.57,-37.08,-50,3,"Brazil","Maranhão","Açailândia",-4.70297599,-47.2219367927226,113121,"BRA","BR",76,"BRL","2100055","ChIJGyee5TH0xZIRLnyJmgHMmac",NA,"BRMA2100055",NA,"BRA.10.1_1"
"efabdd1c",2022-01-07,5988,263,NA,NA,123698,69235,50226,NA,NA,NA,2,1,-2,-1,0,-1,0,1,2,0,0,4,5,0,-38.7,-36.57,-37.08,-50,3,"Brazil","Maranhão","Açailândia",-4.70297599,-47.2219367927226,113121,"BRA","BR",76,"BRL","2100055","ChIJGyee5TH0xZIRLnyJmgHMmac",NA,"BRMA2100055",NA,"BRA.10.1_1"
"efabdd1c",2022-01-08,5988,265,NA,NA,NA,NA,NA,NA,NA,NA,2,1,-2,-1,0,-1,0,1,2,0,0,4,5,0,-38.7,-36.57,-37.08,-50,3,"Brazil","Maranhão","Açailândia",-4.70297599,-47.2219367927226,113121,"BRA","BR",76,"BRL","2100055","ChIJGyee5TH0xZIRLnyJmgHMmac",NA,"BRMA2100055",NA,"BRA.10.1_1"
"efabdd1c",2022-01-09,5988,265,NA,NA,NA,NA,NA,NA,NA,NA,2,1,-2,-1,0,-1,0,1,2,0,0,4,5,0,-38.7,-36.57,-37.08,-50,3,"Brazil","Maranhão","Açailândia",-4.70297599,-47.2219367927226,113121,"BRA","BR",76,"BRL","2100055","ChIJGyee5TH0xZIRLnyJmgHMmac",NA,"BRMA2100055",NA,"BRA.10.1_1"
"efabdd1c",2022-01-10,5989,265,NA,NA,124114,69275,50401,NA,NA,NA,2,1,-2,-1,0,-1,0,1,2,0,0,4,5,0,-38.7,-36.57,-37.08,-50,3,"Brazil","Maranhão","Açailândia",-4.70297599,-47.2219367927226,113121,"BRA","BR",76,"BRL","2100055","ChIJGyee5TH0xZIRLnyJmgHMmac",NA,"BRMA2100055",NA,"BRA.10.1_1"
"efabdd1c",2022-01-11,5997,265,NA,NA,124470,69320,50519,NA,NA,NA,2,1,-2,-1,0,-1,0,1,2,0,0,4,5,0,-38.7,-36.57,-37.08,-50,3,"Brazil","Maranhão","Açailândia",-4.70297599,-47.2219367927226,113121,"BRA","BR",76,"BRL","2100055","ChIJGyee5TH0xZIRLnyJmgHMmac",NA,"BRMA2100055",NA,"BRA.10.1_1"
"efabdd1c",2022-01-12,5997,265,NA,NA,124816,69352,50656,NA,NA,NA,2,1,-2,-1,0,-1,0,1,2,0,0,4,5,0,-38.7,-36.57,-37.08,-50,3,"Brazil","Maranhão","Açailândia",-4.70297599,-47.2219367927226,113121,"BRA","BR",76,"BRL","2100055","ChIJGyee5TH0xZIRLnyJmgHMmac",NA,"BRMA2100055",NA,"BRA.10.1_1"
"efabdd1c",2022-01-13,6016,265,NA,NA,125140,69376,50777,NA,NA,NA,2,1,-2,-1,0,-1,0,1,2,0,0,4,5,0,-38.7,-36.57,-37.08,-50,3,"Brazil","Maranhão","Açailândia",-4.70297599,-47.2219367927226,113121,"BRA","BR",76,"BRL","2100055","ChIJGyee5TH0xZIRLnyJmgHMmac",NA,"BRMA2100055",NA,"BRA.10.1_1"
"efabdd1c",2022-01-14,6024,265,NA,NA,125746,69407,50881,NA,NA,NA,2,1,-2,-1,0,-1,0,1,2,0,0,4,5,0,-38.7,-36.57,-37.08,-50,3,"Brazil","Maranhão","Açailândia",-4.70297599,-47.2219367927226,113121,"BRA","BR",76,"BRL","2100055","ChIJGyee5TH0xZIRLnyJmgHMmac",NA,"BRMA2100055",NA,"BRA.10.1_1"
"efabdd1c",2022-01-15,6026,266,NA,NA,125747,69407,50881,NA,NA,NA,2,1,-2,-1,0,-1,0,1,2,0,0,4,5,0,-38.7,-36.57,-37.08,-50,3,"Brazil","Maranhão","Açailândia",-4.70297599,-47.2219367927226,113121,"BRA","BR",76,"BRL","2100055","ChIJGyee5TH0xZIRLnyJmgHMmac",NA,"BRMA2100055",NA,"BRA.10.1_1"
"efabdd1c",2022-01-16,6029,268,NA,NA,NA,NA,NA,NA,NA,NA,2,1,-2,-1,0,-1,0,1,2,0,0,4,5,0,-38.7,-36.57,-37.08,-50,3,"Brazil","Maranhão","Açailândia",-4.70297599,-47.2219367927226,113121,"BRA","BR",76,"BRL","2100055","ChIJGyee5TH0xZIRLnyJmgHMmac",NA,"BRMA2100055",NA,"BRA.10.1_1"
"efabdd1c",2022-01-17,6030,267,NA,NA,125948,69433,50961,NA,NA,NA,2,1,-2,-1,0,-1,0,1,2,0,0,4,5,0,-38.7,-36.57,-37.08,-50,3,"Brazil","Maranhão","Açailândia",-4.70297599,-47.2219367927226,113121,"BRA","BR",76,"BRL","2100055","ChIJGyee5TH0xZIRLnyJmgHMmac",NA,"BRMA2100055",NA,"BRA.10.1_1"
"efabdd1c",2022-01-18,6031,267,NA,NA,126277,69466,51043,NA,NA,NA,2,1,-2,-1,0,-1,0,1,2,0,0,4,5,0,-38.7,-36.57,-37.08,-50,3,"Brazil","Maranhão","Açailândia",-4.70297599,-47.2219367927226,113121,"BRA","BR",76,"BRL","2100055","ChIJGyee5TH0xZIRLnyJmgHMmac",NA,"BRMA2100055",NA,"BRA.10.1_1"
"efabdd1c",2022-01-19,6039,267,NA,NA,126576,69484,51138,NA,NA,NA,2,1,-2,-1,0,-1,0,1,2,0,0,4,5,0,-38.7,-36.57,-37.08,-50,3,"Brazil","Maranhão","Açailândia",-4.70297599,-47.2219367927226,113121,"BRA","BR",76,"BRL","2100055","ChIJGyee5TH0xZIRLnyJmgHMmac",NA,"BRMA2100055",NA,"BRA.10.1_1"
"efabdd1c",2022-01-20,6049,267,NA,NA,126912,69562,51229,NA,NA,NA,2,1,-2,-1,0,-1,0,1,2,0,0,4,5,0,-38.7,-36.57,-37.08,-50,3,"Brazil","Maranhão","Açailândia",-4.70297599,-47.2219367927226,113121,"BRA","BR",76,"BRL","2100055","ChIJGyee5TH0xZIRLnyJmgHMmac",NA,"BRMA2100055",NA,"BRA.10.1_1"
"efabdd1c",2022-01-21,6050,267,NA,NA,127105,69606,51277,NA,NA,NA,2,1,-2,-1,0,-1,0,1,2,0,0,4,5,0,-38.7,-36.57,-37.08,-50,3,"Brazil","Maranhão","Açailândia",-4.70297599,-47.2219367927226,113121,"BRA","BR",76,"BRL","2100055","ChIJGyee5TH0xZIRLnyJmgHMmac",NA,"BRMA2100055",NA,"BRA.10.1_1"
"efabdd1c",2022-01-22,6053,269,NA,NA,127107,69608,51277,NA,NA,NA,2,1,-2,-1,0,-1,0,1,2,0,0,4,5,0,-38.7,-36.57,-37.08,-50,3,"Brazil","Maranhão","Açailândia",-4.70297599,-47.2219367927226,113121,"BRA","BR",76,"BRL","2100055","ChIJGyee5TH0xZIRLnyJmgHMmac",NA,"BRMA2100055",NA,"BRA.10.1_1"
"efabdd1c",2022-01-23,6053,269,NA,NA,127108,69609,51277,NA,NA,NA,2,1,-2,-1,0,-1,0,1,2,0,0,4,5,0,-38.7,-36.57,-37.08,-50,3,"Brazil","Maranhão","Açailândia",-4.70297599,-47.2219367927226,113121,"BRA","BR",76,"BRL","2100055","ChIJGyee5TH0xZIRLnyJmgHMmac",NA,"BRMA2100055",NA,"BRA.10.1_1"
"efabdd1c",2022-01-24,6054,269,NA,NA,127347,69652,51338,NA,NA,NA,2,1,-2,-2,0,-1,0,1,2,0,0,4,5,0,-40.26,-39.35,-38.87,-50,3,"Brazil","Maranhão","Açailândia",-4.70297599,-47.2219367927226,113121,"BRA","BR",76,"BRL","2100055","ChIJGyee5TH0xZIRLnyJmgHMmac",NA,"BRMA2100055",NA,"BRA.10.1_1"
"efabdd1c",2022-01-25,6067,269,NA,NA,127635,69705,51414,NA,NA,NA,2,1,-2,-2,0,-1,0,1,2,0,0,4,5,0,-40.26,-39.35,-38.87,-50,3,"Brazil","Maranhão","Açailândia",-4.70297599,-47.2219367927226,113121,"BRA","BR",76,"BRL","2100055","ChIJGyee5TH0xZIRLnyJmgHMmac",NA,"BRMA2100055",NA,"BRA.10.1_1"
"efabdd1c",2022-01-26,6071,269,NA,NA,127909,69753,51468,NA,NA,NA,2,1,-2,-2,0,-1,0,1,2,0,0,4,5,0,-37.14,-39.35,-38.87,-25,3,"Brazil","Maranhão","Açailândia",-4.70297599,-47.2219367927226,113121,"BRA","BR",76,"BRL","2100055","ChIJGyee5TH0xZIRLnyJmgHMmac",NA,"BRMA2100055",NA,"BRA.10.1_1"
"efabdd1c",2022-01-27,6073,269,NA,NA,128081,69777,51498,NA,NA,NA,2,1,-2,-2,0,-1,0,1,2,0,0,4,5,0,-37.14,-39.35,-38.87,-25,3,"Brazil","Maranhão","Açailândia",-4.70297599,-47.2219367927226,113121,"BRA","BR",76,"BRL","2100055","ChIJGyee5TH0xZIRLnyJmgHMmac",NA,"BRMA2100055",NA,"BRA.10.1_1"
"efabdd1c",2022-01-28,6096,270,NA,NA,128399,69854,51576,NA,NA,NA,2,1,-2,-2,0,-1,0,1,2,0,0,4,5,0,-37.14,-39.35,-38.87,-25,3,"Brazil","Maranhão","Açailândia",-4.70297599,-47.2219367927226,113121,"BRA","BR",76,"BRL","2100055","ChIJGyee5TH0xZIRLnyJmgHMmac",NA,"BRMA2100055",NA,"BRA.10.1_1"
"efabdd1c",2022-01-29,6104,270,NA,NA,128400,69854,51577,NA,NA,NA,2,1,-2,-2,0,-1,0,1,2,0,0,4,5,0,-37.14,-39.35,-38.87,-25,3,"Brazil","Maranhão","Açailândia",-4.70297599,-47.2219367927226,113121,"BRA","BR",76,"BRL","2100055","ChIJGyee5TH0xZIRLnyJmgHMmac",NA,"BRMA2100055",NA,"BRA.10.1_1"
"efabdd1c",2022-01-30,6104,270,NA,NA,NA,NA,NA,NA,NA,NA,2,1,-2,-2,0,-1,0,1,2,0,0,4,5,0,-37.14,-39.35,-38.87,-25,3,"Brazil","Maranhão","Açailândia",-4.70297599,-47.2219367927226,113121,"BRA","BR",76,"BRL","2100055","ChIJGyee5TH0xZIRLnyJmgHMmac",NA,"BRMA2100055",NA,"BRA.10.1_1"
"efabdd1c",2022-01-31,6104,270,NA,NA,128655,69929,51640,NA,NA,NA,2,1,-2,-2,0,-1,0,1,2,0,0,4,5,0,-37.14,-39.35,-38.87,-25,3,"Brazil","Maranhão","Açailândia",-4.70297599,-47.2219367927226,113121,"BRA","BR",76,"BRL","2100055","ChIJGyee5TH0xZIRLnyJmgHMmac",NA,"BRMA2100055",NA,"BRA.10.1_1"
"efabdd1c",2022-02-01,6105,270,NA,NA,128957,70027,51705,NA,NA,NA,2,1,-2,-2,0,-1,0,1,2,0,0,4,5,0,-37.14,-39.35,-38.87,-25,3,"Brazil","Maranhão","Açailândia",-4.70297599,-47.2219367927226,113121,"BRA","BR",76,"BRL","2100055","ChIJGyee5TH0xZIRLnyJmgHMmac",NA,"BRMA2100055",NA,"BRA.10.1_1"
"efabdd1c",2022-02-02,6113,270,NA,NA,129246,70100,51795,NA,NA,NA,2,1,-2,-2,0,-1,0,1,2,0,0,4,5,0,-37.14,-39.35,-38.87,-25,3,"Brazil","Maranhão","Açailândia",-4.70297599,-47.2219367927226,113121,"BRA","BR",76,"BRL","2100055","ChIJGyee5TH0xZIRLnyJmgHMmac",NA,"BRMA2100055",NA,"BRA.10.1_1"
"efabdd1c",2022-02-03,6124,271,NA,NA,129490,70173,51869,NA,NA,NA,2,1,-2,-2,0,-1,0,1,2,0,0,4,5,0,-37.14,-39.35,-38.87,-25,3,"Brazil","Maranhão","Açailândia",-4.70297599,-47.2219367927226,113121,"BRA","BR",76,"BRL","2100055","ChIJGyee5TH0xZIRLnyJmgHMmac",NA,"BRMA2100055",NA,"BRA.10.1_1"
"efabdd1c",2022-02-04,6148,273,NA,NA,129739,70267,51922,NA,NA,NA,2,1,-2,-2,0,-1,0,1,2,0,0,4,5,0,-37.14,-39.35,-38.87,-25,3,"Brazil","Maranhão","Açailândia",-4.70297599,-47.2219367927226,113121,"BRA","BR",76,"BRL","2100055","ChIJGyee5TH0xZIRLnyJmgHMmac",NA,"BRMA2100055",NA,"BRA.10.1_1"
"efabdd1c",2022-02-05,6167,273,NA,NA,129740,70268,51922,NA,NA,NA,2,1,-2,-2,0,-1,0,1,2,0,0,4,5,0,-37.14,-39.35,-38.87,-25,3,"Brazil","Maranhão","Açailândia",-4.70297599,-47.2219367927226,113121,"BRA","BR",76,"BRL","2100055","ChIJGyee5TH0xZIRLnyJmgHMmac",NA,"BRMA2100055",NA,"BRA.10.1_1"
"efabdd1c",2022-02-06,6167,273,NA,NA,NA,NA,NA,NA,NA,NA,2,1,-2,-2,0,-1,0,1,2,0,0,4,5,0,-37.14,-39.35,-38.87,-25,3,"Brazil","Maranhão","Açailândia",-4.70297599,-47.2219367927226,113121,"BRA","BR",76,"BRL","2100055","ChIJGyee5TH0xZIRLnyJmgHMmac",NA,"BRMA2100055",NA,"BRA.10.1_1"
"efabdd1c",2022-02-07,6167,275,NA,NA,129936,70315,51976,NA,NA,NA,2,-2,-2,-2,0,-1,0,1,2,0,0,4,5,0,-38.18,-41.2,-40.06,-25,3,"Brazil","Maranhão","Açailândia",-4.70297599,-47.2219367927226,113121,"BRA","BR",76,"BRL","2100055","ChIJGyee5TH0xZIRLnyJmgHMmac",NA,"BRMA2100055",NA,"BRA.10.1_1"
"efabdd1c",2022-02-08,6183,279,NA,NA,130164,70378,52030,NA,NA,NA,2,-2,-2,-2,0,-1,0,1,2,0,0,4,5,0,-38.18,-41.2,-40.06,-25,3,"Brazil","Maranhão","Açailândia",-4.70297599,-47.2219367927226,113121,"BRA","BR",76,"BRL","2100055","ChIJGyee5TH0xZIRLnyJmgHMmac",NA,"BRMA2100055",NA,"BRA.10.1_1"
"efabdd1c",2022-02-09,6193,281,NA,NA,130753,70635,52109,NA,NA,NA,2,-2,-2,-2,0,-1,0,1,2,0,0,4,5,0,-38.18,-41.2,-40.06,-25,3,"Brazil","Maranhão","Açailândia",-4.70297599,-47.2219367927226,113121,"BRA","BR",76,"BRL","2100055","ChIJGyee5TH0xZIRLnyJmgHMmac",NA,"BRMA2100055",NA,"BRA.10.1_1"
"efabdd1c",2022-02-10,6193,285,NA,NA,131106,70736,52198,NA,NA,NA,2,-2,-2,-2,0,-1,0,1,2,0,0,4,5,0,-38.18,-41.2,-40.06,-25,3,"Brazil","Maranhão","Açailândia",-4.70297599,-47.2219367927226,113121,"BRA","BR",76,"BRL","2100055","ChIJGyee5TH0xZIRLnyJmgHMmac",NA,"BRMA2100055",NA,"BRA.10.1_1"
"efabdd1c",2022-02-11,6224,285,NA,NA,131365,70815,52269,NA,NA,NA,2,-2,-2,-2,0,-1,0,1,2,0,0,4,5,0,-38.18,-41.2,-40.06,-25,3,"Brazil","Maranhão","Açailândia",-4.70297599,-47.2219367927226,113121,"BRA","BR",76,"BRL","2100055","ChIJGyee5TH0xZIRLnyJmgHMmac",NA,"BRMA2100055",NA,"BRA.10.1_1"
"efabdd1c",2022-02-12,6224,286,NA,NA,NA,NA,NA,NA,NA,NA,2,-2,-2,-2,0,-1,0,1,2,0,0,4,5,0,-38.18,-41.2,-40.06,-25,3,"Brazil","Maranhão","Açailândia",-4.70297599,-47.2219367927226,113121,"BRA","BR",76,"BRL","2100055","ChIJGyee5TH0xZIRLnyJmgHMmac",NA,"BRMA2100055",NA,"BRA.10.1_1"
"efabdd1c",2022-02-13,6224,286,NA,NA,NA,NA,NA,NA,NA,NA,2,-2,-2,-2,0,-1,0,1,2,0,0,4,5,0,-38.18,-41.2,-40.06,-25,3,"Brazil","Maranhão","Açailândia",-4.70297599,-47.2219367927226,113121,"BRA","BR",76,"BRL","2100055","ChIJGyee5TH0xZIRLnyJmgHMmac",NA,"BRMA2100055",NA,"BRA.10.1_1"
"efabdd1c",2022-02-14,6234,286,NA,NA,131688,70899,52340,NA,NA,NA,2,-2,-2,-2,0,-1,0,1,2,0,0,4,5,0,-38.18,-41.2,-40.06,-25,3,"Brazil","Maranhão","Açailândia",-4.70297599,-47.2219367927226,113121,"BRA","BR",76,"BRL","2100055","ChIJGyee5TH0xZIRLnyJmgHMmac",NA,"BRMA2100055",NA,"BRA.10.1_1"
"efabdd1c",2022-02-15,6260,286,NA,NA,131849,70946,52377,NA,NA,NA,2,-2,-2,-2,0,-1,0,1,2,0,0,4,5,0,-38.18,-41.2,-40.06,-25,3,"Brazil","Maranhão","Açailândia",-4.70297599,-47.2219367927226,113121,"BRA","BR",76,"BRL","2100055","ChIJGyee5TH0xZIRLnyJmgHMmac",NA,"BRMA2100055",NA,"BRA.10.1_1"
"efabdd1c",2022-02-16,6275,286,NA,NA,132018,71012,52409,NA,NA,NA,2,-2,-2,-2,0,-1,0,1,2,0,0,4,5,0,-38.18,-41.2,-40.06,-25,3,"Brazil","Maranhão","Açailândia",-4.70297599,-47.2219367927226,113121,"BRA","BR",76,"BRL","2100055","ChIJGyee5TH0xZIRLnyJmgHMmac",NA,"BRMA2100055",NA,"BRA.10.1_1"
"efabdd1c",2022-02-17,6289,286,NA,NA,132201,71072,52448,NA,NA,NA,2,-2,-2,-2,0,-1,0,1,2,0,0,4,5,0,-38.18,-41.2,-40.06,-25,3,"Brazil","Maranhão","Açailândia",-4.70297599,-47.2219367927226,113121,"BRA","BR",76,"BRL","2100055","ChIJGyee5TH0xZIRLnyJmgHMmac",NA,"BRMA2100055",NA,"BRA.10.1_1"
"efabdd1c",2022-02-18,6311,286,NA,NA,132356,71120,52481,NA,NA,NA,2,-2,-2,-2,0,-1,0,1,2,0,0,4,5,0,-38.18,-41.2,-40.06,-25,3,"Brazil","Maranhão","Açailândia",-4.70297599,-47.2219367927226,113121,"BRA","BR",76,"BRL","2100055","ChIJGyee5TH0xZIRLnyJmgHMmac",NA,"BRMA2100055",NA,"BRA.10.1_1"
"efabdd1c",2022-02-19,6314,286,NA,NA,132358,71122,52481,NA,NA,NA,2,-2,-2,-2,0,-1,0,1,2,0,0,4,5,0,-38.18,-41.2,-40.06,-25,3,"Brazil","Maranhão","Açailândia",-4.70297599,-47.2219367927226,113121,"BRA","BR",76,"BRL","2100055","ChIJGyee5TH0xZIRLnyJmgHMmac",NA,"BRMA2100055",NA,"BRA.10.1_1"
"efabdd1c",2022-02-20,6314,286,NA,NA,NA,NA,NA,NA,NA,NA,2,-2,-2,-2,0,-1,0,1,2,0,0,4,5,0,-38.18,-41.2,-40.06,-25,3,"Brazil","Maranhão","Açailândia",-4.70297599,-47.2219367927226,113121,"BRA","BR",76,"BRL","2100055","ChIJGyee5TH0xZIRLnyJmgHMmac",NA,"BRMA2100055",NA,"BRA.10.1_1"
"efabdd1c",2022-02-21,6317,286,NA,NA,132513,71143,52519,NA,NA,NA,2,-2,-2,-2,0,-1,0,1,2,0,0,4,5,0,-38.18,-41.2,-40.06,-25,3,"Brazil","Maranhão","Açailândia",-4.70297599,-47.2219367927226,113121,"BRA","BR",76,"BRL","2100055","ChIJGyee5TH0xZIRLnyJmgHMmac",NA,"BRMA2100055",NA,"BRA.10.1_1"
"efabdd1c",2022-02-22,6323,286,NA,NA,132677,71181,52561,NA,NA,NA,2,-2,-2,-2,0,-1,0,1,2,0,0,4,5,0,-38.18,-41.2,-40.06,-25,3,"Brazil","Maranhão","Açailândia",-4.70297599,-47.2219367927226,113121,"BRA","BR",76,"BRL","2100055","ChIJGyee5TH0xZIRLnyJmgHMmac",NA,"BRMA2100055",NA,"BRA.10.1_1"
"efabdd1c",2022-02-23,6349,286,NA,NA,132883,71224,52605,NA,NA,NA,2,-2,-2,-2,0,-1,0,1,2,0,0,4,5,0,-38.18,-41.2,-40.06,-25,3,"Brazil","Maranhão","Açailândia",-4.70297599,-47.2219367927226,113121,"BRA","BR",76,"BRL","2100055","ChIJGyee5TH0xZIRLnyJmgHMmac",NA,"BRMA2100055",NA,"BRA.10.1_1"
"efabdd1c",2022-02-24,6360,286,NA,NA,133090,71264,52664,NA,NA,NA,2,-2,-2,-2,0,-1,0,1,2,0,0,4,5,0,-38.18,-41.2,-40.06,-25,3,"Brazil","Maranhão","Açailândia",-4.70297599,-47.2219367927226,113121,"BRA","BR",76,"BRL","2100055","ChIJGyee5TH0xZIRLnyJmgHMmac",NA,"BRMA2100055",NA,"BRA.10.1_1"
"efabdd1c",2022-02-25,6380,287,NA,NA,133299,71287,52701,NA,NA,NA,2,-2,-2,-2,0,-1,0,1,2,0,0,4,5,0,-38.18,-41.2,-40.06,-25,3,"Brazil","Maranhão","Açailândia",-4.70297599,-47.2219367927226,113121,"BRA","BR",76,"BRL","2100055","ChIJGyee5TH0xZIRLnyJmgHMmac",NA,"BRMA2100055",NA,"BRA.10.1_1"
"efabdd1c",2022-02-26,6380,287,NA,NA,133300,71287,52701,NA,NA,NA,2,-2,-2,-2,0,-1,0,1,2,0,0,4,5,0,-38.18,-41.2,-40.06,-25,3,"Brazil","Maranhão","Açailândia",-4.70297599,-47.2219367927226,113121,"BRA","BR",76,"BRL","2100055","ChIJGyee5TH0xZIRLnyJmgHMmac",NA,"BRMA2100055",NA,"BRA.10.1_1"
"efabdd1c",2022-02-27,6380,287,NA,NA,NA,NA,NA,NA,NA,NA,2,-2,-2,-2,0,-1,0,1,2,0,0,4,5,0,-38.18,-41.2,-40.06,-25,3,"Brazil","Maranhão","Açailândia",-4.70297599,-47.2219367927226,113121,"BRA","BR",76,"BRL","2100055","ChIJGyee5TH0xZIRLnyJmgHMmac",NA,"BRMA2100055",NA,"BRA.10.1_1"
"efabdd1c",2022-02-28,6380,289,NA,NA,133324,71290,52706,NA,NA,NA,2,-2,-2,-2,0,-1,0,1,2,0,0,4,5,0,-38.18,-41.2,-40.06,-25,3,"Brazil","Maranhão","Açailândia",-4.70297599,-47.2219367927226,113121,"BRA","BR",76,"BRL","2100055","ChIJGyee5TH0xZIRLnyJmgHMmac",NA,"BRMA2100055",NA,"BRA.10.1_1"
"efabdd1c",2022-03-01,6380,291,NA,NA,133326,71291,52707,NA,NA,NA,2,-2,-2,-2,0,-1,0,1,2,0,0,4,5,0,-38.18,-41.2,-40.06,-25,3,"Brazil","Maranhão","Açailândia",-4.70297599,-47.2219367927226,113121,"BRA","BR",76,"BRL","2100055","ChIJGyee5TH0xZIRLnyJmgHMmac",NA,"BRMA2100055",NA,"BRA.10.1_1"
"efabdd1c",2022-03-02,6380,289,NA,NA,133341,71293,52712,NA,NA,NA,-2,-2,-2,-2,0,-1,0,1,2,0,0,4,5,0,-37.14,-39.35,-38.87,-25,3,"Brazil","Maranhão","Açailândia",-4.70297599,-47.2219367927226,113121,"BRA","BR",76,"BRL","2100055","ChIJGyee5TH0xZIRLnyJmgHMmac",NA,"BRMA2100055",NA,"BRA.10.1_1"
"efabdd1c",2022-03-03,6382,291,NA,NA,133471,71320,52746,NA,NA,NA,-2,-2,-2,-2,0,-1,0,1,2,0,0,4,5,0,-37.14,-39.35,-38.87,-25,3,"Brazil","Maranhão","Açailândia",-4.70297599,-47.2219367927226,113121,"BRA","BR",76,"BRL","2100055","ChIJGyee5TH0xZIRLnyJmgHMmac",NA,"BRMA2100055",NA,"BRA.10.1_1"
"efabdd1c",2022-03-04,6388,289,NA,NA,133565,71337,52778,NA,NA,NA,-2,-2,-2,-2,0,-1,0,1,2,0,0,4,5,0,-37.14,-39.35,-38.87,-25,3,"Brazil","Maranhão","Açailândia",-4.70297599,-47.2219367927226,113121,"BRA","BR",76,"BRL","2100055","ChIJGyee5TH0xZIRLnyJmgHMmac",NA,"BRMA2100055",NA,"BRA.10.1_1"
"efabdd1c",2022-03-05,6394,289,NA,NA,133567,71337,52778,NA,NA,NA,-2,-2,-2,-2,0,-1,0,1,2,0,0,4,5,0,-37.14,-39.35,-38.87,-25,3,"Brazil","Maranhão","Açailândia",-4.70297599,-47.2219367927226,113121,"BRA","BR",76,"BRL","2100055","ChIJGyee5TH0xZIRLnyJmgHMmac",NA,"BRMA2100055",NA,"BRA.10.1_1"
"efabdd1c",2022-03-06,6394,290,NA,NA,NA,NA,NA,NA,NA,NA,-2,-2,-2,-2,0,-1,0,1,2,0,0,4,5,0,-37.14,-39.35,-38.87,-25,3,"Brazil","Maranhão","Açailândia",-4.70297599,-47.2219367927226,113121,"BRA","BR",76,"BRL","2100055","ChIJGyee5TH0xZIRLnyJmgHMmac",NA,"BRMA2100055",NA,"BRA.10.1_1"
"efabdd1c",2022-03-07,6394,290,NA,NA,133724,71355,52825,NA,NA,NA,-2,-2,-2,-2,0,-1,0,1,2,0,0,4,5,0,-37.14,-39.35,-38.87,-25,3,"Brazil","Maranhão","Açailândia",-4.70297599,-47.2219367927226,113121,"BRA","BR",76,"BRL","2100055","ChIJGyee5TH0xZIRLnyJmgHMmac",NA,"BRMA2100055",NA,"BRA.10.1_1"
"efabdd1c",2022-03-08,6413,290,NA,NA,133838,71394,52853,NA,NA,NA,-2,-2,-2,-2,0,-1,0,1,2,0,0,4,5,0,-37.14,-39.35,-38.87,-25,3,"Brazil","Maranhão","Açailândia",-4.70297599,-47.2219367927226,113121,"BRA","BR",76,"BRL","2100055","ChIJGyee5TH0xZIRLnyJmgHMmac",NA,"BRMA2100055",NA,"BRA.10.1_1"
"efabdd1c",2022-03-09,6414,290,NA,NA,133898,71406,52869,NA,NA,NA,-2,-2,-2,-2,0,-1,0,1,2,0,0,4,5,0,-37.14,-39.35,-38.87,-25,3,"Brazil","Maranhão","Açailândia",-4.70297599,-47.2219367927226,113121,"BRA","BR",76,"BRL","2100055","ChIJGyee5TH0xZIRLnyJmgHMmac",NA,"BRMA2100055",NA,"BRA.10.1_1"
"efabdd1c",2022-03-10,6419,290,NA,NA,133964,71415,52900,NA,NA,NA,-2,-2,-2,-2,0,-1,0,1,2,0,0,4,5,0,-37.14,-39.35,-38.87,-25,3,"Brazil","Maranhão","Açailândia",-4.70297599,-47.2219367927226,113121,"BRA","BR",76,"BRL","2100055","ChIJGyee5TH0xZIRLnyJmgHMmac",NA,"BRMA2100055",NA,"BRA.10.1_1"
"efabdd1c",2022-03-11,6424,290,NA,NA,134052,71438,52924,NA,NA,NA,-2,-2,-2,-2,0,-1,0,1,2,0,0,4,5,0,-37.14,-39.35,-38.87,-25,3,"Brazil","Maranhão","Açailândia",-4.70297599,-47.2219367927226,113121,"BRA","BR",76,"BRL","2100055","ChIJGyee5TH0xZIRLnyJmgHMmac",NA,"BRMA2100055",NA,"BRA.10.1_1"
"efabdd1c",2022-03-12,6424,290,NA,NA,134075,71441,52932,NA,NA,NA,-2,-2,-2,-2,0,-1,0,1,2,0,0,4,5,0,-37.14,-39.35,-38.87,-25,3,"Brazil","Maranhão","Açailândia",-4.70297599,-47.2219367927226,113121,"BRA","BR",76,"BRL","2100055","ChIJGyee5TH0xZIRLnyJmgHMmac",NA,"BRMA2100055",NA,"BRA.10.1_1"
"efabdd1c",2022-03-13,6424,290,NA,NA,NA,NA,NA,NA,NA,NA,-2,-2,-2,-2,0,-1,0,1,2,0,0,4,5,0,-37.14,-39.35,-38.87,-25,3,"Brazil","Maranhão","Açailândia",-4.70297599,-47.2219367927226,113121,"BRA","BR",76,"BRL","2100055","ChIJGyee5TH0xZIRLnyJmgHMmac",NA,"BRMA2100055",NA,"BRA.10.1_1"
"efabdd1c",2022-03-14,6424,290,NA,NA,134134,71450,52956,NA,NA,NA,-2,-2,-2,-2,0,-1,0,1,2,0,0,4,5,0,-37.14,-39.35,-38.87,-25,3,"Brazil","Maranhão","Açailândia",-4.70297599,-47.2219367927226,113121,"BRA","BR",76,"BRL","2100055","ChIJGyee5TH0xZIRLnyJmgHMmac",NA,"BRMA2100055",NA,"BRA.10.1_1"
"efabdd1c",2022-03-15,6424,290,NA,NA,134303,71488,52994,NA,NA,NA,-2,-2,-2,-2,0,-1,0,1,2,0,0,4,5,0,-37.14,-39.35,-38.87,-25,3,"Brazil","Maranhão","Açailândia",-4.70297599,-47.2219367927226,113121,"BRA","BR",76,"BRL","2100055","ChIJGyee5TH0xZIRLnyJmgHMmac",NA,"BRMA2100055",NA,"BRA.10.1_1"
"efabdd1c",2022-03-16,6424,290,NA,NA,134418,71504,53030,NA,NA,NA,1,-2,-2,-2,0,-1,0,1,2,0,0,4,5,0,-36.09,-37.5,-37.68,-25,3,"Brazil","Maranhão","Açailândia",-4.70297599,-47.2219367927226,113121,"BRA","BR",76,"BRL","2100055","ChIJGyee5TH0xZIRLnyJmgHMmac",NA,"BRMA2100055",NA,"BRA.10.1_1"
"efabdd1c",2022-03-17,6424,290,NA,NA,134673,71533,53128,NA,NA,NA,1,-2,-2,-2,0,-1,0,1,2,0,0,4,5,0,-36.09,-37.5,-37.68,-25,3,"Brazil","Maranhão","Açailândia",-4.70297599,-47.2219367927226,113121,"BRA","BR",76,"BRL","2100055","ChIJGyee5TH0xZIRLnyJmgHMmac",NA,"BRMA2100055",NA,"BRA.10.1_1"
"efabdd1c",2022-03-18,6424,290,NA,NA,134917,71638,53185,NA,NA,NA,1,-2,-2,-2,0,-1,0,1,2,0,0,4,5,0,-36.09,-37.5,-37.68,-25,3,"Brazil","Maranhão","Açailândia",-4.70297599,-47.2219367927226,113121,"BRA","BR",76,"BRL","2100055","ChIJGyee5TH0xZIRLnyJmgHMmac",NA,"BRMA2100055",NA,"BRA.10.1_1"
"efabdd1c",2022-03-19,6424,290,NA,NA,134918,71638,53186,NA,NA,NA,1,-2,-2,-2,0,-1,0,1,2,0,0,4,5,0,-36.09,-37.5,-37.68,-25,3,"Brazil","Maranhão","Açailândia",-4.70297599,-47.2219367927226,113121,"BRA","BR",76,"BRL","2100055","ChIJGyee5TH0xZIRLnyJmgHMmac",NA,"BRMA2100055",NA,"BRA.10.1_1"
"efabdd1c",2022-03-20,6424,290,NA,NA,NA,NA,NA,NA,NA,NA,1,-2,-2,-2,0,-1,0,1,2,0,0,4,5,0,-36.09,-37.5,-37.68,-25,3,"Brazil","Maranhão","Açailândia",-4.70297599,-47.2219367927226,113121,"BRA","BR",76,"BRL","2100055","ChIJGyee5TH0xZIRLnyJmgHMmac",NA,"BRMA2100055",NA,"BRA.10.1_1"
"efabdd1c",2022-03-21,6424,290,NA,NA,135094,71698,53238,NA,NA,NA,1,-2,-2,-2,0,-1,0,1,2,0,0,4,5,0,-36.09,-37.5,-37.68,-25,3,"Brazil","Maranhão","Açailândia",-4.70297599,-47.2219367927226,113121,"BRA","BR",76,"BRL","2100055","ChIJGyee5TH0xZIRLnyJmgHMmac",NA,"BRMA2100055",NA,"BRA.10.1_1"
"efabdd1c",2022-03-22,6436,292,NA,NA,135159,71707,53249,NA,NA,NA,1,-2,-2,-2,0,-1,0,1,2,0,0,4,5,0,-36.09,-37.5,-37.68,-25,3,"Brazil","Maranhão","Açailândia",-4.70297599,-47.2219367927226,113121,"BRA","BR",76,"BRL","2100055","ChIJGyee5TH0xZIRLnyJmgHMmac",NA,"BRMA2100055",NA,"BRA.10.1_1"
"efabdd1c",2022-03-23,6436,292,NA,NA,135285,71728,53294,NA,NA,NA,1,-2,-2,-2,0,-1,0,1,2,0,0,4,5,0,-36.09,-37.5,-37.68,-25,3,"Brazil","Maranhão","Açailândia",-4.70297599,-47.2219367927226,113121,"BRA","BR",76,"BRL","2100055","ChIJGyee5TH0xZIRLnyJmgHMmac",NA,"BRMA2100055",NA,"BRA.10.1_1"
"efabdd1c",2022-03-24,6436,290,NA,NA,135505,71783,53348,NA,NA,NA,1,-2,-2,-2,0,-1,0,1,2,0,0,4,5,0,-36.09,-37.5,-37.68,-25,3,"Brazil","Maranhão","Açailândia",-4.70297599,-47.2219367927226,113121,"BRA","BR",76,"BRL","2100055","ChIJGyee5TH0xZIRLnyJmgHMmac",NA,"BRMA2100055",NA,"BRA.10.1_1"
"efabdd1c",2022-03-25,6440,290,NA,NA,135787,71851,53431,NA,NA,NA,1,-2,-2,-2,0,-1,0,1,2,0,0,4,5,0,-36.09,-37.5,-37.68,-25,3,"Brazil","Maranhão","Açailândia",-4.70297599,-47.2219367927226,113121,"BRA","BR",76,"BRL","2100055","ChIJGyee5TH0xZIRLnyJmgHMmac",NA,"BRMA2100055",NA,"BRA.10.1_1"
"efabdd1c",2022-03-26,6442,290,NA,NA,NA,NA,NA,NA,NA,NA,1,-2,-2,-2,0,-1,0,1,2,0,0,4,5,0,-36.09,-37.5,-37.68,-25,3,"Brazil","Maranhão","Açailândia",-4.70297599,-47.2219367927226,113121,"BRA","BR",76,"BRL","2100055","ChIJGyee5TH0xZIRLnyJmgHMmac",NA,"BRMA2100055",NA,"BRA.10.1_1"
"efabdd1c",2022-03-27,6442,290,NA,NA,NA,NA,NA,NA,NA,NA,1,-2,-2,-2,0,-1,0,1,2,0,0,4,5,0,-36.09,-37.5,-37.68,-25,3,"Brazil","Maranhão","Açailândia",-4.70297599,-47.2219367927226,113121,"BRA","BR",76,"BRL","2100055","ChIJGyee5TH0xZIRLnyJmgHMmac",NA,"BRMA2100055",NA,"BRA.10.1_1"
"efabdd1c",2022-03-28,6442,290,NA,NA,135964,71871,53510,NA,NA,NA,1,-2,-2,-2,0,-1,0,1,2,0,0,4,5,0,-36.09,-37.5,-37.68,-25,3,"Brazil","Maranhão","Açailândia",-4.70297599,-47.2219367927226,113121,"BRA","BR",76,"BRL","2100055","ChIJGyee5TH0xZIRLnyJmgHMmac",NA,"BRMA2100055",NA,"BRA.10.1_1"
"efabdd1c",2022-03-29,6442,292,NA,NA,136094,71897,53553,NA,NA,NA,1,-2,-2,-2,0,-1,0,1,2,0,0,4,5,0,-36.09,-37.5,-37.68,-25,3,"Brazil","Maranhão","Açailândia",-4.70297599,-47.2219367927226,113121,"BRA","BR",76,"BRL","2100055","ChIJGyee5TH0xZIRLnyJmgHMmac",NA,"BRMA2100055",NA,"BRA.10.1_1"
"efabdd1c",2022-03-30,6442,292,NA,NA,136189,71914,53595,NA,NA,NA,1,-2,-2,-2,0,-1,0,1,2,0,0,4,5,0,-36.09,-37.5,-37.68,-25,3,"Brazil","Maranhão","Açailândia",-4.70297599,-47.2219367927226,113121,"BRA","BR",76,"BRL","2100055","ChIJGyee5TH0xZIRLnyJmgHMmac",NA,"BRMA2100055",NA,"BRA.10.1_1"
"efabdd1c",2022-03-31,6448,290,NA,NA,136353,71980,53642,NA,NA,NA,1,-2,-2,-2,0,-1,0,1,2,0,0,4,5,0,-36.09,-37.5,-37.68,-25,3,"Brazil","Maranhão","Açailândia",-4.70297599,-47.2219367927226,113121,"BRA","BR",76,"BRL","2100055","ChIJGyee5TH0xZIRLnyJmgHMmac",NA,"BRMA2100055",NA,"BRA.10.1_1"
"efabdd1c",2022-04-01,6456,292,NA,NA,136625,72036,53764,NA,NA,NA,1,-2,-2,-2,0,-1,0,1,2,0,0,2,5,1,-35.05,-37.5,-36.49,-25,3,"Brazil","Maranhão","Açailândia",-4.70297599,-47.2219367927226,113121,"BRA","BR",76,"BRL","2100055","ChIJGyee5TH0xZIRLnyJmgHMmac",NA,"BRMA2100055",NA,"BRA.10.1_1"
"efabdd1c",2022-04-02,6456,290,NA,NA,136629,72037,53765,NA,NA,NA,1,-2,-2,-2,0,-1,0,1,2,0,0,2,5,1,-35.05,-37.5,-36.49,-25,3,"Brazil","Maranhão","Açailândia",-4.70297599,-47.2219367927226,113121,"BRA","BR",76,"BRL","2100055","ChIJGyee5TH0xZIRLnyJmgHMmac",NA,"BRMA2100055",NA,"BRA.10.1_1"
"efabdd1c",2022-04-03,6456,292,NA,NA,136643,72040,53767,NA,NA,NA,1,-2,-2,-2,0,-1,0,1,2,0,0,2,5,1,-35.05,-37.5,-36.49,-25,3,"Brazil","Maranhão","Açailândia",-4.70297599,-47.2219367927226,113121,"BRA","BR",76,"BRL","2100055","ChIJGyee5TH0xZIRLnyJmgHMmac",NA,"BRMA2100055",NA,"BRA.10.1_1"
"efabdd1c",2022-04-04,6460,290,NA,NA,136751,72059,53806,NA,NA,NA,1,-2,-2,-2,0,-1,0,1,2,0,0,2,5,1,-35.05,-37.5,-36.49,-25,3,"Brazil","Maranhão","Açailândia",-4.70297599,-47.2219367927226,113121,"BRA","BR",76,"BRL","2100055","ChIJGyee5TH0xZIRLnyJmgHMmac",NA,"BRMA2100055",NA,"BRA.10.1_1"
"efabdd1c",2022-04-05,6462,290,NA,NA,136864,72089,53853,NA,NA,NA,1,-2,-2,-2,0,-1,0,1,2,0,0,2,5,1,-35.05,-37.5,-36.49,-25,3,"Brazil","Maranhão","Açailândia",-4.70297599,-47.2219367927226,113121,"BRA","BR",76,"BRL","2100055","ChIJGyee5TH0xZIRLnyJmgHMmac",NA,"BRMA2100055",NA,"BRA.10.1_1"
"efabdd1c",2022-04-06,6464,290,NA,NA,137068,72190,53906,NA,NA,NA,1,-2,-2,-2,0,-1,0,1,2,0,0,2,5,1,-35.05,-37.5,-36.49,-25,3,"Brazil","Maranhão","Açailândia",-4.70297599,-47.2219367927226,113121,"BRA","BR",76,"BRL","2100055","ChIJGyee5TH0xZIRLnyJmgHMmac",NA,"BRMA2100055",NA,"BRA.10.1_1"
"efabdd1c",2022-04-07,6468,290,NA,NA,137143,72205,53928,NA,NA,NA,1,-2,-2,-2,0,-1,0,1,2,0,0,2,5,1,-35.05,-37.5,-36.49,-25,3,"Brazil","Maranhão","Açailândia",-4.70297599,-47.2219367927226,113121,"BRA","BR",76,"BRL","2100055","ChIJGyee5TH0xZIRLnyJmgHMmac",NA,"BRMA2100055",NA,"BRA.10.1_1"
"efabdd1c",2022-04-08,6468,292,NA,NA,137240,72225,53969,NA,NA,NA,1,-2,-2,-2,0,-1,0,1,2,0,0,2,5,1,-35.05,-37.5,-36.49,-25,3,"Brazil","Maranhão","Açailândia",-4.70297599,-47.2219367927226,113121,"BRA","BR",76,"BRL","2100055","ChIJGyee5TH0xZIRLnyJmgHMmac",NA,"BRMA2100055",NA,"BRA.10.1_1"
"efabdd1c",2022-04-09,6473,293,NA,NA,137241,72225,53970,NA,NA,NA,1,-2,-2,-2,0,-1,0,1,2,0,0,2,5,1,-35.05,-37.5,-36.49,-25,3,"Brazil","Maranhão","Açailândia",-4.70297599,-47.2219367927226,113121,"BRA","BR",76,"BRL","2100055","ChIJGyee5TH0xZIRLnyJmgHMmac",NA,"BRMA2100055",NA,"BRA.10.1_1"
"efabdd1c",2022-04-10,6473,293,NA,NA,NA,NA,NA,NA,NA,NA,1,-2,-2,-2,0,-1,0,1,2,0,0,2,5,1,-35.05,-37.5,-36.49,-25,3,"Brazil","Maranhão","Açailândia",-4.70297599,-47.2219367927226,113121,"BRA","BR",76,"BRL","2100055","ChIJGyee5TH0xZIRLnyJmgHMmac",NA,"BRMA2100055",NA,"BRA.10.1_1"
"efabdd1c",2022-04-11,6473,291,NA,NA,137326,72247,54017,NA,NA,NA,1,-2,-2,-2,0,-1,0,1,2,0,0,2,5,1,-35.05,-37.5,-36.49,-25,3,"Brazil","Maranhão","Açailândia",-4.70297599,-47.2219367927226,113121,"BRA","BR",76,"BRL","2100055","ChIJGyee5TH0xZIRLnyJmgHMmac",NA,"BRMA2100055",NA,"BRA.10.1_1"
"efabdd1c",2022-04-12,6483,293,NA,NA,137447,72274,54067,NA,NA,NA,1,-2,-2,-2,0,-1,0,1,2,0,0,2,5,1,-35.05,-37.5,-36.49,-25,3,"Brazil","Maranhão","Açailândia",-4.70297599,-47.2219367927226,113121,"BRA","BR",76,"BRL","2100055","ChIJGyee5TH0xZIRLnyJmgHMmac",NA,"BRMA2100055",NA,"BRA.10.1_1"
"efabdd1c",2022-04-13,6493,291,NA,NA,137565,72330,54091,NA,NA,NA,1,-2,-2,-2,0,-1,0,1,2,0,0,2,5,1,-35.05,-37.5,-36.49,-25,3,"Brazil","Maranhão","Açailândia",-4.70297599,-47.2219367927226,113121,"BRA","BR",76,"BRL","2100055","ChIJGyee5TH0xZIRLnyJmgHMmac",NA,"BRMA2100055",NA,"BRA.10.1_1"
"efabdd1c",2022-04-14,6493,293,NA,NA,137569,72331,54092,NA,NA,NA,1,-2,-2,-2,0,-1,0,1,2,0,0,2,5,1,-35.05,-37.5,-36.49,-25,3,"Brazil","Maranhão","Açailândia",-4.70297599,-47.2219367927226,113121,"BRA","BR",76,"BRL","2100055","ChIJGyee5TH0xZIRLnyJmgHMmac",NA,"BRMA2100055",NA,"BRA.10.1_1"
"efabdd1c",2022-04-15,6493,291,NA,NA,NA,NA,NA,NA,NA,NA,1,-2,-2,-2,0,-1,0,1,2,0,0,2,5,1,-35.05,-37.5,-36.49,-25,3,"Brazil","Maranhão","Açailândia",-4.70297599,-47.2219367927226,113121,"BRA","BR",76,"BRL","2100055","ChIJGyee5TH0xZIRLnyJmgHMmac",NA,"BRMA2100055",NA,"BRA.10.1_1"
"efabdd1c",2022-04-16,6493,291,NA,NA,NA,NA,NA,NA,NA,NA,1,-2,-2,-2,0,-1,0,1,2,0,0,2,5,1,-35.05,-37.5,-36.49,-25,3,"Brazil","Maranhão","Açailândia",-4.70297599,-47.2219367927226,113121,"BRA","BR",76,"BRL","2100055","ChIJGyee5TH0xZIRLnyJmgHMmac",NA,"BRMA2100055",NA,"BRA.10.1_1"
"efabdd1c",2022-04-17,6493,291,NA,NA,NA,NA,NA,NA,NA,NA,1,-2,-2,-2,0,-1,0,1,2,0,0,2,5,1,-35.05,-37.5,-36.49,-25,3,"Brazil","Maranhão","Açailândia",-4.70297599,-47.2219367927226,113121,"BRA","BR",76,"BRL","2100055","ChIJGyee5TH0xZIRLnyJmgHMmac",NA,"BRMA2100055",NA,"BRA.10.1_1"
"efabdd1c",2022-04-18,6493,291,NA,NA,137669,72353,54132,NA,NA,NA,1,-2,-2,-2,0,-1,0,1,2,0,0,2,5,1,-35.05,-37.5,-36.49,-25,3,"Brazil","Maranhão","Açailândia",-4.70297599,-47.2219367927226,113121,"BRA","BR",76,"BRL","2100055","ChIJGyee5TH0xZIRLnyJmgHMmac",NA,"BRMA2100055",NA,"BRA.10.1_1"
"efabdd1c",2022-04-19,6516,291,NA,NA,137794,72395,54175,NA,NA,NA,1,-2,-2,-2,0,-1,0,1,2,0,0,2,5,1,-35.05,-37.5,-36.49,-25,3,"Brazil","Maranhão","Açailândia",-4.70297599,-47.2219367927226,113121,"BRA","BR",76,"BRL","2100055","ChIJGyee5TH0xZIRLnyJmgHMmac",NA,"BRMA2100055",NA,"BRA.10.1_1"
"efabdd1c",2022-04-20,6523,291,NA,NA,137897,72411,54215,NA,NA,NA,1,-2,-2,-2,0,-1,0,1,2,0,0,2,5,1,-35.05,-37.5,-36.49,-25,3,"Brazil","Maranhão","Açailândia",-4.70297599,-47.2219367927226,113121,"BRA","BR",76,"BRL","2100055","ChIJGyee5TH0xZIRLnyJmgHMmac",NA,"BRMA2100055",NA,"BRA.10.1_1"
"efabdd1c",2022-04-21,6523,291,NA,NA,NA,NA,NA,NA,NA,NA,1,-2,-2,-2,0,-1,0,1,2,0,0,2,5,1,-35.05,-37.5,-36.49,-25,3,"Brazil","Maranhão","Açailândia",-4.70297599,-47.2219367927226,113121,"BRA","BR",76,"BRL","2100055","ChIJGyee5TH0xZIRLnyJmgHMmac",NA,"BRMA2100055",NA,"BRA.10.1_1"
"efabdd1c",2022-04-22,6523,291,NA,NA,137911,72412,54221,NA,NA,NA,1,-2,-2,-2,0,-1,0,1,2,0,0,2,5,1,-35.05,-37.5,-36.49,-25,3,"Brazil","Maranhão","Açailândia",-4.70297599,-47.2219367927226,113121,"BRA","BR",76,"BRL","2100055","ChIJGyee5TH0xZIRLnyJmgHMmac",NA,"BRMA2100055",NA,"BRA.10.1_1"
"efabdd1c",2022-04-23,6523,293,NA,NA,NA,NA,NA,NA,NA,NA,1,-2,-2,-2,0,-1,0,1,2,0,0,2,5,1,-35.05,-37.5,-36.49,-25,3,"Brazil","Maranhão","Açailândia",-4.70297599,-47.2219367927226,113121,"BRA","BR",76,"BRL","2100055","ChIJGyee5TH0xZIRLnyJmgHMmac",NA,"BRMA2100055",NA,"BRA.10.1_1"
"efabdd1c",2022-04-24,6523,293,NA,NA,NA,NA,NA,NA,NA,NA,1,-2,-2,-2,0,-1,0,1,2,0,0,2,5,1,-35.05,-37.5,-36.49,-25,3,"Brazil","Maranhão","Açailândia",-4.70297599,-47.2219367927226,113121,"BRA","BR",76,"BRL","2100055","ChIJGyee5TH0xZIRLnyJmgHMmac",NA,"BRMA2100055",NA,"BRA.10.1_1"
"efabdd1c",2022-04-25,6529,291,NA,NA,138041,72447,54274,NA,NA,NA,1,-2,-2,-2,0,-1,0,1,2,0,0,2,5,1,-35.05,-37.5,-36.49,-25,3,"Brazil","Maranhão","Açailândia",-4.70297599,-47.2219367927226,113121,"BRA","BR",76,"BRL","2100055","ChIJGyee5TH0xZIRLnyJmgHMmac",NA,"BRMA2100055",NA,"BRA.10.1_1"
"efabdd1c",2022-04-26,6539,292,NA,NA,138146,72486,54312,NA,NA,NA,1,-2,-2,-2,0,-1,0,1,2,0,0,2,5,1,-35.05,-37.5,-36.49,-25,3,"Brazil","Maranhão","Açailândia",-4.70297599,-47.2219367927226,113121,"BRA","BR",76,"BRL","2100055","ChIJGyee5TH0xZIRLnyJmgHMmac",NA,"BRMA2100055",NA,"BRA.10.1_1"
"efabdd1c",2022-04-27,6550,292,NA,NA,138255,72506,54362,NA,NA,NA,1,-2,-2,-2,0,-1,0,1,2,0,0,2,5,1,-35.05,-37.5,-36.49,-25,3,"Brazil","Maranhão","Açailândia",-4.70297599,-47.2219367927226,113121,"BRA","BR",76,"BRL","2100055","ChIJGyee5TH0xZIRLnyJmgHMmac",NA,"BRMA2100055",NA,"BRA.10.1_1"
"efabdd1c",2022-04-28,6558,294,NA,NA,138377,72570,54399,NA,NA,NA,1,-2,-2,-2,0,-1,0,1,2,0,0,2,5,1,-35.05,-37.5,-36.49,-25,3,"Brazil","Maranhão","Açailândia",-4.70297599,-47.2219367927226,113121,"BRA","BR",76,"BRL","2100055","ChIJGyee5TH0xZIRLnyJmgHMmac",NA,"BRMA2100055",NA,"BRA.10.1_1"
"efabdd1c",2022-04-29,6562,292,NA,NA,138502,72594,54453,NA,NA,NA,1,-2,-2,-2,0,-1,0,1,2,0,0,2,5,1,-35.05,-37.5,-36.49,-25,3,"Brazil","Maranhão","Açailândia",-4.70297599,-47.2219367927226,113121,"BRA","BR",76,"BRL","2100055","ChIJGyee5TH0xZIRLnyJmgHMmac",NA,"BRMA2100055",NA,"BRA.10.1_1"
"efabdd1c",2022-04-30,6563,294,NA,NA,NA,NA,NA,NA,NA,NA,1,-2,-2,-2,0,-1,0,1,2,0,0,2,5,1,-35.05,-37.5,-36.49,-25,3,"Brazil","Maranhão","Açailândia",-4.70297599,-47.2219367927226,113121,"BRA","BR",76,"BRL","2100055","ChIJGyee5TH0xZIRLnyJmgHMmac",NA,"BRMA2100055",NA,"BRA.10.1_1"
"efabdd1c",2022-05-01,6563,294,NA,NA,138518,72596,54453,NA,NA,NA,1,0,0,0,0,0,0,1,2,0,0,-4,5,1,-26.2,-17.59,-26.37,-25,3,"Brazil","Maranhão","Açailândia",-4.70297599,-47.2219367927226,113121,"BRA","BR",76,"BRL","2100055","ChIJGyee5TH0xZIRLnyJmgHMmac",NA,"BRMA2100055",NA,"BRA.10.1_1"
"efabdd1c",2022-05-02,6563,292,NA,NA,138572,72606,54473,NA,NA,NA,1,0,0,0,0,0,0,1,2,0,0,-4,5,1,-26.2,-17.59,-26.37,-25,3,"Brazil","Maranhão","Açailândia",-4.70297599,-47.2219367927226,113121,"BRA","BR",76,"BRL","2100055","ChIJGyee5TH0xZIRLnyJmgHMmac",NA,"BRMA2100055",NA,"BRA.10.1_1"
"efabdd1c",2022-05-03,6563,292,NA,NA,138704,72633,54513,NA,NA,NA,1,0,0,0,0,0,0,1,2,0,0,-4,5,1,-26.2,-17.59,-26.37,-25,3,"Brazil","Maranhão","Açailândia",-4.70297599,-47.2219367927226,113121,"BRA","BR",76,"BRL","2100055","ChIJGyee5TH0xZIRLnyJmgHMmac",NA,"BRMA2100055",NA,"BRA.10.1_1"
"efabdd1c",2022-05-04,6563,292,NA,NA,138784,72648,54541,NA,NA,NA,1,0,0,0,0,0,0,1,2,0,0,-4,5,1,-26.2,-17.59,-26.37,-25,3,"Brazil","Maranhão","Açailândia",-4.70297599,-47.2219367927226,113121,"BRA","BR",76,"BRL","2100055","ChIJGyee5TH0xZIRLnyJmgHMmac",NA,"BRMA2100055",NA,"BRA.10.1_1"
"efabdd1c",2022-05-05,6564,292,NA,NA,138881,72659,54577,NA,NA,NA,1,0,0,0,0,0,0,1,2,0,0,-4,5,1,-26.2,-17.59,-26.37,-25,3,"Brazil","Maranhão","Açailândia",-4.70297599,-47.2219367927226,113121,"BRA","BR",76,"BRL","2100055","ChIJGyee5TH0xZIRLnyJmgHMmac",NA,"BRMA2100055",NA,"BRA.10.1_1"
"efabdd1c",2022-05-06,6566,292,NA,NA,138922,72665,54593,NA,NA,NA,1,0,0,0,0,0,0,1,2,0,0,-4,5,1,-26.2,-17.59,-26.37,-25,3,"Brazil","Maranhão","Açailândia",-4.70297599,-47.2219367927226,113121,"BRA","BR",76,"BRL","2100055","ChIJGyee5TH0xZIRLnyJmgHMmac",NA,"BRMA2100055",NA,"BRA.10.1_1"
"efabdd1c",2022-05-07,6566,292,NA,NA,138923,72665,54593,NA,NA,NA,1,0,0,0,0,0,0,1,2,0,0,-4,5,1,-26.2,-17.59,-26.37,-25,3,"Brazil","Maranhão","Açailândia",-4.70297599,-47.2219367927226,113121,"BRA","BR",76,"BRL","2100055","ChIJGyee5TH0xZIRLnyJmgHMmac",NA,"BRMA2100055",NA,"BRA.10.1_1"
"efabdd1c",2022-05-08,6566,292,NA,NA,NA,NA,NA,NA,NA,NA,1,0,0,0,0,0,0,1,2,0,0,-4,5,1,-26.2,-17.59,-26.37,-25,3,"Brazil","Maranhão","Açailândia",-4.70297599,-47.2219367927226,113121,"BRA","BR",76,"BRL","2100055","ChIJGyee5TH0xZIRLnyJmgHMmac",NA,"BRMA2100055",NA,"BRA.10.1_1"
"efabdd1c",2022-05-09,6566,292,NA,NA,138997,72689,54603,NA,NA,NA,1,0,0,0,0,0,0,1,2,0,0,-4,5,1,-26.2,-17.59,-26.37,-25,3,"Brazil","Maranhão","Açailândia",-4.70297599,-47.2219367927226,113121,"BRA","BR",76,"BRL","2100055","ChIJGyee5TH0xZIRLnyJmgHMmac",NA,"BRMA2100055",NA,"BRA.10.1_1"
"efabdd1c",2022-05-10,6569,292,NA,NA,139080,72711,54623,NA,NA,NA,1,0,0,0,0,0,0,1,2,0,0,-4,5,1,-26.2,-17.59,-26.37,-25,3,"Brazil","Maranhão","Açailândia",-4.70297599,-47.2219367927226,113121,"BRA","BR",76,"BRL","2100055","ChIJGyee5TH0xZIRLnyJmgHMmac",NA,"BRMA2100055",NA,"BRA.10.1_1"
"efabdd1c",2022-05-11,6580,292,NA,NA,139181,72727,54639,NA,NA,NA,1,0,0,0,0,0,0,1,2,0,0,-4,5,1,-26.2,-17.59,-26.37,-25,3,"Brazil","Maranhão","Açailândia",-4.70297599,-47.2219367927226,113121,"BRA","BR",76,"BRL","2100055","ChIJGyee5TH0xZIRLnyJmgHMmac",NA,"BRMA2100055",NA,"BRA.10.1_1"
"efabdd1c",2022-05-12,6582,294,NA,NA,139287,72735,54666,NA,NA,NA,1,0,0,0,0,0,0,1,2,0,0,-4,5,1,-26.2,-17.59,-26.37,-25,3,"Brazil","Maranhão","Açailândia",-4.70297599,-47.2219367927226,113121,"BRA","BR",76,"BRL","2100055","ChIJGyee5TH0xZIRLnyJmgHMmac",NA,"BRMA2100055",NA,"BRA.10.1_1"
"efabdd1c",2022-05-13,6582,292,NA,NA,139346,72748,54683,NA,NA,NA,1,0,0,0,0,0,0,1,2,0,0,-4,5,1,-26.2,-17.59,-26.37,-25,3,"Brazil","Maranhão","Açailândia",-4.70297599,-47.2219367927226,113121,"BRA","BR",76,"BRL","2100055","ChIJGyee5TH0xZIRLnyJmgHMmac",NA,"BRMA2100055",NA,"BRA.10.1_1"
"efabdd1c",2022-05-14,6582,292,NA,NA,NA,NA,NA,NA,NA,NA,1,0,0,0,0,0,0,1,2,0,0,-4,5,1,-26.2,-17.59,-26.37,-25,3,"Brazil","Maranhão","Açailândia",-4.70297599,-47.2219367927226,113121,"BRA","BR",76,"BRL","2100055","ChIJGyee5TH0xZIRLnyJmgHMmac",NA,"BRMA2100055",NA,"BRA.10.1_1"
"efabdd1c",2022-05-15,6582,292,NA,NA,NA,NA,NA,NA,NA,NA,1,0,0,0,0,0,0,1,2,0,0,-4,5,1,-26.2,-17.59,-26.37,-25,3,"Brazil","Maranhão","Açailândia",-4.70297599,-47.2219367927226,113121,"BRA","BR",76,"BRL","2100055","ChIJGyee5TH0xZIRLnyJmgHMmac",NA,"BRMA2100055",NA,"BRA.10.1_1"
"efabdd1c",2022-05-16,6582,294,NA,NA,139430,72762,54703,NA,NA,NA,1,0,0,0,0,0,0,1,2,0,0,-4,5,1,-26.2,-17.59,-26.37,-25,3,"Brazil","Maranhão","Açailândia",-4.70297599,-47.2219367927226,113121,"BRA","BR",76,"BRL","2100055","ChIJGyee5TH0xZIRLnyJmgHMmac",NA,"BRMA2100055",NA,"BRA.10.1_1"
"efabdd1c",2022-05-17,6582,292,NA,NA,139525,72782,54727,NA,NA,NA,1,0,0,0,0,0,0,1,2,0,0,-4,5,1,-26.2,-17.59,-26.37,-25,3,"Brazil","Maranhão","Açailândia",-4.70297599,-47.2219367927226,113121,"BRA","BR",76,"BRL","2100055","ChIJGyee5TH0xZIRLnyJmgHMmac",NA,"BRMA2100055",NA,"BRA.10.1_1"
"efabdd1c",2022-05-18,6582,292,NA,NA,139547,72785,54731,NA,NA,NA,1,0,0,0,0,0,0,1,2,0,0,-4,5,1,-26.2,-17.59,-26.37,-25,3,"Brazil","Maranhão","Açailândia",-4.70297599,-47.2219367927226,113121,"BRA","BR",76,"BRL","2100055","ChIJGyee5TH0xZIRLnyJmgHMmac",NA,"BRMA2100055",NA,"BRA.10.1_1"
"efabdd1c",2022-05-19,6584,294,NA,NA,139637,72788,54747,NA,NA,NA,1,0,0,0,0,0,0,1,2,0,0,-4,5,1,-26.2,-17.59,-26.37,-25,3,"Brazil","Maranhão","Açailândia",-4.70297599,-47.2219367927226,113121,"BRA","BR",76,"BRL","2100055","ChIJGyee5TH0xZIRLnyJmgHMmac",NA,"BRMA2100055",NA,"BRA.10.1_1"
"efabdd1c",2022-05-20,6593,292,NA,NA,139679,72794,54758,NA,NA,NA,1,0,0,0,0,0,0,1,2,0,0,-4,5,1,-26.2,-17.59,-26.37,-25,3,"Brazil","Maranhão","Açailândia",-4.70297599,-47.2219367927226,113121,"BRA","BR",76,"BRL","2100055","ChIJGyee5TH0xZIRLnyJmgHMmac",NA,"BRMA2100055",NA,"BRA.10.1_1"
"efabdd1c",2022-05-21,6593,292,NA,NA,139681,72794,54758,NA,NA,NA,1,0,0,0,0,0,0,1,2,0,0,-4,5,1,-26.2,-17.59,-26.37,-25,3,"Brazil","Maranhão","Açailândia",-4.70297599,-47.2219367927226,113121,"BRA","BR",76,"BRL","2100055","ChIJGyee5TH0xZIRLnyJmgHMmac",NA,"BRMA2100055",NA,"BRA.10.1_1"
"efabdd1c",2022-05-22,6593,292,NA,NA,NA,NA,NA,NA,NA,NA,1,0,0,0,0,0,0,1,2,0,0,-4,5,1,-26.2,-17.59,-26.37,-25,3,"Brazil","Maranhão","Açailândia",-4.70297599,-47.2219367927226,113121,"BRA","BR",76,"BRL","2100055","ChIJGyee5TH0xZIRLnyJmgHMmac",NA,"BRMA2100055",NA,"BRA.10.1_1"
"efabdd1c",2022-05-23,6593,294,NA,NA,139701,72797,54767,NA,NA,NA,1,0,0,0,0,0,0,1,2,0,0,-4,5,1,-26.2,-17.59,-26.37,-25,3,"Brazil","Maranhão","Açailândia",-4.70297599,-47.2219367927226,113121,"BRA","BR",76,"BRL","2100055","ChIJGyee5TH0xZIRLnyJmgHMmac",NA,"BRMA2100055",NA,"BRA.10.1_1"
"efabdd1c",2022-05-24,6593,292,NA,NA,139762,72803,54790,NA,NA,NA,1,0,0,0,0,0,0,1,2,0,0,-4,5,1,-26.2,-17.59,-26.37,-25,3,"Brazil","Maranhão","Açailândia",-4.70297599,-47.2219367927226,113121,"BRA","BR",76,"BRL","2100055","ChIJGyee5TH0xZIRLnyJmgHMmac",NA,"BRMA2100055",NA,"BRA.10.1_1"
"efabdd1c",2022-05-25,6597,292,NA,NA,139800,72813,54801,NA,NA,NA,1,0,0,0,0,0,0,1,2,0,0,-4,5,1,-26.2,-17.59,-26.37,-25,3,"Brazil","Maranhão","Açailândia",-4.70297599,-47.2219367927226,113121,"BRA","BR",76,"BRL","2100055","ChIJGyee5TH0xZIRLnyJmgHMmac",NA,"BRMA2100055",NA,"BRA.10.1_1"
"efabdd1c",2022-05-26,6597,294,NA,NA,139849,72823,54815,NA,NA,NA,1,0,0,0,0,0,0,1,2,0,0,-4,5,1,-26.2,-17.59,-26.37,-25,3,"Brazil","Maranhão","Açailândia",-4.70297599,-47.2219367927226,113121,"BRA","BR",76,"BRL","2100055","ChIJGyee5TH0xZIRLnyJmgHMmac",NA,"BRMA2100055",NA,"BRA.10.1_1"
"efabdd1c",2022-05-27,6597,292,NA,NA,139996,72840,54898,NA,NA,NA,1,0,0,0,0,0,0,1,2,0,0,-4,5,1,-26.2,-17.59,-26.37,-25,3,"Brazil","Maranhão","Açailândia",-4.70297599,-47.2219367927226,113121,"BRA","BR",76,"BRL","2100055","ChIJGyee5TH0xZIRLnyJmgHMmac",NA,"BRMA2100055",NA,"BRA.10.1_1"
"efabdd1c",2022-05-28,6597,292,NA,NA,139997,72840,54899,NA,NA,NA,1,0,0,0,0,0,0,1,2,0,0,-4,5,1,-26.2,-17.59,-26.37,-25,3,"Brazil","Maranhão","Açailândia",-4.70297599,-47.2219367927226,113121,"BRA","BR",76,"BRL","2100055","ChIJGyee5TH0xZIRLnyJmgHMmac",NA,"BRMA2100055",NA,"BRA.10.1_1"
"efabdd1c",2022-05-29,6597,292,NA,NA,NA,NA,NA,NA,NA,NA,1,0,0,0,0,0,0,1,2,0,0,-4,5,1,-26.2,-17.59,-26.37,-25,3,"Brazil","Maranhão","Açailândia",-4.70297599,-47.2219367927226,113121,"BRA","BR",76,"BRL","2100055","ChIJGyee5TH0xZIRLnyJmgHMmac",NA,"BRMA2100055",NA,"BRA.10.1_1"
"efabdd1c",2022-05-30,6603,294,NA,NA,140067,72851,54921,NA,NA,NA,1,0,0,0,0,0,0,1,2,0,0,-4,5,1,-26.2,-17.59,-26.37,-25,3,"Brazil","Maranhão","Açailândia",-4.70297599,-47.2219367927226,113121,"BRA","BR",76,"BRL","2100055","ChIJGyee5TH0xZIRLnyJmgHMmac",NA,"BRMA2100055",NA,"BRA.10.1_1"
"efabdd1c",2022-05-31,6605,292,NA,NA,140143,72859,54941,NA,NA,NA,1,0,0,0,0,0,0,1,2,0,0,-4,5,1,-26.2,-17.59,-26.37,-25,3,"Brazil","Maranhão","Açailândia",-4.70297599,-47.2219367927226,113121,"BRA","BR",76,"BRL","2100055","ChIJGyee5TH0xZIRLnyJmgHMmac",NA,"BRMA2100055",NA,"BRA.10.1_1"
"efabdd1c",2022-06-01,6609,292,NA,NA,140178,72862,54945,NA,NA,NA,1,0,0,0,0,0,0,1,2,0,0,-4,5,1,-26.2,-17.59,-26.37,-25,3,"Brazil","Maranhão","Açailândia",-4.70297599,-47.2219367927226,113121,"BRA","BR",76,"BRL","2100055","ChIJGyee5TH0xZIRLnyJmgHMmac",NA,"BRMA2100055",NA,"BRA.10.1_1"
"efabdd1c",2022-06-02,6613,294,NA,NA,140214,72863,54950,NA,NA,NA,1,0,0,0,0,0,0,1,2,0,0,-4,5,1,-26.2,-17.59,-26.37,-25,3,"Brazil","Maranhão","Açailândia",-4.70297599,-47.2219367927226,113121,"BRA","BR",76,"BRL","2100055","ChIJGyee5TH0xZIRLnyJmgHMmac",NA,"BRMA2100055",NA,"BRA.10.1_1"
"efabdd1c",2022-06-03,6615,292,NA,NA,140276,72872,54962,NA,NA,NA,1,0,0,0,0,0,0,1,2,0,0,-4,5,1,-26.2,-17.59,-26.37,-25,3,"Brazil","Maranhão","Açailândia",-4.70297599,-47.2219367927226,113121,"BRA","BR",76,"BRL","2100055","ChIJGyee5TH0xZIRLnyJmgHMmac",NA,"BRMA2100055",NA,"BRA.10.1_1"
"efabdd1c",2022-06-04,6615,292,NA,NA,NA,NA,NA,NA,NA,NA,1,0,0,0,0,0,0,1,2,0,0,-4,5,1,-26.2,-17.59,-26.37,-25,3,"Brazil","Maranhão","Açailândia",-4.70297599,-47.2219367927226,113121,"BRA","BR",76,"BRL","2100055","ChIJGyee5TH0xZIRLnyJmgHMmac",NA,"BRMA2100055",NA,"BRA.10.1_1"
"efabdd1c",2022-06-05,6615,292,NA,NA,NA,NA,NA,NA,NA,NA,1,0,0,0,0,0,0,1,2,0,0,-4,5,1,-26.2,-17.59,-26.37,-25,3,"Brazil","Maranhão","Açailândia",-4.70297599,-47.2219367927226,113121,"BRA","BR",76,"BRL","2100055","ChIJGyee5TH0xZIRLnyJmgHMmac",NA,"BRMA2100055",NA,"BRA.10.1_1"
"efabdd1c",2022-06-06,6615,292,NA,NA,140278,72872,54963,NA,NA,NA,1,0,0,0,0,0,0,1,2,0,0,-4,5,1,-26.2,-17.59,-26.37,-25,3,"Brazil","Maranhão","Açailândia",-4.70297599,-47.2219367927226,113121,"BRA","BR",76,"BRL","2100055","ChIJGyee5TH0xZIRLnyJmgHMmac",NA,"BRMA2100055",NA,"BRA.10.1_1"
"efabdd1c",2022-06-07,6615,294,NA,NA,140290,72877,54967,NA,NA,NA,1,0,0,0,0,0,0,1,2,0,0,-4,5,1,-26.2,-17.59,-26.37,-25,3,"Brazil","Maranhão","Açailândia",-4.70297599,-47.2219367927226,113121,"BRA","BR",76,"BRL","2100055","ChIJGyee5TH0xZIRLnyJmgHMmac",NA,"BRMA2100055",NA,"BRA.10.1_1"
"efabdd1c",2022-06-08,6615,292,NA,NA,140380,72883,54987,NA,NA,NA,1,0,0,0,0,0,0,1,2,0,0,-4,5,1,-26.2,-17.59,-26.37,-25,3,"Brazil","Maranhão","Açailândia",-4.70297599,-47.2219367927226,113121,"BRA","BR",76,"BRL","2100055","ChIJGyee5TH0xZIRLnyJmgHMmac",NA,"BRMA2100055",NA,"BRA.10.1_1"
"efabdd1c",2022-06-09,6617,292,NA,NA,140449,72888,54994,NA,NA,NA,1,0,0,0,0,0,0,1,2,0,0,-4,5,1,-26.2,-17.59,-26.37,-25,3,"Brazil","Maranhão","Açailândia",-4.70297599,-47.2219367927226,113121,"BRA","BR",76,"BRL","2100055","ChIJGyee5TH0xZIRLnyJmgHMmac",NA,"BRMA2100055",NA,"BRA.10.1_1"
"efabdd1c",2022-06-10,6631,292,NA,NA,140548,72898,55011,NA,NA,NA,1,0,0,0,0,0,0,1,2,0,0,-4,5,1,-26.2,-17.59,-26.37,-25,3,"Brazil","Maranhão","Açailândia",-4.70297599,-47.2219367927226,113121,"BRA","BR",76,"BRL","2100055","ChIJGyee5TH0xZIRLnyJmgHMmac",NA,"BRMA2100055",NA,"BRA.10.1_1"
"efabdd1c",2022-06-11,6631,292,NA,NA,NA,NA,NA,NA,NA,NA,1,0,0,0,0,0,0,1,2,0,0,-4,5,1,-26.2,-17.59,-26.37,-25,3,"Brazil","Maranhão","Açailândia",-4.70297599,-47.2219367927226,113121,"BRA","BR",76,"BRL","2100055","ChIJGyee5TH0xZIRLnyJmgHMmac",NA,"BRMA2100055",NA,"BRA.10.1_1"
"efabdd1c",2022-06-12,6631,292,NA,NA,NA,NA,NA,NA,NA,NA,1,0,0,0,0,0,0,1,2,0,0,-4,5,1,-26.2,-17.59,-26.37,-25,3,"Brazil","Maranhão","Açailândia",-4.70297599,-47.2219367927226,113121,"BRA","BR",76,"BRL","2100055","ChIJGyee5TH0xZIRLnyJmgHMmac",NA,"BRMA2100055",NA,"BRA.10.1_1"
"efabdd1c",2022-06-13,6632,292,NA,NA,140645,72903,55026,NA,NA,NA,1,0,0,0,0,0,0,1,2,0,0,-4,5,1,-26.2,-17.59,-26.37,-25,3,"Brazil","Maranhão","Açailândia",-4.70297599,-47.2219367927226,113121,"BRA","BR",76,"BRL","2100055","ChIJGyee5TH0xZIRLnyJmgHMmac",NA,"BRMA2100055",NA,"BRA.10.1_1"
"efabdd1c",2022-06-14,6635,292,NA,NA,140778,72920,55054,NA,NA,NA,1,0,0,0,0,0,0,1,2,0,0,-4,5,1,-26.2,-17.59,-26.37,-25,3,"Brazil","Maranhão","Açailândia",-4.70297599,-47.2219367927226,113121,"BRA","BR",76,"BRL","2100055","ChIJGyee5TH0xZIRLnyJmgHMmac",NA,"BRMA2100055",NA,"BRA.10.1_1"
"efabdd1c",2022-06-15,6635,292,NA,NA,140885,72931,55063,NA,NA,NA,0,0,0,0,0,0,0,1,2,0,0,-4,5,1,-24.11,-13.89,-23.99,-25,3,"Brazil","Maranhão","Açailândia",-4.70297599,-47.2219367927226,113121,"BRA","BR",76,"BRL","2100055","ChIJGyee5TH0xZIRLnyJmgHMmac",NA,"BRMA2100055",NA,"BRA.10.1_1"
"efabdd1c",2022-06-16,6635,294,NA,NA,NA,NA,NA,NA,NA,NA,0,0,0,0,0,0,0,1,2,0,0,-4,5,1,-24.11,-13.89,-23.99,-25,3,"Brazil","Maranhão","Açailândia",-4.70297599,-47.2219367927226,113121,"BRA","BR",76,"BRL","2100055","ChIJGyee5TH0xZIRLnyJmgHMmac",NA,"BRMA2100055",NA,"BRA.10.1_1"
"efabdd1c",2022-06-17,6635,294,NA,NA,NA,NA,NA,NA,NA,NA,0,0,0,0,0,0,0,1,2,0,0,-4,5,1,-24.11,-13.89,-23.99,-25,3,"Brazil","Maranhão","Açailândia",-4.70297599,-47.2219367927226,113121,"BRA","BR",76,"BRL","2100055","ChIJGyee5TH0xZIRLnyJmgHMmac",NA,"BRMA2100055",NA,"BRA.10.1_1"
"efabdd1c",2022-06-18,6635,294,NA,NA,140887,72931,55063,NA,NA,NA,0,0,0,0,0,0,0,1,2,0,0,-4,5,1,-24.11,-13.89,-23.99,-25,3,"Brazil","Maranhão","Açailândia",-4.70297599,-47.2219367927226,113121,"BRA","BR",76,"BRL","2100055","ChIJGyee5TH0xZIRLnyJmgHMmac",NA,"BRMA2100055",NA,"BRA.10.1_1"
"efabdd1c",2022-06-19,6635,294,NA,NA,NA,NA,NA,NA,NA,NA,0,0,0,0,0,0,0,1,2,0,0,-4,5,1,-24.11,-13.89,-23.99,-25,3,"Brazil","Maranhão","Açailândia",-4.70297599,-47.2219367927226,113121,"BRA","BR",76,"BRL","2100055","ChIJGyee5TH0xZIRLnyJmgHMmac",NA,"BRMA2100055",NA,"BRA.10.1_1"
"efabdd1c",2022-06-20,6635,292,NA,NA,140974,72940,55070,NA,NA,NA,0,0,0,0,0,0,0,1,2,0,0,-4,5,1,-24.11,-13.89,-23.99,-25,3,"Brazil","Maranhão","Açailândia",-4.70297599,-47.2219367927226,113121,"BRA","BR",76,"BRL","2100055","ChIJGyee5TH0xZIRLnyJmgHMmac",NA,"BRMA2100055",NA,"BRA.10.1_1"
"efabdd1c",2022-06-21,6635,294,NA,NA,141122,72955,55089,NA,NA,NA,0,0,0,0,0,0,0,1,2,0,0,-4,5,1,-24.11,-13.89,-23.99,-25,3,"Brazil","Maranhão","Açailândia",-4.70297599,-47.2219367927226,113121,"BRA","BR",76,"BRL","2100055","ChIJGyee5TH0xZIRLnyJmgHMmac",NA,"BRMA2100055",NA,"BRA.10.1_1"
"efabdd1c",2022-06-22,6635,294,NA,NA,141293,72962,55104,NA,NA,NA,0,0,0,0,0,0,0,1,2,0,0,2,5,1,-21.77,-13.89,-21.31,-25,3,"Brazil","Maranhão","Açailândia",-4.70297599,-47.2219367927226,113121,"BRA","BR",76,"BRL","2100055","ChIJGyee5TH0xZIRLnyJmgHMmac",NA,"BRMA2100055",NA,"BRA.10.1_1"
"efabdd1c",2022-06-23,6635,292,NA,NA,141435,72974,55113,NA,NA,NA,0,0,0,0,0,0,0,1,2,0,0,2,5,1,-21.77,-13.89,-21.31,-25,3,"Brazil","Maranhão","Açailândia",-4.70297599,-47.2219367927226,113121,"BRA","BR",76,"BRL","2100055","ChIJGyee5TH0xZIRLnyJmgHMmac",NA,"BRMA2100055",NA,"BRA.10.1_1"
"efabdd1c",2022-06-24,6635,292,NA,NA,141548,72985,55130,NA,NA,NA,0,0,0,0,0,0,0,1,2,0,0,2,5,1,-21.77,-13.89,-21.31,-25,3,"Brazil","Maranhão","Açailândia",-4.70297599,-47.2219367927226,113121,"BRA","BR",76,"BRL","2100055","ChIJGyee5TH0xZIRLnyJmgHMmac",NA,"BRMA2100055",NA,"BRA.10.1_1"
"efabdd1c",2022-06-25,6635,292,NA,NA,NA,NA,NA,NA,NA,NA,0,0,0,0,0,0,0,1,2,0,0,2,5,1,-21.77,-13.89,-21.31,-25,3,"Brazil","Maranhão","Açailândia",-4.70297599,-47.2219367927226,113121,"BRA","BR",76,"BRL","2100055","ChIJGyee5TH0xZIRLnyJmgHMmac",NA,"BRMA2100055",NA,"BRA.10.1_1"
"efabdd1c",2022-06-26,6635,292,NA,NA,141549,72985,55131,NA,NA,NA,0,0,0,0,0,0,0,1,2,0,0,2,5,1,-21.77,-13.89,-21.31,-25,3,"Brazil","Maranhão","Açailândia",-4.70297599,-47.2219367927226,113121,"BRA","BR",76,"BRL","2100055","ChIJGyee5TH0xZIRLnyJmgHMmac",NA,"BRMA2100055",NA,"BRA.10.1_1"
"efabdd1c",2022-06-27,6646,292,NA,NA,141675,72987,55152,NA,NA,NA,0,0,0,0,0,0,0,1,2,0,0,2,5,1,-21.77,-13.89,-21.31,-25,3,"Brazil","Maranhão","Açailândia",-4.70297599,-47.2219367927226,113121,"BRA","BR",76,"BRL","2100055","ChIJGyee5TH0xZIRLnyJmgHMmac",NA,"BRMA2100055",NA,"BRA.10.1_1"
"efabdd1c",2022-06-28,6664,292,NA,NA,141849,73003,55175,NA,NA,NA,0,0,0,0,0,0,0,1,2,0,0,2,5,1,-21.77,-13.89,-21.31,-25,3,"Brazil","Maranhão","Açailândia",-4.70297599,-47.2219367927226,113121,"BRA","BR",76,"BRL","2100055","ChIJGyee5TH0xZIRLnyJmgHMmac",NA,"BRMA2100055",NA,"BRA.10.1_1"
"efabdd1c",2022-06-29,6678,294,NA,NA,141965,73013,55196,NA,NA,NA,0,0,0,0,0,0,0,1,2,0,0,2,5,1,-21.77,-13.89,-21.31,-25,3,"Brazil","Maranhão","Açailândia",-4.70297599,-47.2219367927226,113121,"BRA","BR",76,"BRL","2100055","ChIJGyee5TH0xZIRLnyJmgHMmac",NA,"BRMA2100055",NA,"BRA.10.1_1"
"efabdd1c",2022-06-30,6679,292,NA,NA,142091,73019,55206,NA,NA,NA,0,0,0,0,0,0,0,1,2,0,0,2,5,1,-21.77,-13.89,-21.31,-25,3,"Brazil","Maranhão","Açailândia",-4.70297599,-47.2219367927226,113121,"BRA","BR",76,"BRL","2100055","ChIJGyee5TH0xZIRLnyJmgHMmac",NA,"BRMA2100055",NA,"BRA.10.1_1"
"efabdd1c",2022-07-01,6679,292,NA,NA,NA,NA,NA,NA,NA,NA,0,0,0,0,0,0,0,1,2,0,0,2,5,1,-21.77,-13.89,-21.31,-25,3,"Brazil","Maranhão","Açailândia",-4.70297599,-47.2219367927226,113121,"BRA","BR",76,"BRL","2100055","ChIJGyee5TH0xZIRLnyJmgHMmac",NA,"BRMA2100055",NA,"BRA.10.1_1"
"efabdd1c",2022-07-02,6679,292,NA,NA,NA,NA,NA,NA,NA,NA,0,0,0,0,0,0,0,1,2,0,0,2,5,1,-21.77,-13.89,-21.31,-25,3,"Brazil","Maranhão","Açailândia",-4.70297599,-47.2219367927226,113121,"BRA","BR",76,"BRL","2100055","ChIJGyee5TH0xZIRLnyJmgHMmac",NA,"BRMA2100055",NA,"BRA.10.1_1"
"efabdd1c",2022-07-03,6679,292,NA,NA,NA,NA,NA,NA,NA,NA,0,0,0,0,0,0,0,1,2,0,0,2,5,1,-21.77,-13.89,-21.31,-25,3,"Brazil","Maranhão","Açailândia",-4.70297599,-47.2219367927226,113121,"BRA","BR",76,"BRL","2100055","ChIJGyee5TH0xZIRLnyJmgHMmac",NA,"BRMA2100055",NA,"BRA.10.1_1"
"efabdd1c",2022-07-04,6679,292,NA,NA,142144,73027,55214,NA,NA,NA,0,0,0,0,0,0,0,1,2,0,0,2,5,1,-21.77,-13.89,-21.31,-25,3,"Brazil","Maranhão","Açailândia",-4.70297599,-47.2219367927226,113121,"BRA","BR",76,"BRL","2100055","ChIJGyee5TH0xZIRLnyJmgHMmac",NA,"BRMA2100055",NA,"BRA.10.1_1"
"efabdd1c",2022-07-05,6679,292,NA,NA,142212,73034,55225,NA,NA,NA,0,0,0,0,0,0,0,1,2,0,0,2,5,1,-21.77,-13.89,-21.31,-25,3,"Brazil","Maranhão","Açailândia",-4.70297599,-47.2219367927226,113121,"BRA","BR",76,"BRL","2100055","ChIJGyee5TH0xZIRLnyJmgHMmac",NA,"BRMA2100055",NA,"BRA.10.1_1"
"efabdd1c",2022-07-06,6679,292,NA,NA,142361,73044,55248,NA,NA,NA,0,0,0,0,0,0,0,1,2,0,0,2,5,1,-21.77,-13.89,-21.31,-25,3,"Brazil","Maranhão","Açailândia",-4.70297599,-47.2219367927226,113121,"BRA","BR",76,"BRL","2100055","ChIJGyee5TH0xZIRLnyJmgHMmac",NA,"BRMA2100055",NA,"BRA.10.1_1"
"efabdd1c",2022-07-07,6682,292,NA,NA,142497,73052,55270,NA,NA,NA,0,0,0,0,0,0,0,1,2,0,0,2,5,1,-21.77,-13.89,-21.31,-25,3,"Brazil","Maranhão","Açailândia",-4.70297599,-47.2219367927226,113121,"BRA","BR",76,"BRL","2100055","ChIJGyee5TH0xZIRLnyJmgHMmac",NA,"BRMA2100055",NA,"BRA.10.1_1"
"efabdd1c",2022-07-08,6682,294,NA,NA,142703,73073,55291,NA,NA,NA,0,0,0,0,0,0,0,1,2,0,0,2,5,1,-21.77,-13.89,-21.31,-25,3,"Brazil","Maranhão","Açailândia",-4.70297599,-47.2219367927226,113121,"BRA","BR",76,"BRL","2100055","ChIJGyee5TH0xZIRLnyJmgHMmac",NA,"BRMA2100055",NA,"BRA.10.1_1"
"efabdd1c",2022-07-09,6682,294,NA,NA,NA,NA,NA,NA,NA,NA,0,0,0,0,0,0,0,1,2,0,0,2,5,1,-21.77,-13.89,-21.31,-25,3,"Brazil","Maranhão","Açailândia",-4.70297599,-47.2219367927226,113121,"BRA","BR",76,"BRL","2100055","ChIJGyee5TH0xZIRLnyJmgHMmac",NA,"BRMA2100055",NA,"BRA.10.1_1"
"efabdd1c",2022-07-10,6682,294,NA,NA,NA,NA,NA,NA,NA,NA,0,0,0,0,0,0,0,1,2,0,0,2,5,1,-21.77,-13.89,-21.31,-25,3,"Brazil","Maranhão","Açailândia",-4.70297599,-47.2219367927226,113121,"BRA","BR",76,"BRL","2100055","ChIJGyee5TH0xZIRLnyJmgHMmac",NA,"BRMA2100055",NA,"BRA.10.1_1"
"efabdd1c",2022-07-11,6682,294,NA,NA,142753,73082,55298,NA,NA,NA,0,0,0,0,0,0,0,1,2,0,0,2,5,1,-21.77,-13.89,-21.31,-25,3,"Brazil","Maranhão","Açailândia",-4.70297599,-47.2219367927226,113121,"BRA","BR",76,"BRL","2100055","ChIJGyee5TH0xZIRLnyJmgHMmac",NA,"BRMA2100055",NA,"BRA.10.1_1"
"efabdd1c",2022-07-12,6685,292,NA,NA,142929,73089,55304,NA,NA,NA,0,0,0,0,0,0,0,1,2,0,0,2,5,1,-21.77,-13.89,-21.31,-25,3,"Brazil","Maranhão","Açailândia",-4.70297599,-47.2219367927226,113121,"BRA","BR",76,"BRL","2100055","ChIJGyee5TH0xZIRLnyJmgHMmac",NA,"BRMA2100055",NA,"BRA.10.1_1"
"efabdd1c",2022-07-13,6689,292,NA,NA,143116,73102,55319,NA,NA,NA,0,0,0,0,0,0,0,1,2,0,0,2,5,1,-21.77,-13.89,-21.31,-25,3,"Brazil","Maranhão","Açailândia",-4.70297599,-47.2219367927226,113121,"BRA","BR",76,"BRL","2100055","ChIJGyee5TH0xZIRLnyJmgHMmac",NA,"BRMA2100055",NA,"BRA.10.1_1"
"efabdd1c",2022-07-14,6690,292,NA,NA,143467,73113,55341,NA,NA,NA,0,0,0,0,0,0,0,1,2,0,0,2,5,1,-21.77,-13.89,-21.31,-25,3,"Brazil","Maranhão","Açailândia",-4.70297599,-47.2219367927226,113121,"BRA","BR",76,"BRL","2100055","ChIJGyee5TH0xZIRLnyJmgHMmac",NA,"BRMA2100055",NA,"BRA.10.1_1"
"efabdd1c",2022-07-15,6697,292,NA,NA,144059,73161,55410,NA,NA,NA,0,0,0,0,0,0,0,1,2,0,0,2,5,1,-21.77,-13.89,-21.31,-25,3,"Brazil","Maranhão","Açailândia",-4.70297599,-47.2219367927226,113121,"BRA","BR",76,"BRL","2100055","ChIJGyee5TH0xZIRLnyJmgHMmac",NA,"BRMA2100055",NA,"BRA.10.1_1"
"efabdd1c",2022-07-16,6697,292,NA,NA,NA,NA,NA,NA,NA,NA,0,0,0,0,0,0,0,1,2,0,0,2,5,1,-21.77,-13.89,-21.31,-25,3,"Brazil","Maranhão","Açailândia",-4.70297599,-47.2219367927226,113121,"BRA","BR",76,"BRL","2100055","ChIJGyee5TH0xZIRLnyJmgHMmac",NA,"BRMA2100055",NA,"BRA.10.1_1"
"efabdd1c",2022-07-17,6697,292,NA,NA,NA,NA,NA,NA,NA,NA,0,0,0,0,0,0,0,1,2,0,0,2,5,1,-21.77,-13.89,-21.31,-25,3,"Brazil","Maranhão","Açailândia",-4.70297599,-47.2219367927226,113121,"BRA","BR",76,"BRL","2100055","ChIJGyee5TH0xZIRLnyJmgHMmac",NA,"BRMA2100055",NA,"BRA.10.1_1"
"efabdd1c",2022-07-18,6697,292,NA,NA,144198,73170,55427,NA,NA,NA,0,0,0,0,0,0,0,1,2,0,0,2,5,1,-21.77,-13.89,-21.31,-25,3,"Brazil","Maranhão","Açailândia",-4.70297599,-47.2219367927226,113121,"BRA","BR",76,"BRL","2100055","ChIJGyee5TH0xZIRLnyJmgHMmac",NA,"BRMA2100055",NA,"BRA.10.1_1"
"efabdd1c",2022-07-19,6725,292,NA,NA,144372,73180,55447,NA,NA,NA,0,0,0,0,0,0,0,1,2,0,0,2,5,1,-21.77,-13.89,-21.31,-25,3,"Brazil","Maranhão","Açailândia",-4.70297599,-47.2219367927226,113121,"BRA","BR",76,"BRL","2100055","ChIJGyee5TH0xZIRLnyJmgHMmac",NA,"BRMA2100055",NA,"BRA.10.1_1"
"efabdd1c",2022-07-20,6734,294,NA,NA,144535,73198,55465,NA,NA,NA,0,0,0,0,0,0,0,1,2,0,0,2,5,1,-21.77,-13.89,-21.31,-25,3,"Brazil","Maranhão","Açailândia",-4.70297599,-47.2219367927226,113121,"BRA","BR",76,"BRL","2100055","ChIJGyee5TH0xZIRLnyJmgHMmac",NA,"BRMA2100055",NA,"BRA.10.1_1"
"efabdd1c",2022-07-21,6740,292,NA,NA,144694,73210,55482,NA,NA,NA,0,0,0,0,0,0,0,1,2,0,0,2,5,1,-21.77,-13.89,-21.31,-25,3,"Brazil","Maranhão","Açailândia",-4.70297599,-47.2219367927226,113121,"BRA","BR",76,"BRL","2100055","ChIJGyee5TH0xZIRLnyJmgHMmac",NA,"BRMA2100055",NA,"BRA.10.1_1"
"efabdd1c",2022-07-22,6743,292,NA,NA,144833,73220,55494,NA,NA,NA,0,0,0,0,0,0,0,1,2,0,0,2,5,1,-21.77,-13.89,-21.31,-25,3,"Brazil","Maranhão","Açailândia",-4.70297599,-47.2219367927226,113121,"BRA","BR",76,"BRL","2100055","ChIJGyee5TH0xZIRLnyJmgHMmac",NA,"BRMA2100055",NA,"BRA.10.1_1"
"efabdd1c",2022-07-23,6743,292,NA,NA,144834,73220,55494,NA,NA,NA,0,0,0,0,0,0,0,1,2,0,0,2,5,1,-21.77,-13.89,-21.31,-25,3,"Brazil","Maranhão","Açailândia",-4.70297599,-47.2219367927226,113121,"BRA","BR",76,"BRL","2100055","ChIJGyee5TH0xZIRLnyJmgHMmac",NA,"BRMA2100055",NA,"BRA.10.1_1"
"efabdd1c",2022-07-24,6743,292,NA,NA,NA,NA,NA,NA,NA,NA,0,0,0,0,0,0,0,1,2,0,0,2,5,1,-21.77,-13.89,-21.31,-25,3,"Brazil","Maranhão","Açailândia",-4.70297599,-47.2219367927226,113121,"BRA","BR",76,"BRL","2100055","ChIJGyee5TH0xZIRLnyJmgHMmac",NA,"BRMA2100055",NA,"BRA.10.1_1"
"efabdd1c",2022-07-25,6755,292,NA,NA,144962,73233,55513,NA,NA,NA,0,0,0,0,0,0,0,1,2,0,0,2,5,1,-21.77,-13.89,-21.31,-25,3,"Brazil","Maranhão","Açailândia",-4.70297599,-47.2219367927226,113121,"BRA","BR",76,"BRL","2100055","ChIJGyee5TH0xZIRLnyJmgHMmac",NA,"BRMA2100055",NA,"BRA.10.1_1"
"efabdd1c",2022-07-26,6755,292,NA,NA,145118,73255,55535,NA,NA,NA,0,0,0,0,0,0,0,1,2,0,0,2,5,1,-21.77,-13.89,-21.31,-25,3,"Brazil","Maranhão","Açailândia",-4.70297599,-47.2219367927226,113121,"BRA","BR",76,"BRL","2100055","ChIJGyee5TH0xZIRLnyJmgHMmac",NA,"BRMA2100055",NA,"BRA.10.1_1"
"efabdd1c",2022-07-27,6758,292,NA,NA,145296,73282,55552,NA,NA,NA,0,0,0,0,0,0,0,1,2,0,0,2,5,1,-21.77,-13.89,-21.31,-25,3,"Brazil","Maranhão","Açailândia",-4.70297599,-47.2219367927226,113121,"BRA","BR",76,"BRL","2100055","ChIJGyee5TH0xZIRLnyJmgHMmac",NA,"BRMA2100055",NA,"BRA.10.1_1"
"efabdd1c",2022-07-28,6764,294,NA,NA,145298,73282,55553,NA,NA,NA,0,0,0,0,0,0,0,1,2,0,0,2,5,1,-21.77,-13.89,-21.31,-25,3,"Brazil","Maranhão","Açailândia",-4.70297599,-47.2219367927226,113121,"BRA","BR",76,"BRL","2100055","ChIJGyee5TH0xZIRLnyJmgHMmac",NA,"BRMA2100055",NA,"BRA.10.1_1"
"efabdd1c",2022-07-29,6764,292,NA,NA,NA,NA,NA,NA,NA,NA,0,0,0,0,0,0,0,1,2,0,0,2,5,1,-21.77,-13.89,-21.31,-25,3,"Brazil","Maranhão","Açailândia",-4.70297599,-47.2219367927226,113121,"BRA","BR",76,"BRL","2100055","ChIJGyee5TH0xZIRLnyJmgHMmac",NA,"BRMA2100055",NA,"BRA.10.1_1"
"efabdd1c",2022-07-30,6764,292,NA,NA,NA,NA,NA,NA,NA,NA,0,0,0,0,0,0,0,1,2,0,0,2,5,1,-21.77,-13.89,-21.31,-25,3,"Brazil","Maranhão","Açailândia",-4.70297599,-47.2219367927226,113121,"BRA","BR",76,"BRL","2100055","ChIJGyee5TH0xZIRLnyJmgHMmac",NA,"BRMA2100055",NA,"BRA.10.1_1"
"efabdd1c",2022-07-31,6764,292,NA,NA,NA,NA,NA,NA,NA,NA,0,0,0,0,0,0,0,1,2,0,0,2,5,1,-21.77,-13.89,-21.31,-25,3,"Brazil","Maranhão","Açailândia",-4.70297599,-47.2219367927226,113121,"BRA","BR",76,"BRL","2100055","ChIJGyee5TH0xZIRLnyJmgHMmac",NA,"BRMA2100055",NA,"BRA.10.1_1"
"efabdd1c",2022-08-01,6764,292,NA,NA,145377,73294,55565,NA,NA,NA,0,0,0,0,0,0,0,1,2,0,0,2,5,1,-21.77,-13.89,-21.31,-25,3,"Brazil","Maranhão","Açailândia",-4.70297599,-47.2219367927226,113121,"BRA","BR",76,"BRL","2100055","ChIJGyee5TH0xZIRLnyJmgHMmac",NA,"BRMA2100055",NA,"BRA.10.1_1"
"efabdd1c",2022-08-02,6780,292,NA,NA,145493,73310,55580,NA,NA,NA,0,0,0,0,0,0,0,1,2,0,0,2,5,1,-21.77,-13.89,-21.31,-25,3,"Brazil","Maranhão","Açailândia",-4.70297599,-47.2219367927226,113121,"BRA","BR",76,"BRL","2100055","ChIJGyee5TH0xZIRLnyJmgHMmac",NA,"BRMA2100055",NA,"BRA.10.1_1"
"efabdd1c",2022-08-03,6781,292,NA,NA,145596,73316,55587,NA,NA,NA,0,0,0,0,0,0,0,1,2,0,0,2,5,1,-21.77,-13.89,-21.31,-25,3,"Brazil","Maranhão","Açailândia",-4.70297599,-47.2219367927226,113121,"BRA","BR",76,"BRL","2100055","ChIJGyee5TH0xZIRLnyJmgHMmac",NA,"BRMA2100055",NA,"BRA.10.1_1"
"efabdd1c",2022-08-04,6781,292,NA,NA,145670,73317,55594,NA,NA,NA,0,0,0,0,0,0,0,1,2,0,0,2,5,1,-21.77,-13.89,-21.31,-25,3,"Brazil","Maranhão","Açailândia",-4.70297599,-47.2219367927226,113121,"BRA","BR",76,"BRL","2100055","ChIJGyee5TH0xZIRLnyJmgHMmac",NA,"BRMA2100055",NA,"BRA.10.1_1"
"efabdd1c",2022-08-05,6792,292,NA,NA,145767,73330,55604,NA,NA,NA,0,0,0,0,0,0,0,1,2,0,0,2,5,1,-21.77,-13.89,-21.31,-25,3,"Brazil","Maranhão","Açailândia",-4.70297599,-47.2219367927226,113121,"BRA","BR",76,"BRL","2100055","ChIJGyee5TH0xZIRLnyJmgHMmac",NA,"BRMA2100055",NA,"BRA.10.1_1"
"efabdd1c",2022-08-06,6792,292,NA,NA,NA,NA,NA,NA,NA,NA,0,0,0,0,0,0,0,1,2,0,0,2,5,1,-21.77,-13.89,-21.31,-25,3,"Brazil","Maranhão","Açailândia",-4.70297599,-47.2219367927226,113121,"BRA","BR",76,"BRL","2100055","ChIJGyee5TH0xZIRLnyJmgHMmac",NA,"BRMA2100055",NA,"BRA.10.1_1"
"efabdd1c",2022-08-07,6792,292,NA,NA,NA,NA,NA,NA,NA,NA,0,0,0,0,0,0,0,1,2,0,0,2,5,1,-21.77,-13.89,-21.31,-25,3,"Brazil","Maranhão","Açailândia",-4.70297599,-47.2219367927226,113121,"BRA","BR",76,"BRL","2100055","ChIJGyee5TH0xZIRLnyJmgHMmac",NA,"BRMA2100055",NA,"BRA.10.1_1"
"efabdd1c",2022-08-08,6803,292,NA,NA,145863,73336,55619,NA,NA,NA,0,0,0,0,0,0,0,1,2,0,0,2,5,1,-21.77,-13.89,-21.31,-25,3,"Brazil","Maranhão","Açailândia",-4.70297599,-47.2219367927226,113121,"BRA","BR",76,"BRL","2100055","ChIJGyee5TH0xZIRLnyJmgHMmac",NA,"BRMA2100055",NA,"BRA.10.1_1"
"efabdd1c",2022-08-09,6804,292,NA,NA,145927,73345,55630,NA,NA,NA,0,0,0,0,0,0,0,1,2,0,0,2,5,1,-21.77,-13.89,-21.31,-25,3,"Brazil","Maranhão","Açailândia",-4.70297599,-47.2219367927226,113121,"BRA","BR",76,"BRL","2100055","ChIJGyee5TH0xZIRLnyJmgHMmac",NA,"BRMA2100055",NA,"BRA.10.1_1"
"efabdd1c",2022-08-10,6804,292,NA,NA,146002,73358,55644,NA,NA,NA,0,0,0,0,0,0,0,1,2,0,0,1,5,1,-20.21,-13.89,-19.52,-25,3,"Brazil","Maranhão","Açailândia",-4.70297599,-47.2219367927226,113121,"BRA","BR",76,"BRL","2100055","ChIJGyee5TH0xZIRLnyJmgHMmac",NA,"BRMA2100055",NA,"BRA.10.1_1"
"efabdd1c",2022-08-11,6805,292,NA,NA,146082,73364,55653,NA,NA,NA,0,0,0,0,0,0,0,1,2,0,1,1,5,1,-23.33,-13.89,-23.1,-25,3,"Brazil","Maranhão","Açailândia",-4.70297599,-47.2219367927226,113121,"BRA","BR",76,"BRL","2100055","ChIJGyee5TH0xZIRLnyJmgHMmac",NA,"BRMA2100055",NA,"BRA.10.1_1"
"efabdd1c",2022-08-12,6805,292,NA,NA,146118,73372,55656,NA,NA,NA,0,0,0,0,0,0,0,1,2,0,1,1,5,1,-23.33,-13.89,-23.1,-25,3,"Brazil","Maranhão","Açailândia",-4.70297599,-47.2219367927226,113121,"BRA","BR",76,"BRL","2100055","ChIJGyee5TH0xZIRLnyJmgHMmac",NA,"BRMA2100055",NA,"BRA.10.1_1"
"efabdd1c",2022-08-13,6805,292,NA,NA,NA,NA,NA,NA,NA,NA,0,0,0,0,0,0,0,1,2,0,1,1,5,1,-23.33,-13.89,-23.1,-25,3,"Brazil","Maranhão","Açailândia",-4.70297599,-47.2219367927226,113121,"BRA","BR",76,"BRL","2100055","ChIJGyee5TH0xZIRLnyJmgHMmac",NA,"BRMA2100055",NA,"BRA.10.1_1"
"efabdd1c",2022-08-14,6805,292,NA,NA,NA,NA,NA,NA,NA,NA,0,0,0,0,0,0,0,1,2,0,1,1,5,1,-23.33,-13.89,-23.1,-25,3,"Brazil","Maranhão","Açailândia",-4.70297599,-47.2219367927226,113121,"BRA","BR",76,"BRL","2100055","ChIJGyee5TH0xZIRLnyJmgHMmac",NA,"BRMA2100055",NA,"BRA.10.1_1"
"efabdd1c",2022-08-15,6807,292,NA,NA,146208,73382,55667,NA,NA,NA,0,0,0,0,0,0,0,1,2,0,1,1,5,1,-23.33,-13.89,-23.1,-25,3,"Brazil","Maranhão","Açailândia",-4.70297599,-47.2219367927226,113121,"BRA","BR",76,"BRL","2100055","ChIJGyee5TH0xZIRLnyJmgHMmac",NA,"BRMA2100055",NA,"BRA.10.1_1"
"efabdd1c",2022-08-16,6807,292,NA,NA,146321,73393,55689,NA,NA,NA,0,0,0,0,0,0,0,1,2,0,1,1,5,1,-23.33,-13.89,-23.1,-25,3,"Brazil","Maranhão","Açailândia",-4.70297599,-47.2219367927226,113121,"BRA","BR",76,"BRL","2100055","ChIJGyee5TH0xZIRLnyJmgHMmac",NA,"BRMA2100055",NA,"BRA.10.1_1"
"efabdd1c",2022-08-17,6810,292,NA,NA,146365,73400,55696,NA,NA,NA,0,0,0,0,0,0,0,1,2,0,0,1,5,1,-20.21,-13.89,-19.52,-25,3,"Brazil","Maranhão","Açailândia",-4.70297599,-47.2219367927226,113121,"BRA","BR",76,"BRL","2100055","ChIJGyee5TH0xZIRLnyJmgHMmac",NA,"BRMA2100055",NA,"BRA.10.1_1"
"efabdd1c",2022-08-18,6810,292,NA,NA,146402,73400,55706,NA,NA,NA,0,0,0,0,0,0,0,1,2,0,0,1,5,1,-20.21,-13.89,-19.52,-25,3,"Brazil","Maranhão","Açailândia",-4.70297599,-47.2219367927226,113121,"BRA","BR",76,"BRL","2100055","ChIJGyee5TH0xZIRLnyJmgHMmac",NA,"BRMA2100055",NA,"BRA.10.1_1"
"efabdd1c",2022-08-19,6811,292,NA,NA,146450,73407,55710,NA,NA,NA,0,0,0,0,0,0,0,1,2,0,0,1,5,1,-20.21,-13.89,-19.52,-25,3,"Brazil","Maranhão","Açailândia",-4.70297599,-47.2219367927226,113121,"BRA","BR",76,"BRL","2100055","ChIJGyee5TH0xZIRLnyJmgHMmac",NA,"BRMA2100055",NA,"BRA.10.1_1"
"efabdd1c",2022-08-20,6811,292,NA,NA,NA,NA,NA,NA,NA,NA,0,0,0,0,0,0,0,1,2,0,0,1,5,1,-20.21,-13.89,-19.52,-25,3,"Brazil","Maranhão","Açailândia",-4.70297599,-47.2219367927226,113121,"BRA","BR",76,"BRL","2100055","ChIJGyee5TH0xZIRLnyJmgHMmac",NA,"BRMA2100055",NA,"BRA.10.1_1"
"efabdd1c",2022-08-21,6811,292,NA,NA,NA,NA,NA,NA,NA,NA,0,0,0,0,0,0,0,1,2,0,0,1,5,1,-20.21,-13.89,-19.52,-25,3,"Brazil","Maranhão","Açailândia",-4.70297599,-47.2219367927226,113121,"BRA","BR",76,"BRL","2100055","ChIJGyee5TH0xZIRLnyJmgHMmac",NA,"BRMA2100055",NA,"BRA.10.1_1"
"efabdd1c",2022-08-22,6824,292,NA,NA,146489,73414,55716,NA,NA,NA,0,0,0,0,0,0,0,1,2,0,0,1,5,1,-20.21,-13.89,-19.52,-25,3,"Brazil","Maranhão","Açailândia",-4.70297599,-47.2219367927226,113121,"BRA","BR",76,"BRL","2100055","ChIJGyee5TH0xZIRLnyJmgHMmac",NA,"BRMA2100055",NA,"BRA.10.1_1"
"efabdd1c",2022-08-23,6825,292,NA,NA,146562,73422,55735,NA,NA,NA,0,0,0,0,0,0,0,1,2,0,0,1,5,1,-20.21,-13.89,-19.52,-25,3,"Brazil","Maranhão","Açailândia",-4.70297599,-47.2219367927226,113121,"BRA","BR",76,"BRL","2100055","ChIJGyee5TH0xZIRLnyJmgHMmac",NA,"BRMA2100055",NA,"BRA.10.1_1"
"efabdd1c",2022-08-24,6825,294,NA,NA,146603,73426,55747,NA,NA,NA,0,0,0,0,0,0,0,1,2,0,0,1,5,1,-20.21,-13.89,-19.52,-25,3,"Brazil","Maranhão","Açailândia",-4.70297599,-47.2219367927226,113121,"BRA","BR",76,"BRL","2100055","ChIJGyee5TH0xZIRLnyJmgHMmac",NA,"BRMA2100055",NA,"BRA.10.1_1"
"efabdd1c",2022-08-25,6825,292,NA,NA,146634,73431,55756,NA,NA,NA,0,0,0,0,0,0,0,1,2,0,0,1,5,1,-20.21,-13.89,-19.52,-25,3,"Brazil","Maranhão","Açailândia",-4.70297599,-47.2219367927226,113121,"BRA","BR",76,"BRL","2100055","ChIJGyee5TH0xZIRLnyJmgHMmac",NA,"BRMA2100055",NA,"BRA.10.1_1"
"efabdd1c",2022-08-26,6825,292,NA,NA,146658,73431,55761,NA,NA,NA,0,0,0,0,0,0,0,1,2,0,0,1,5,1,-20.21,-13.89,-19.52,-25,3,"Brazil","Maranhão","Açailândia",-4.70297599,-47.2219367927226,113121,"BRA","BR",76,"BRL","2100055","ChIJGyee5TH0xZIRLnyJmgHMmac",NA,"BRMA2100055",NA,"BRA.10.1_1"
"efabdd1c",2022-08-27,6825,292,NA,NA,NA,NA,NA,NA,NA,NA,0,0,0,0,0,0,0,1,2,0,0,1,5,1,-20.21,-13.89,-19.52,-25,3,"Brazil","Maranhão","Açailândia",-4.70297599,-47.2219367927226,113121,"BRA","BR",76,"BRL","2100055","ChIJGyee5TH0xZIRLnyJmgHMmac",NA,"BRMA2100055",NA,"BRA.10.1_1"
"efabdd1c",2022-08-28,6825,292,NA,NA,NA,NA,NA,NA,NA,NA,0,0,0,0,0,0,0,1,2,0,0,1,5,1,-20.21,-13.89,-19.52,-25,3,"Brazil","Maranhão","Açailândia",-4.70297599,-47.2219367927226,113121,"BRA","BR",76,"BRL","2100055","ChIJGyee5TH0xZIRLnyJmgHMmac",NA,"BRMA2100055",NA,"BRA.10.1_1"
"efabdd1c",2022-08-29,6825,292,NA,NA,146689,73435,55765,NA,NA,NA,0,0,0,0,0,0,0,1,2,0,0,1,5,1,-20.21,-13.89,-19.52,-25,3,"Brazil","Maranhão","Açailândia",-4.70297599,-47.2219367927226,113121,"BRA","BR",76,"BRL","2100055","ChIJGyee5TH0xZIRLnyJmgHMmac",NA,"BRMA2100055",NA,"BRA.10.1_1"
"efabdd1c",2022-08-30,6825,292,NA,NA,146729,73443,55771,NA,NA,NA,0,0,0,0,0,0,0,1,2,0,0,1,5,1,-20.21,-13.89,-19.52,-25,3,"Brazil","Maranhão","Açailândia",-4.70297599,-47.2219367927226,113121,"BRA","BR",76,"BRL","2100055","ChIJGyee5TH0xZIRLnyJmgHMmac",NA,"BRMA2100055",NA,"BRA.10.1_1"
"efabdd1c",2022-08-31,6825,292,NA,NA,146764,73450,55777,NA,NA,NA,0,0,0,0,0,0,0,1,2,0,0,1,5,1,-20.21,-13.89,-19.52,-25,3,"Brazil","Maranhão","Açailândia",-4.70297599,-47.2219367927226,113121,"BRA","BR",76,"BRL","2100055","ChIJGyee5TH0xZIRLnyJmgHMmac",NA,"BRMA2100055",NA,"BRA.10.1_1"
"efabdd1c",2022-09-01,6826,292,NA,NA,146803,73458,55783,NA,NA,NA,0,0,0,0,0,0,0,1,2,0,0,1,5,1,-20.21,-13.89,-19.52,-25,3,"Brazil","Maranhão","Açailândia",-4.70297599,-47.2219367927226,113121,"BRA","BR",76,"BRL","2100055","ChIJGyee5TH0xZIRLnyJmgHMmac",NA,"BRMA2100055",NA,"BRA.10.1_1"
"efabdd1c",2022-09-02,6826,292,NA,NA,146841,73462,55797,NA,NA,NA,0,0,0,0,0,0,0,1,2,0,0,1,5,1,-20.21,-13.89,-19.52,-25,3,"Brazil","Maranhão","Açailândia",-4.70297599,-47.2219367927226,113121,"BRA","BR",76,"BRL","2100055","ChIJGyee5TH0xZIRLnyJmgHMmac",NA,"BRMA2100055",NA,"BRA.10.1_1"
"efabdd1c",2022-09-03,6826,292,NA,NA,NA,NA,NA,NA,NA,NA,0,0,0,0,0,0,0,1,2,0,0,1,5,1,-20.21,-13.89,-19.52,-25,3,"Brazil","Maranhão","Açailândia",-4.70297599,-47.2219367927226,113121,"BRA","BR",76,"BRL","2100055","ChIJGyee5TH0xZIRLnyJmgHMmac",NA,"BRMA2100055",NA,"BRA.10.1_1"
"efabdd1c",2022-09-04,6826,292,NA,NA,NA,NA,NA,NA,NA,NA,0,0,0,0,0,0,0,1,2,0,0,1,5,1,-20.21,-13.89,-19.52,-25,3,"Brazil","Maranhão","Açailândia",-4.70297599,-47.2219367927226,113121,"BRA","BR",76,"BRL","2100055","ChIJGyee5TH0xZIRLnyJmgHMmac",NA,"BRMA2100055",NA,"BRA.10.1_1"
"efabdd1c",2022-09-05,6827,292,NA,NA,146878,73463,55816,NA,NA,NA,0,0,0,0,0,0,0,1,2,0,0,1,5,1,-20.21,-13.89,-19.52,-25,3,"Brazil","Maranhão","Açailândia",-4.70297599,-47.2219367927226,113121,"BRA","BR",76,"BRL","2100055","ChIJGyee5TH0xZIRLnyJmgHMmac",NA,"BRMA2100055",NA,"BRA.10.1_1"
"efabdd1c",2022-09-06,6827,292,NA,NA,146940,73468,55835,NA,NA,NA,0,0,0,0,0,0,0,1,2,0,0,1,5,1,-20.21,-13.89,-19.52,-25,3,"Brazil","Maranhão","Açailândia",-4.70297599,-47.2219367927226,113121,"BRA","BR",76,"BRL","2100055","ChIJGyee5TH0xZIRLnyJmgHMmac",NA,"BRMA2100055",NA,"BRA.10.1_1"
"efabdd1c",2022-09-07,6827,292,NA,NA,NA,NA,NA,NA,NA,NA,0,0,0,0,0,0,0,1,2,0,0,1,5,1,-17.08,-13.89,-19.52,0,3,"Brazil","Maranhão","Açailândia",-4.70297599,-47.2219367927226,113121,"BRA","BR",76,"BRL","2100055","ChIJGyee5TH0xZIRLnyJmgHMmac",NA,"BRMA2100055",NA,"BRA.10.1_1"
"efabdd1c",2022-09-08,6827,292,NA,NA,146965,73474,55845,NA,NA,NA,0,0,0,0,0,0,0,1,2,0,0,1,5,1,-17.08,-13.89,-19.52,0,3,"Brazil","Maranhão","Açailândia",-4.70297599,-47.2219367927226,113121,"BRA","BR",76,"BRL","2100055","ChIJGyee5TH0xZIRLnyJmgHMmac",NA,"BRMA2100055",NA,"BRA.10.1_1"
"efabdd1c",2022-09-09,6827,292,NA,NA,147009,73482,55862,NA,NA,NA,0,0,0,0,0,0,0,1,2,0,0,1,5,1,-17.08,-13.89,-19.52,0,3,"Brazil","Maranhão","Açailândia",-4.70297599,-47.2219367927226,113121,"BRA","BR",76,"BRL","2100055","ChIJGyee5TH0xZIRLnyJmgHMmac",NA,"BRMA2100055",NA,"BRA.10.1_1"
"efabdd1c",2022-09-10,6827,292,NA,NA,NA,NA,NA,NA,NA,NA,0,0,0,0,0,0,0,1,2,0,0,1,5,1,-17.08,-13.89,-19.52,0,3,"Brazil","Maranhão","Açailândia",-4.70297599,-47.2219367927226,113121,"BRA","BR",76,"BRL","2100055","ChIJGyee5TH0xZIRLnyJmgHMmac",NA,"BRMA2100055",NA,"BRA.10.1_1"
"efabdd1c",2022-09-11,6827,292,NA,NA,NA,NA,NA,NA,NA,NA,0,0,0,0,0,0,0,1,2,0,0,1,5,1,-17.08,-13.89,-19.52,0,3,"Brazil","Maranhão","Açailândia",-4.70297599,-47.2219367927226,113121,"BRA","BR",76,"BRL","2100055","ChIJGyee5TH0xZIRLnyJmgHMmac",NA,"BRMA2100055",NA,"BRA.10.1_1"
"efabdd1c",2022-09-12,6827,294,NA,NA,147031,73487,55866,NA,NA,NA,0,0,0,0,0,0,0,1,2,0,0,1,5,1,-17.08,-13.89,-19.52,0,3,"Brazil","Maranhão","Açailândia",-4.70297599,-47.2219367927226,113121,"BRA","BR",76,"BRL","2100055","ChIJGyee5TH0xZIRLnyJmgHMmac",NA,"BRMA2100055",NA,"BRA.10.1_1"
"efabdd1c",2022-09-13,6827,292,NA,NA,147063,73491,55874,NA,NA,NA,0,0,0,0,0,0,0,1,2,0,0,1,5,1,-17.08,-13.89,-19.52,0,3,"Brazil","Maranhão","Açailândia",-4.70297599,-47.2219367927226,113121,"BRA","BR",76,"BRL","2100055","ChIJGyee5TH0xZIRLnyJmgHMmac",NA,"BRMA2100055",NA,"BRA.10.1_1"
"efabdd1c",2022-09-14,6827,292,NA,NA,147098,73499,55883,NA,NA,NA,0,0,0,0,0,0,0,1,2,0,0,1,5,1,-17.08,-13.89,-19.52,0,3,"Brazil","Maranhão","Açailândia",-4.70297599,-47.2219367927226,113121,"BRA","BR",76,"BRL","2100055","ChIJGyee5TH0xZIRLnyJmgHMmac",NA,"BRMA2100055",NA,"BRA.10.1_1"
"efabdd1c",2022-09-15,6829,292,NA,NA,147135,73503,55895,NA,NA,NA,0,0,0,0,0,0,0,1,2,0,0,1,5,1,-17.08,-13.89,-19.52,0,3,"Brazil","Maranhão","Açailândia",-4.70297599,-47.2219367927226,113121,"BRA","BR",76,"BRL","2100055","ChIJGyee5TH0xZIRLnyJmgHMmac",NA,"BRMA2100055",NA,"BRA.10.1_1"
"efabdd1c",2022-09-16,6829,292,NA,NA,147163,73508,55902,NA,NA,NA,0,0,0,0,0,0,0,1,2,0,0,1,5,1,-17.08,-13.89,-19.52,0,3,"Brazil","Maranhão","Açailândia",-4.70297599,-47.2219367927226,113121,"BRA","BR",76,"BRL","2100055","ChIJGyee5TH0xZIRLnyJmgHMmac",NA,"BRMA2100055",NA,"BRA.10.1_1"
"efabdd1c",2022-09-17,6829,292,NA,NA,NA,NA,NA,NA,NA,NA,0,0,0,0,0,0,0,1,2,0,0,1,5,1,-17.08,-13.89,-19.52,0,3,"Brazil","Maranhão","Açailândia",-4.70297599,-47.2219367927226,113121,"BRA","BR",76,"BRL","2100055","ChIJGyee5TH0xZIRLnyJmgHMmac",NA,"BRMA2100055",NA,"BRA.10.1_1"
"efabdd1c",2022-09-18,6829,292,NA,NA,NA,NA,NA,NA,NA,NA,0,0,0,0,0,0,0,1,2,0,0,1,5,1,-17.08,-13.89,-19.52,0,3,"Brazil","Maranhão","Açailândia",-4.70297599,-47.2219367927226,113121,"BRA","BR",76,"BRL","2100055","ChIJGyee5TH0xZIRLnyJmgHMmac",NA,"BRMA2100055",NA,"BRA.10.1_1"
"efabdd1c",2022-09-19,6829,297,NA,NA,147200,73518,55909,NA,NA,NA,0,0,0,0,0,0,0,1,2,0,0,1,5,1,-17.08,-13.89,-19.52,0,3,"Brazil","Maranhão","Açailândia",-4.70297599,-47.2219367927226,113121,"BRA","BR",76,"BRL","2100055","ChIJGyee5TH0xZIRLnyJmgHMmac",NA,"BRMA2100055",NA,"BRA.10.1_1"
"efabdd1c",2022-09-20,6829,297,NA,NA,147250,73529,55922,NA,NA,NA,0,0,0,0,0,0,0,1,2,0,0,1,5,1,-17.08,-13.89,-19.52,0,3,"Brazil","Maranhão","Açailândia",-4.70297599,-47.2219367927226,113121,"BRA","BR",76,"BRL","2100055","ChIJGyee5TH0xZIRLnyJmgHMmac",NA,"BRMA2100055",NA,"BRA.10.1_1"
"efabdd1c",2022-09-21,6830,297,NA,NA,147267,73529,55931,NA,NA,NA,0,0,0,0,0,0,0,1,2,0,0,1,5,1,-17.08,-13.89,-19.52,0,3,"Brazil","Maranhão","Açailândia",-4.70297599,-47.2219367927226,113121,"BRA","BR",76,"BRL","2100055","ChIJGyee5TH0xZIRLnyJmgHMmac",NA,"BRMA2100055",NA,"BRA.10.1_1"
"efabdd1c",2022-09-22,6830,295,NA,NA,147300,73535,55941,NA,NA,NA,0,0,0,0,0,0,0,1,2,0,0,1,5,1,-17.08,-13.89,-19.52,0,3,"Brazil","Maranhão","Açailândia",-4.70297599,-47.2219367927226,113121,"BRA","BR",76,"BRL","2100055","ChIJGyee5TH0xZIRLnyJmgHMmac",NA,"BRMA2100055",NA,"BRA.10.1_1"
"efabdd1c",2022-09-23,6830,295,NA,NA,147313,73538,55945,NA,NA,NA,0,0,0,0,0,0,0,1,2,0,0,1,5,1,-17.08,-13.89,-19.52,0,3,"Brazil","Maranhão","Açailândia",-4.70297599,-47.2219367927226,113121,"BRA","BR",76,"BRL","2100055","ChIJGyee5TH0xZIRLnyJmgHMmac",NA,"BRMA2100055",NA,"BRA.10.1_1"
"efabdd1c",2022-09-24,6830,295,NA,NA,NA,NA,NA,NA,NA,NA,0,0,0,0,0,0,0,1,2,0,0,1,5,1,-17.08,-13.89,-19.52,0,3,"Brazil","Maranhão","Açailândia",-4.70297599,-47.2219367927226,113121,"BRA","BR",76,"BRL","2100055","ChIJGyee5TH0xZIRLnyJmgHMmac",NA,"BRMA2100055",NA,"BRA.10.1_1"
"efabdd1c",2022-09-25,6830,295,NA,NA,NA,NA,NA,NA,NA,NA,0,0,0,0,0,0,0,1,2,0,0,1,5,1,-17.08,-13.89,-19.52,0,3,"Brazil","Maranhão","Açailândia",-4.70297599,-47.2219367927226,113121,"BRA","BR",76,"BRL","2100055","ChIJGyee5TH0xZIRLnyJmgHMmac",NA,"BRMA2100055",NA,"BRA.10.1_1"
"efabdd1c",2022-09-26,6830,297,NA,NA,147322,73540,55946,NA,NA,NA,0,0,0,0,0,0,0,1,2,0,0,1,5,1,-17.08,-13.89,-19.52,0,3,"Brazil","Maranhão","Açailândia",-4.70297599,-47.2219367927226,113121,"BRA","BR",76,"BRL","2100055","ChIJGyee5TH0xZIRLnyJmgHMmac",NA,"BRMA2100055",NA,"BRA.10.1_1"
"efabdd1c",2022-09-27,6830,297,NA,NA,147379,73550,55961,NA,NA,NA,0,0,0,0,0,0,0,1,2,0,0,1,5,1,-17.08,-13.89,-19.52,0,3,"Brazil","Maranhão","Açailândia",-4.70297599,-47.2219367927226,113121,"BRA","BR",76,"BRL","2100055","ChIJGyee5TH0xZIRLnyJmgHMmac",NA,"BRMA2100055",NA,"BRA.10.1_1"
"efabdd1c",2022-09-28,6830,297,NA,NA,147393,73553,55963,NA,NA,NA,0,0,0,0,0,0,0,1,2,0,0,1,5,1,-17.08,-13.89,-19.52,0,3,"Brazil","Maranhão","Açailândia",-4.70297599,-47.2219367927226,113121,"BRA","BR",76,"BRL","2100055","ChIJGyee5TH0xZIRLnyJmgHMmac",NA,"BRMA2100055",NA,"BRA.10.1_1"
"efabdd1c",2022-09-29,6830,297,NA,NA,147423,73563,55971,NA,NA,NA,0,0,0,0,0,0,0,1,2,0,0,1,5,1,-17.08,-13.89,-19.52,0,3,"Brazil","Maranhão","Açailândia",-4.70297599,-47.2219367927226,113121,"BRA","BR",76,"BRL","2100055","ChIJGyee5TH0xZIRLnyJmgHMmac",NA,"BRMA2100055",NA,"BRA.10.1_1"
"efabdd1c",2022-09-30,6830,297,NA,NA,147432,73564,55976,NA,NA,NA,0,0,0,0,0,0,0,1,2,0,0,1,5,1,-17.08,-13.89,-19.52,0,3,"Brazil","Maranhão","Açailândia",-4.70297599,-47.2219367927226,113121,"BRA","BR",76,"BRL","2100055","ChIJGyee5TH0xZIRLnyJmgHMmac",NA,"BRMA2100055",NA,"BRA.10.1_1"
"efabdd1c",2022-10-01,6830,297,NA,NA,NA,NA,NA,NA,NA,NA,0,0,0,0,0,0,0,1,2,0,0,1,5,1,-17.08,-13.89,-19.52,0,3,"Brazil","Maranhão","Açailândia",-4.70297599,-47.2219367927226,113121,"BRA","BR",76,"BRL","2100055","ChIJGyee5TH0xZIRLnyJmgHMmac",NA,"BRMA2100055",NA,"BRA.10.1_1"
"efabdd1c",2022-10-02,6830,297,NA,NA,NA,NA,NA,NA,NA,NA,0,0,0,0,0,0,0,1,2,0,0,1,5,1,-17.08,-13.89,-19.52,0,3,"Brazil","Maranhão","Açailândia",-4.70297599,-47.2219367927226,113121,"BRA","BR",76,"BRL","2100055","ChIJGyee5TH0xZIRLnyJmgHMmac",NA,"BRMA2100055",NA,"BRA.10.1_1"
"efabdd1c",2022-10-03,6830,297,NA,NA,147434,73564,55976,NA,NA,NA,0,0,0,0,0,0,0,1,2,0,0,1,5,1,-17.08,-13.89,-19.52,0,3,"Brazil","Maranhão","Açailândia",-4.70297599,-47.2219367927226,113121,"BRA","BR",76,"BRL","2100055","ChIJGyee5TH0xZIRLnyJmgHMmac",NA,"BRMA2100055",NA,"BRA.10.1_1"
"efabdd1c",2022-10-04,6830,297,NA,NA,NA,NA,NA,NA,NA,NA,0,0,0,0,0,0,0,1,2,0,0,1,5,1,-17.08,-13.89,-19.52,0,3,"Brazil","Maranhão","Açailândia",-4.70297599,-47.2219367927226,113121,"BRA","BR",76,"BRL","2100055","ChIJGyee5TH0xZIRLnyJmgHMmac",NA,"BRMA2100055",NA,"BRA.10.1_1"
"efabdd1c",2022-10-05,6830,297,NA,NA,147467,73569,55984,NA,NA,NA,0,0,0,0,0,0,0,1,2,0,0,1,5,1,-17.08,-13.89,-19.52,0,3,"Brazil","Maranhão","Açailândia",-4.70297599,-47.2219367927226,113121,"BRA","BR",76,"BRL","2100055","ChIJGyee5TH0xZIRLnyJmgHMmac",NA,"BRMA2100055",NA,"BRA.10.1_1"
"efabdd1c",2022-10-06,6830,297,NA,NA,147475,73570,55988,NA,NA,NA,0,0,0,0,0,0,0,1,2,0,0,1,5,1,-17.08,-13.89,-19.52,0,3,"Brazil","Maranhão","Açailândia",-4.70297599,-47.2219367927226,113121,"BRA","BR",76,"BRL","2100055","ChIJGyee5TH0xZIRLnyJmgHMmac",NA,"BRMA2100055",NA,"BRA.10.1_1"
"efabdd1c",2022-10-07,6831,297,NA,NA,147502,73579,55995,NA,NA,NA,0,0,0,0,0,0,0,1,2,0,0,1,5,1,-17.08,-13.89,-19.52,0,3,"Brazil","Maranhão","Açailândia",-4.70297599,-47.2219367927226,113121,"BRA","BR",76,"BRL","2100055","ChIJGyee5TH0xZIRLnyJmgHMmac",NA,"BRMA2100055",NA,"BRA.10.1_1"
"efabdd1c",2022-10-08,6831,297,NA,NA,NA,NA,NA,NA,NA,NA,0,0,0,0,0,0,0,1,2,0,0,1,5,1,-17.08,-13.89,-19.52,0,3,"Brazil","Maranhão","Açailândia",-4.70297599,-47.2219367927226,113121,"BRA","BR",76,"BRL","2100055","ChIJGyee5TH0xZIRLnyJmgHMmac",NA,"BRMA2100055",NA,"BRA.10.1_1"
"efabdd1c",2022-10-09,6831,297,NA,NA,NA,NA,NA,NA,NA,NA,0,0,0,0,0,0,0,1,2,0,0,1,5,1,-17.08,-13.89,-19.52,0,3,"Brazil","Maranhão","Açailândia",-4.70297599,-47.2219367927226,113121,"BRA","BR",76,"BRL","2100055","ChIJGyee5TH0xZIRLnyJmgHMmac",NA,"BRMA2100055",NA,"BRA.10.1_1"
"efabdd1c",2022-10-10,6831,297,NA,NA,147548,73584,56017,NA,NA,NA,0,0,0,0,0,0,0,1,2,0,0,1,5,1,-17.08,-13.89,-19.52,0,3,"Brazil","Maranhão","Açailândia",-4.70297599,-47.2219367927226,113121,"BRA","BR",76,"BRL","2100055","ChIJGyee5TH0xZIRLnyJmgHMmac",NA,"BRMA2100055",NA,"BRA.10.1_1"
"efabdd1c",2022-10-11,6831,297,NA,NA,147586,73593,56029,NA,NA,NA,0,0,0,0,0,0,0,1,2,0,0,1,5,1,-17.08,-13.89,-19.52,0,3,"Brazil","Maranhão","Açailândia",-4.70297599,-47.2219367927226,113121,"BRA","BR",76,"BRL","2100055","ChIJGyee5TH0xZIRLnyJmgHMmac",NA,"BRMA2100055",NA,"BRA.10.1_1"
"efabdd1c",2022-10-12,6831,297,NA,NA,NA,NA,NA,NA,NA,NA,0,0,0,0,0,0,0,1,2,0,0,1,5,1,-17.08,-13.89,-19.52,0,3,"Brazil","Maranhão","Açailândia",-4.70297599,-47.2219367927226,113121,"BRA","BR",76,"BRL","2100055","ChIJGyee5TH0xZIRLnyJmgHMmac",NA,"BRMA2100055",NA,"BRA.10.1_1"
"efabdd1c",2022-10-13,6831,297,NA,NA,147599,73596,56035,NA,NA,NA,0,0,0,0,0,0,0,1,2,0,0,1,5,1,-17.08,-13.89,-19.52,0,3,"Brazil","Maranhão","Açailândia",-4.70297599,-47.2219367927226,113121,"BRA","BR",76,"BRL","2100055","ChIJGyee5TH0xZIRLnyJmgHMmac",NA,"BRMA2100055",NA,"BRA.10.1_1"
"efabdd1c",2022-10-14,6831,297,NA,NA,147629,73603,56044,NA,NA,NA,0,0,0,0,0,0,0,1,2,0,0,1,5,1,-17.08,-13.89,-19.52,0,3,"Brazil","Maranhão","Açailândia",-4.70297599,-47.2219367927226,113121,"BRA","BR",76,"BRL","2100055","ChIJGyee5TH0xZIRLnyJmgHMmac",NA,"BRMA2100055",NA,"BRA.10.1_1"
"efabdd1c",2022-10-15,6831,297,NA,NA,NA,NA,NA,NA,NA,NA,0,0,0,0,0,0,0,1,2,0,0,1,5,1,-17.08,-13.89,-19.52,0,3,"Brazil","Maranhão","Açailândia",-4.70297599,-47.2219367927226,113121,"BRA","BR",76,"BRL","2100055","ChIJGyee5TH0xZIRLnyJmgHMmac",NA,"BRMA2100055",NA,"BRA.10.1_1"
"efabdd1c",2022-10-16,6831,297,NA,NA,NA,NA,NA,NA,NA,NA,0,0,0,0,0,0,0,1,2,0,0,1,5,1,-17.08,-13.89,-19.52,0,3,"Brazil","Maranhão","Açailândia",-4.70297599,-47.2219367927226,113121,"BRA","BR",76,"BRL","2100055","ChIJGyee5TH0xZIRLnyJmgHMmac",NA,"BRMA2100055",NA,"BRA.10.1_1"
"efabdd1c",2022-10-17,6831,297,NA,NA,147665,73610,56052,NA,NA,NA,0,0,0,0,0,0,0,1,2,0,0,1,5,1,-17.08,-13.89,-19.52,0,3,"Brazil","Maranhão","Açailândia",-4.70297599,-47.2219367927226,113121,"BRA","BR",76,"BRL","2100055","ChIJGyee5TH0xZIRLnyJmgHMmac",NA,"BRMA2100055",NA,"BRA.10.1_1"
"efabdd1c",2022-10-18,6831,297,NA,NA,147695,73611,56064,NA,NA,NA,0,0,0,0,0,0,0,1,2,0,0,1,5,1,-17.08,-13.89,-19.52,0,3,"Brazil","Maranhão","Açailândia",-4.70297599,-47.2219367927226,113121,"BRA","BR",76,"BRL","2100055","ChIJGyee5TH0xZIRLnyJmgHMmac",NA,"BRMA2100055",NA,"BRA.10.1_1"
"efabdd1c",2022-10-19,6832,297,NA,NA,147707,73613,56069,NA,NA,NA,0,0,0,0,0,0,0,1,2,0,0,1,5,1,-17.08,-13.89,-19.52,0,3,"Brazil","Maranhão","Açailândia",-4.70297599,-47.2219367927226,113121,"BRA","BR",76,"BRL","2100055","ChIJGyee5TH0xZIRLnyJmgHMmac",NA,"BRMA2100055",NA,"BRA.10.1_1"
"efabdd1c",2022-10-20,6832,295,NA,NA,147740,73622,56077,NA,NA,NA,0,0,0,0,0,0,0,1,2,0,0,1,5,1,-17.08,-13.89,-19.52,0,3,"Brazil","Maranhão","Açailândia",-4.70297599,-47.2219367927226,113121,"BRA","BR",76,"BRL","2100055","ChIJGyee5TH0xZIRLnyJmgHMmac",NA,"BRMA2100055",NA,"BRA.10.1_1"
"efabdd1c",2022-10-21,6832,297,NA,NA,147788,73632,56095,NA,NA,NA,0,0,0,0,0,0,0,1,2,0,0,1,5,1,-17.08,-13.89,-19.52,0,3,"Brazil","Maranhão","Açailândia",-4.70297599,-47.2219367927226,113121,"BRA","BR",76,"BRL","2100055","ChIJGyee5TH0xZIRLnyJmgHMmac",NA,"BRMA2100055",NA,"BRA.10.1_1"
"efabdd1c",2022-10-22,6832,297,NA,NA,NA,NA,NA,NA,NA,NA,0,0,0,0,0,0,0,1,2,0,0,1,5,1,-17.08,-13.89,-19.52,0,3,"Brazil","Maranhão","Açailândia",-4.70297599,-47.2219367927226,113121,"BRA","BR",76,"BRL","2100055","ChIJGyee5TH0xZIRLnyJmgHMmac",NA,"BRMA2100055",NA,"BRA.10.1_1"
"efabdd1c",2022-10-23,6832,297,NA,NA,NA,NA,NA,NA,NA,NA,0,0,0,0,0,0,0,1,2,0,0,1,5,1,-17.08,-13.89,-19.52,0,3,"Brazil","Maranhão","Açailândia",-4.70297599,-47.2219367927226,113121,"BRA","BR",76,"BRL","2100055","ChIJGyee5TH0xZIRLnyJmgHMmac",NA,"BRMA2100055",NA,"BRA.10.1_1"
"efabdd1c",2022-10-24,6833,297,NA,NA,147797,73632,56099,NA,NA,NA,0,0,0,0,0,0,0,1,2,0,0,1,5,1,-17.08,-13.89,-19.52,0,3,"Brazil","Maranhão","Açailândia",-4.70297599,-47.2219367927226,113121,"BRA","BR",76,"BRL","2100055","ChIJGyee5TH0xZIRLnyJmgHMmac",NA,"BRMA2100055",NA,"BRA.10.1_1"
"efabdd1c",2022-10-25,6833,297,NA,NA,147835,73640,56113,NA,NA,NA,0,0,0,0,0,0,0,1,2,0,0,1,5,1,-17.08,-13.89,-19.52,0,3,"Brazil","Maranhão","Açailândia",-4.70297599,-47.2219367927226,113121,"BRA","BR",76,"BRL","2100055","ChIJGyee5TH0xZIRLnyJmgHMmac",NA,"BRMA2100055",NA,"BRA.10.1_1"
"efabdd1c",2022-10-26,6833,297,NA,NA,147891,73651,56127,NA,NA,NA,0,0,0,0,0,0,0,1,2,0,0,1,5,1,-17.08,-13.89,-19.52,0,3,"Brazil","Maranhão","Açailândia",-4.70297599,-47.2219367927226,113121,"BRA","BR",76,"BRL","2100055","ChIJGyee5TH0xZIRLnyJmgHMmac",NA,"BRMA2100055",NA,"BRA.10.1_1"
"efabdd1c",2022-10-27,6833,297,NA,NA,147911,73659,56132,NA,NA,NA,0,0,0,0,0,0,0,1,2,0,0,1,5,1,-17.08,-13.89,-19.52,0,3,"Brazil","Maranhão","Açailândia",-4.70297599,-47.2219367927226,113121,"BRA","BR",76,"BRL","2100055","ChIJGyee5TH0xZIRLnyJmgHMmac",NA,"BRMA2100055",NA,"BRA.10.1_1"
"efabdd1c",2022-10-28,6833,297,NA,NA,147912,73659,56132,NA,NA,NA,0,0,0,0,0,0,0,1,2,0,0,1,5,1,-17.08,-13.89,-19.52,0,3,"Brazil","Maranhão","Açailândia",-4.70297599,-47.2219367927226,113121,"BRA","BR",76,"BRL","2100055","ChIJGyee5TH0xZIRLnyJmgHMmac",NA,"BRMA2100055",NA,"BRA.10.1_1"
"efabdd1c",2022-10-29,6833,297,NA,NA,NA,NA,NA,NA,NA,NA,0,0,0,0,0,0,0,1,2,0,0,1,5,1,-17.08,-13.89,-19.52,0,3,"Brazil","Maranhão","Açailândia",-4.70297599,-47.2219367927226,113121,"BRA","BR",76,"BRL","2100055","ChIJGyee5TH0xZIRLnyJmgHMmac",NA,"BRMA2100055",NA,"BRA.10.1_1"
"efabdd1c",2022-10-30,6833,297,NA,NA,NA,NA,NA,NA,NA,NA,0,0,0,0,0,0,0,1,2,0,0,1,5,1,-17.08,-13.89,-19.52,0,3,"Brazil","Maranhão","Açailândia",-4.70297599,-47.2219367927226,113121,"BRA","BR",76,"BRL","2100055","ChIJGyee5TH0xZIRLnyJmgHMmac",NA,"BRMA2100055",NA,"BRA.10.1_1"
"efabdd1c",2022-10-31,6833,297,NA,NA,NA,NA,NA,NA,NA,NA,0,0,0,0,0,0,0,1,2,0,0,1,5,1,-17.08,-13.89,-19.52,0,3,"Brazil","Maranhão","Açailândia",-4.70297599,-47.2219367927226,113121,"BRA","BR",76,"BRL","2100055","ChIJGyee5TH0xZIRLnyJmgHMmac",NA,"BRMA2100055",NA,"BRA.10.1_1"
"efabdd1c",2022-11-01,6833,297,NA,NA,NA,NA,NA,NA,NA,NA,0,0,0,0,0,0,0,1,2,0,0,1,5,1,-17.08,-13.89,-19.52,0,3,"Brazil","Maranhão","Açailândia",-4.70297599,-47.2219367927226,113121,"BRA","BR",76,"BRL","2100055","ChIJGyee5TH0xZIRLnyJmgHMmac",NA,"BRMA2100055",NA,"BRA.10.1_1"
"efabdd1c",2022-11-02,6833,297,NA,NA,NA,NA,NA,NA,NA,NA,0,0,0,0,0,0,0,1,2,0,0,1,5,1,-17.08,-13.89,-19.52,0,3,"Brazil","Maranhão","Açailândia",-4.70297599,-47.2219367927226,113121,"BRA","BR",76,"BRL","2100055","ChIJGyee5TH0xZIRLnyJmgHMmac",NA,"BRMA2100055",NA,"BRA.10.1_1"
"efabdd1c",2022-11-03,6833,297,NA,NA,147921,73663,56136,NA,NA,NA,0,0,0,0,0,0,0,1,2,0,0,1,5,1,-17.08,-13.89,-19.52,0,3,"Brazil","Maranhão","Açailândia",-4.70297599,-47.2219367927226,113121,"BRA","BR",76,"BRL","2100055","ChIJGyee5TH0xZIRLnyJmgHMmac",NA,"BRMA2100055",NA,"BRA.10.1_1"
"efabdd1c",2022-11-04,6833,297,NA,NA,147922,73663,56137,NA,NA,NA,0,0,0,0,0,0,0,1,2,0,0,1,5,1,-17.08,-13.89,-19.52,0,3,"Brazil","Maranhão","Açailândia",-4.70297599,-47.2219367927226,113121,"BRA","BR",76,"BRL","2100055","ChIJGyee5TH0xZIRLnyJmgHMmac",NA,"BRMA2100055",NA,"BRA.10.1_1"
"efabdd1c",2022-11-05,6833,297,NA,NA,NA,NA,NA,NA,NA,NA,0,0,0,0,0,0,0,1,2,0,0,1,5,1,-17.08,-13.89,-19.52,0,3,"Brazil","Maranhão","Açailândia",-4.70297599,-47.2219367927226,113121,"BRA","BR",76,"BRL","2100055","ChIJGyee5TH0xZIRLnyJmgHMmac",NA,"BRMA2100055",NA,"BRA.10.1_1"
"efabdd1c",2022-11-06,6833,297,NA,NA,NA,NA,NA,NA,NA,NA,0,0,0,0,0,0,0,1,2,0,0,1,5,1,-17.08,-13.89,-19.52,0,3,"Brazil","Maranhão","Açailândia",-4.70297599,-47.2219367927226,113121,"BRA","BR",76,"BRL","2100055","ChIJGyee5TH0xZIRLnyJmgHMmac",NA,"BRMA2100055",NA,"BRA.10.1_1"
"efabdd1c",2022-11-07,6833,297,NA,NA,147949,73674,56143,NA,NA,NA,0,0,0,0,0,0,0,1,2,0,0,1,5,1,-17.08,-13.89,-19.52,0,3,"Brazil","Maranhão","Açailândia",-4.70297599,-47.2219367927226,113121,"BRA","BR",76,"BRL","2100055","ChIJGyee5TH0xZIRLnyJmgHMmac",NA,"BRMA2100055",NA,"BRA.10.1_1"
"efabdd1c",2022-11-08,6833,295,NA,NA,147969,73676,56146,NA,NA,NA,0,0,0,0,0,0,0,1,2,0,0,1,5,1,-17.08,-13.89,-19.52,0,3,"Brazil","Maranhão","Açailândia",-4.70297599,-47.2219367927226,113121,"BRA","BR",76,"BRL","2100055","ChIJGyee5TH0xZIRLnyJmgHMmac",NA,"BRMA2100055",NA,"BRA.10.1_1"
"efabdd1c",2022-11-09,6833,297,NA,NA,148025,73686,56154,NA,NA,NA,0,0,0,0,0,0,0,1,2,0,0,1,5,1,-17.08,-13.89,-19.52,0,3,"Brazil","Maranhão","Açailândia",-4.70297599,-47.2219367927226,113121,"BRA","BR",76,"BRL","2100055","ChIJGyee5TH0xZIRLnyJmgHMmac",NA,"BRMA2100055",NA,"BRA.10.1_1"
"efabdd1c",2022-11-10,6833,297,NA,NA,148066,73692,56160,NA,NA,NA,0,0,0,0,0,0,0,1,2,0,0,1,5,1,-17.08,-13.89,-19.52,0,3,"Brazil","Maranhão","Açailândia",-4.70297599,-47.2219367927226,113121,"BRA","BR",76,"BRL","2100055","ChIJGyee5TH0xZIRLnyJmgHMmac",NA,"BRMA2100055",NA,"BRA.10.1_1"
"efabdd1c",2022-11-11,6833,295,NA,NA,148106,73694,56170,NA,NA,NA,0,0,0,0,0,0,0,1,2,0,0,1,5,1,-17.08,-13.89,-19.52,0,3,"Brazil","Maranhão","Açailândia",-4.70297599,-47.2219367927226,113121,"BRA","BR",76,"BRL","2100055","ChIJGyee5TH0xZIRLnyJmgHMmac",NA,"BRMA2100055",NA,"BRA.10.1_1"
"efabdd1c",2022-11-12,6833,295,NA,NA,NA,NA,NA,NA,NA,NA,0,0,0,0,0,0,0,1,2,0,0,1,5,1,-17.08,-13.89,-19.52,0,3,"Brazil","Maranhão","Açailândia",-4.70297599,-47.2219367927226,113121,"BRA","BR",76,"BRL","2100055","ChIJGyee5TH0xZIRLnyJmgHMmac",NA,"BRMA2100055",NA,"BRA.10.1_1"
"efabdd1c",2022-11-13,6833,295,NA,NA,NA,NA,NA,NA,NA,NA,0,0,0,0,0,0,0,1,2,0,0,1,5,1,-17.08,-13.89,-19.52,0,3,"Brazil","Maranhão","Açailândia",-4.70297599,-47.2219367927226,113121,"BRA","BR",76,"BRL","2100055","ChIJGyee5TH0xZIRLnyJmgHMmac",NA,"BRMA2100055",NA,"BRA.10.1_1"
"efabdd1c",2022-11-14,6833,297,NA,NA,148107,73694,56170,NA,NA,NA,0,0,0,0,0,0,0,1,2,0,0,1,5,1,-17.08,-13.89,-19.52,0,3,"Brazil","Maranhão","Açailândia",-4.70297599,-47.2219367927226,113121,"BRA","BR",76,"BRL","2100055","ChIJGyee5TH0xZIRLnyJmgHMmac",NA,"BRMA2100055",NA,"BRA.10.1_1"
"efabdd1c",2022-11-15,6833,297,NA,NA,NA,NA,NA,NA,NA,NA,0,0,0,0,0,0,0,1,2,0,0,1,5,1,-17.08,-13.89,-19.52,0,3,"Brazil","Maranhão","Açailândia",-4.70297599,-47.2219367927226,113121,"BRA","BR",76,"BRL","2100055","ChIJGyee5TH0xZIRLnyJmgHMmac",NA,"BRMA2100055",NA,"BRA.10.1_1"
"efabdd1c",2022-11-16,6833,297,NA,NA,148185,73704,56179,NA,NA,NA,0,0,0,0,0,0,0,1,2,0,0,2,5,1,-18.65,-13.89,-21.31,0,3,"Brazil","Maranhão","Açailândia",-4.70297599,-47.2219367927226,113121,"BRA","BR",76,"BRL","2100055","ChIJGyee5TH0xZIRLnyJmgHMmac",NA,"BRMA2100055",NA,"BRA.10.1_1"
"efabdd1c",2022-11-17,6833,295,NA,NA,148260,73709,56199,NA,NA,NA,0,0,0,0,0,0,0,1,2,0,0,2,5,1,-18.65,-13.89,-21.31,0,3,"Brazil","Maranhão","Açailândia",-4.70297599,-47.2219367927226,113121,"BRA","BR",76,"BRL","2100055","ChIJGyee5TH0xZIRLnyJmgHMmac",NA,"BRMA2100055",NA,"BRA.10.1_1"
"efabdd1c",2022-11-18,6833,295,NA,NA,148350,73731,56210,NA,NA,NA,0,0,0,0,0,0,0,1,2,0,0,2,5,1,-18.65,-13.89,-21.31,0,3,"Brazil","Maranhão","Açailândia",-4.70297599,-47.2219367927226,113121,"BRA","BR",76,"BRL","2100055","ChIJGyee5TH0xZIRLnyJmgHMmac",NA,"BRMA2100055",NA,"BRA.10.1_1"
"efabdd1c",2022-11-19,6833,295,NA,NA,148352,73731,56210,NA,NA,NA,0,0,0,0,0,0,0,1,2,0,0,2,5,1,-18.65,-13.89,-21.31,0,3,"Brazil","Maranhão","Açailândia",-4.70297599,-47.2219367927226,113121,"BRA","BR",76,"BRL","2100055","ChIJGyee5TH0xZIRLnyJmgHMmac",NA,"BRMA2100055",NA,"BRA.10.1_1"
"efabdd1c",2022-11-20,6833,295,NA,NA,148353,73731,56210,NA,NA,NA,0,0,0,0,0,0,0,1,2,0,0,2,5,1,-18.65,-13.89,-21.31,0,3,"Brazil","Maranhão","Açailândia",-4.70297599,-47.2219367927226,113121,"BRA","BR",76,"BRL","2100055","ChIJGyee5TH0xZIRLnyJmgHMmac",NA,"BRMA2100055",NA,"BRA.10.1_1"
"efabdd1c",2022-11-21,6833,297,NA,NA,148426,73742,56223,NA,NA,NA,0,0,0,0,0,0,0,1,2,0,0,2,5,1,-18.65,-13.89,-21.31,0,3,"Brazil","Maranhão","Açailândia",-4.70297599,-47.2219367927226,113121,"BRA","BR",76,"BRL","2100055","ChIJGyee5TH0xZIRLnyJmgHMmac",NA,"BRMA2100055",NA,"BRA.10.1_1"
"efabdd1c",2022-11-22,6833,297,NA,NA,148611,73755,56245,NA,NA,NA,0,0,0,0,0,0,0,1,2,0,0,2,5,1,-18.65,-13.89,-21.31,0,3,"Brazil","Maranhão","Açailândia",-4.70297599,-47.2219367927226,113121,"BRA","BR",76,"BRL","2100055","ChIJGyee5TH0xZIRLnyJmgHMmac",NA,"BRMA2100055",NA,"BRA.10.1_1"
"efabdd1c",2022-11-23,6833,295,NA,NA,148786,73767,56260,NA,NA,NA,0,0,0,0,0,0,0,1,2,0,0,2,5,1,-18.65,-13.89,-21.31,0,3,"Brazil","Maranhão","Açailândia",-4.70297599,-47.2219367927226,113121,"BRA","BR",76,"BRL","2100055","ChIJGyee5TH0xZIRLnyJmgHMmac",NA,"BRMA2100055",NA,"BRA.10.1_1"
"efabdd1c",2022-11-24,6833,295,NA,NA,148844,73774,56274,NA,NA,NA,0,0,0,0,0,0,0,1,2,0,0,2,5,1,-18.65,-13.89,-21.31,0,3,"Brazil","Maranhão","Açailândia",-4.70297599,-47.2219367927226,113121,"BRA","BR",76,"BRL","2100055","ChIJGyee5TH0xZIRLnyJmgHMmac",NA,"BRMA2100055",NA,"BRA.10.1_1"
"efabdd1c",2022-11-25,6833,295,NA,NA,148950,73784,56285,NA,NA,NA,0,0,0,0,0,0,0,1,2,0,0,2,5,1,-18.65,-13.89,-21.31,0,3,"Brazil","Maranhão","Açailândia",-4.70297599,-47.2219367927226,113121,"BRA","BR",76,"BRL","2100055","ChIJGyee5TH0xZIRLnyJmgHMmac",NA,"BRMA2100055",NA,"BRA.10.1_1"
"efabdd1c",2022-11-26,6833,295,NA,NA,NA,NA,NA,NA,NA,NA,0,0,0,0,0,0,0,1,2,0,0,2,5,1,-18.65,-13.89,-21.31,0,3,"Brazil","Maranhão","Açailândia",-4.70297599,-47.2219367927226,113121,"BRA","BR",76,"BRL","2100055","ChIJGyee5TH0xZIRLnyJmgHMmac",NA,"BRMA2100055",NA,"BRA.10.1_1"
"efabdd1c",2022-11-27,6833,295,NA,NA,NA,NA,NA,NA,NA,NA,0,0,0,0,0,0,0,1,2,0,0,2,5,1,-18.65,-13.89,-21.31,0,3,"Brazil","Maranhão","Açailândia",-4.70297599,-47.2219367927226,113121,"BRA","BR",76,"BRL","2100055","ChIJGyee5TH0xZIRLnyJmgHMmac",NA,"BRMA2100055",NA,"BRA.10.1_1"
"efabdd1c",2022-11-28,6833,295,NA,NA,149072,73796,56297,NA,NA,NA,0,0,0,0,0,0,0,1,2,0,0,2,5,1,-18.65,-13.89,-21.31,0,3,"Brazil","Maranhão","Açailândia",-4.70297599,-47.2219367927226,113121,"BRA","BR",76,"BRL","2100055","ChIJGyee5TH0xZIRLnyJmgHMmac",NA,"BRMA2100055",NA,"BRA.10.1_1"
"efabdd1c",2022-11-29,6840,295,NA,NA,149276,73809,56316,NA,NA,NA,0,0,0,0,0,0,0,1,2,0,0,2,5,1,-18.65,-13.89,-21.31,0,3,"Brazil","Maranhão","Açailândia",-4.70297599,-47.2219367927226,113121,"BRA","BR",76,"BRL","2100055","ChIJGyee5TH0xZIRLnyJmgHMmac",NA,"BRMA2100055",NA,"BRA.10.1_1"
"efabdd1c",2022-11-30,6843,295,NA,NA,149420,73815,56327,NA,NA,NA,0,0,0,0,0,0,0,1,2,0,0,2,5,1,-18.65,-13.89,-21.31,0,3,"Brazil","Maranhão","Açailândia",-4.70297599,-47.2219367927226,113121,"BRA","BR",76,"BRL","2100055","ChIJGyee5TH0xZIRLnyJmgHMmac",NA,"BRMA2100055",NA,"BRA.10.1_1"
"efabdd1c",2022-12-01,6843,295,NA,NA,149475,73824,56340,NA,NA,NA,0,0,0,0,0,0,0,1,2,0,0,2,5,1,-18.65,-13.89,-21.31,0,3,"Brazil","Maranhão","Açailândia",-4.70297599,-47.2219367927226,113121,"BRA","BR",76,"BRL","2100055","ChIJGyee5TH0xZIRLnyJmgHMmac",NA,"BRMA2100055",NA,"BRA.10.1_1"
"efabdd1c",2022-12-02,6858,297,NA,NA,149534,73829,56350,NA,NA,NA,0,0,0,0,0,0,0,1,2,0,0,2,5,1,-18.65,-13.89,-21.31,0,3,"Brazil","Maranhão","Açailândia",-4.70297599,-47.2219367927226,113121,"BRA","BR",76,"BRL","2100055","ChIJGyee5TH0xZIRLnyJmgHMmac",NA,"BRMA2100055",NA,"BRA.10.1_1"
"efabdd1c",2022-12-03,6858,297,NA,NA,NA,NA,NA,NA,NA,NA,0,0,0,0,0,0,0,1,2,0,0,2,5,1,-18.65,-13.89,-21.31,0,3,"Brazil","Maranhão","Açailândia",-4.70297599,-47.2219367927226,113121,"BRA","BR",76,"BRL","2100055","ChIJGyee5TH0xZIRLnyJmgHMmac",NA,"BRMA2100055",NA,"BRA.10.1_1"
"efabdd1c",2022-12-04,6858,297,NA,NA,NA,NA,NA,NA,NA,NA,0,0,0,0,0,0,0,1,2,0,0,2,5,1,-18.65,-13.89,-21.31,0,3,"Brazil","Maranhão","Açailândia",-4.70297599,-47.2219367927226,113121,"BRA","BR",76,"BRL","2100055","ChIJGyee5TH0xZIRLnyJmgHMmac",NA,"BRMA2100055",NA,"BRA.10.1_1"
"efabdd1c",2022-12-05,6858,297,NA,NA,149537,73829,56350,NA,NA,NA,0,0,0,0,0,0,0,1,2,0,0,2,5,1,-18.65,-13.89,-21.31,0,3,"Brazil","Maranhão","Açailândia",-4.70297599,-47.2219367927226,113121,"BRA","BR",76,"BRL","2100055","ChIJGyee5TH0xZIRLnyJmgHMmac",NA,"BRMA2100055",NA,"BRA.10.1_1"
"efabdd1c",2022-12-06,6870,297,NA,NA,149611,73842,56366,NA,NA,NA,0,0,0,0,0,0,0,1,2,0,0,2,5,1,-18.65,-13.89,-21.31,0,3,"Brazil","Maranhão","Açailândia",-4.70297599,-47.2219367927226,113121,"BRA","BR",76,"BRL","2100055","ChIJGyee5TH0xZIRLnyJmgHMmac",NA,"BRMA2100055",NA,"BRA.10.1_1"
"efabdd1c",2022-12-07,6875,295,NA,NA,149687,73843,56376,NA,NA,NA,0,0,0,0,0,0,0,1,2,0,0,2,5,1,-18.65,-13.89,-21.31,0,3,"Brazil","Maranhão","Açailândia",-4.70297599,-47.2219367927226,113121,"BRA","BR",76,"BRL","2100055","ChIJGyee5TH0xZIRLnyJmgHMmac",NA,"BRMA2100055",NA,"BRA.10.1_1"
"efabdd1c",2022-12-08,6879,297,NA,NA,149742,73849,56384,NA,NA,NA,0,0,0,0,0,0,0,1,2,0,0,2,5,1,-18.65,-13.89,-21.31,0,3,"Brazil","Maranhão","Açailândia",-4.70297599,-47.2219367927226,113121,"BRA","BR",76,"BRL","2100055","ChIJGyee5TH0xZIRLnyJmgHMmac",NA,"BRMA2100055",NA,"BRA.10.1_1"
"efabdd1c",2022-12-09,6879,297,NA,NA,NA,NA,NA,NA,NA,NA,0,0,0,0,0,0,0,1,2,0,0,2,5,1,-18.65,-13.89,-21.31,0,3,"Brazil","Maranhão","Açailândia",-4.70297599,-47.2219367927226,113121,"BRA","BR",76,"BRL","2100055","ChIJGyee5TH0xZIRLnyJmgHMmac",NA,"BRMA2100055",NA,"BRA.10.1_1"
"efabdd1c",2022-12-10,6880,297,NA,NA,149935,73873,56406,NA,NA,NA,0,0,0,0,0,0,0,1,2,0,0,2,5,1,-18.65,-13.89,-21.31,0,3,"Brazil","Maranhão","Açailândia",-4.70297599,-47.2219367927226,113121,"BRA","BR",76,"BRL","2100055","ChIJGyee5TH0xZIRLnyJmgHMmac",NA,"BRMA2100055",NA,"BRA.10.1_1"
"efabdd1c",2022-12-11,6880,297,NA,NA,NA,NA,NA,NA,NA,NA,0,0,0,0,0,0,0,1,2,0,0,2,5,1,-18.65,-13.89,-21.31,0,3,"Brazil","Maranhão","Açailândia",-4.70297599,-47.2219367927226,113121,"BRA","BR",76,"BRL","2100055","ChIJGyee5TH0xZIRLnyJmgHMmac",NA,"BRMA2100055",NA,"BRA.10.1_1"
"efabdd1c",2022-12-12,6886,297,NA,NA,150024,73884,56419,NA,NA,NA,0,0,0,0,0,0,0,1,2,0,0,2,5,1,-18.65,-13.89,-21.31,0,3,"Brazil","Maranhão","Açailândia",-4.70297599,-47.2219367927226,113121,"BRA","BR",76,"BRL","2100055","ChIJGyee5TH0xZIRLnyJmgHMmac",NA,"BRMA2100055",NA,"BRA.10.1_1"
"efabdd1c",2022-12-13,6915,297,NA,NA,150110,73894,56431,NA,NA,NA,0,0,0,0,0,0,0,1,2,0,0,2,5,1,-18.65,-13.89,-21.31,0,3,"Brazil","Maranhão","Açailândia",-4.70297599,-47.2219367927226,113121,"BRA","BR",76,"BRL","2100055","ChIJGyee5TH0xZIRLnyJmgHMmac",NA,"BRMA2100055",NA,"BRA.10.1_1"
"efabdd1c",2022-12-14,6918,297,NA,NA,150186,73899,56437,NA,NA,NA,0,0,0,0,0,0,0,1,2,0,0,2,5,1,-18.65,-13.89,-21.31,0,3,"Brazil","Maranhão","Açailândia",-4.70297599,-47.2219367927226,113121,"BRA","BR",76,"BRL","2100055","ChIJGyee5TH0xZIRLnyJmgHMmac",NA,"BRMA2100055",NA,"BRA.10.1_1"
"efabdd1c",2022-12-15,6925,297,NA,NA,150206,73900,56441,NA,NA,NA,0,0,0,0,0,0,0,1,2,0,0,2,5,1,-18.65,-13.89,-21.31,0,3,"Brazil","Maranhão","Açailândia",-4.70297599,-47.2219367927226,113121,"BRA","BR",76,"BRL","2100055","ChIJGyee5TH0xZIRLnyJmgHMmac",NA,"BRMA2100055",NA,"BRA.10.1_1"
"efabdd1c",2022-12-16,6931,297,NA,NA,150231,73903,56448,NA,NA,NA,0,0,0,0,0,0,0,1,2,0,0,2,5,1,-18.65,-13.89,-21.31,0,3,"Brazil","Maranhão","Açailândia",-4.70297599,-47.2219367927226,113121,"BRA","BR",76,"BRL","2100055","ChIJGyee5TH0xZIRLnyJmgHMmac",NA,"BRMA2100055",NA,"BRA.10.1_1"
"efabdd1c",2022-12-17,6931,297,NA,NA,150232,73903,56449,NA,NA,NA,0,0,0,0,0,0,0,1,2,0,0,2,5,1,-18.65,-13.89,-21.31,0,3,"Brazil","Maranhão","Açailândia",-4.70297599,-47.2219367927226,113121,"BRA","BR",76,"BRL","2100055","ChIJGyee5TH0xZIRLnyJmgHMmac",NA,"BRMA2100055",NA,"BRA.10.1_1"
"efabdd1c",2022-12-18,6931,297,NA,NA,NA,NA,NA,NA,NA,NA,0,0,0,0,0,0,0,1,2,0,0,2,5,1,-18.65,-13.89,-21.31,0,3,"Brazil","Maranhão","Açailândia",-4.70297599,-47.2219367927226,113121,"BRA","BR",76,"BRL","2100055","ChIJGyee5TH0xZIRLnyJmgHMmac",NA,"BRMA2100055",NA,"BRA.10.1_1"
"efabdd1c",2022-12-19,6932,297,NA,NA,150258,73906,56454,NA,NA,NA,0,0,0,0,0,0,0,1,2,0,0,2,5,1,-18.65,-13.89,-21.31,0,3,"Brazil","Maranhão","Açailândia",-4.70297599,-47.2219367927226,113121,"BRA","BR",76,"BRL","2100055","ChIJGyee5TH0xZIRLnyJmgHMmac",NA,"BRMA2100055",NA,"BRA.10.1_1"
"efabdd1c",2022-12-20,6947,297,NA,NA,150326,73917,56464,NA,NA,NA,0,0,0,0,0,0,0,1,2,0,0,2,5,1,-18.65,-13.89,-21.31,0,3,"Brazil","Maranhão","Açailândia",-4.70297599,-47.2219367927226,113121,"BRA","BR",76,"BRL","2100055","ChIJGyee5TH0xZIRLnyJmgHMmac",NA,"BRMA2100055",NA,"BRA.10.1_1"
"efabdd1c",2022-12-21,6951,297,NA,NA,150347,73921,56465,NA,NA,NA,0,0,0,0,0,0,0,1,2,0,0,2,5,1,-18.65,-13.89,-21.31,0,3,"Brazil","Maranhão","Açailândia",-4.70297599,-47.2219367927226,113121,"BRA","BR",76,"BRL","2100055","ChIJGyee5TH0xZIRLnyJmgHMmac",NA,"BRMA2100055",NA,"BRA.10.1_1"
"efabdd1c",2022-12-22,6951,297,NA,NA,150382,73927,56470,NA,NA,NA,0,0,0,0,0,0,0,1,2,0,0,2,5,1,-18.65,-13.89,-21.31,0,3,"Brazil","Maranhão","Açailândia",-4.70297599,-47.2219367927226,113121,"BRA","BR",76,"BRL","2100055","ChIJGyee5TH0xZIRLnyJmgHMmac",NA,"BRMA2100055",NA,"BRA.10.1_1"
"efabdd1c",2022-12-23,6955,297,NA,NA,150389,73928,56470,NA,NA,NA,0,0,0,0,0,0,0,1,2,0,0,2,5,1,-18.65,-13.89,-21.31,0,3,"Brazil","Maranhão","Açailândia",-4.70297599,-47.2219367927226,113121,"BRA","BR",76,"BRL","2100055","ChIJGyee5TH0xZIRLnyJmgHMmac",NA,"BRMA2100055",NA,"BRA.10.1_1"
"efabdd1c",2022-12-24,6955,297,NA,NA,NA,NA,NA,NA,NA,NA,0,0,0,0,0,0,0,1,2,0,0,2,5,1,-18.65,-13.89,-21.31,0,3,"Brazil","Maranhão","Açailândia",-4.70297599,-47.2219367927226,113121,"BRA","BR",76,"BRL","2100055","ChIJGyee5TH0xZIRLnyJmgHMmac",NA,"BRMA2100055",NA,"BRA.10.1_1"
"efabdd1c",2022-12-25,6955,297,NA,NA,NA,NA,NA,NA,NA,NA,0,0,0,0,0,0,0,1,2,0,0,2,5,1,-18.65,-13.89,-21.31,0,3,"Brazil","Maranhão","Açailândia",-4.70297599,-47.2219367927226,113121,"BRA","BR",76,"BRL","2100055","ChIJGyee5TH0xZIRLnyJmgHMmac",NA,"BRMA2100055",NA,"BRA.10.1_1"
"efabdd1c",2022-12-26,6956,297,NA,NA,150412,73930,56472,NA,NA,NA,0,0,0,0,0,0,0,1,2,0,0,2,5,1,-18.65,-13.89,-21.31,0,3,"Brazil","Maranhão","Açailândia",-4.70297599,-47.2219367927226,113121,"BRA","BR",76,"BRL","2100055","ChIJGyee5TH0xZIRLnyJmgHMmac",NA,"BRMA2100055",NA,"BRA.10.1_1"
"efabdd1c",2022-12-27,6956,297,NA,NA,150444,73937,56480,NA,NA,NA,0,0,0,0,0,0,0,1,2,0,0,2,5,1,-18.65,-13.89,-21.31,0,3,"Brazil","Maranhão","Açailândia",-4.70297599,-47.2219367927226,113121,"BRA","BR",76,"BRL","2100055","ChIJGyee5TH0xZIRLnyJmgHMmac",NA,"BRMA2100055",NA,"BRA.10.1_1"
"efabdd1c",2022-12-28,6964,297,NA,NA,150456,73938,56482,NA,NA,NA,0,0,0,0,0,0,0,1,2,0,0,2,5,1,-18.65,-13.89,-21.31,0,3,"Brazil","Maranhão","Açailândia",-4.70297599,-47.2219367927226,113121,"BRA","BR",76,"BRL","2100055","ChIJGyee5TH0xZIRLnyJmgHMmac",NA,"BRMA2100055",NA,"BRA.10.1_1"
"efabdd1c",2022-12-29,6969,297,NA,NA,150494,73949,56486,NA,NA,NA,0,0,0,0,0,0,0,1,2,0,0,2,5,1,-18.65,-13.89,-21.31,0,3,"Brazil","Maranhão","Açailândia",-4.70297599,-47.2219367927226,113121,"BRA","BR",76,"BRL","2100055","ChIJGyee5TH0xZIRLnyJmgHMmac",NA,"BRMA2100055",NA,"BRA.10.1_1"
"efabdd1c",2022-12-30,6971,297,NA,NA,150505,73950,56487,NA,NA,NA,0,0,0,0,0,0,0,1,2,0,0,2,5,1,-18.65,-13.89,-21.31,0,3,"Brazil","Maranhão","Açailândia",-4.70297599,-47.2219367927226,113121,"BRA","BR",76,"BRL","2100055","ChIJGyee5TH0xZIRLnyJmgHMmac",NA,"BRMA2100055",NA,"BRA.10.1_1"
"efabdd1c",2022-12-31,6971,297,NA,NA,NA,NA,NA,NA,NA,NA,0,0,0,0,0,0,0,1,2,0,0,2,5,1,-18.65,-13.89,-21.31,0,3,"Brazil","Maranhão","Açailândia",-4.70297599,-47.2219367927226,113121,"BRA","BR",76,"BRL","2100055","ChIJGyee5TH0xZIRLnyJmgHMmac",NA,"BRMA2100055",NA,"BRA.10.1_1"
"efabdd1c",2023-01-01,6971,297,NA,NA,NA,NA,NA,NA,NA,NA,NA,NA,NA,NA,NA,NA,NA,NA,NA,NA,NA,NA,NA,NA,NA,NA,NA,NA,3,"Brazil","Maranhão","Açailândia",-4.70297599,-47.2219367927226,113121,"BRA","BR",76,"BRL","2100055","ChIJGyee5TH0xZIRLnyJmgHMmac",NA,"BRMA2100055",NA,"BRA.10.1_1"
"efabdd1c",2023-01-02,6971,297,NA,NA,150523,73953,56489,NA,NA,NA,NA,NA,NA,NA,NA,NA,NA,NA,NA,NA,NA,NA,NA,NA,NA,NA,NA,NA,3,"Brazil","Maranhão","Açailândia",-4.70297599,-47.2219367927226,113121,"BRA","BR",76,"BRL","2100055","ChIJGyee5TH0xZIRLnyJmgHMmac",NA,"BRMA2100055",NA,"BRA.10.1_1"
"efabdd1c",2023-01-03,6971,297,NA,NA,150553,73955,56495,NA,NA,NA,NA,NA,NA,NA,NA,NA,NA,NA,NA,NA,NA,NA,NA,NA,NA,NA,NA,NA,3,"Brazil","Maranhão","Açailândia",-4.70297599,-47.2219367927226,113121,"BRA","BR",76,"BRL","2100055","ChIJGyee5TH0xZIRLnyJmgHMmac",NA,"BRMA2100055",NA,"BRA.10.1_1"
"efabdd1c",2023-01-04,6972,297,NA,NA,150579,73962,56499,NA,NA,NA,NA,NA,NA,NA,NA,NA,NA,NA,NA,NA,NA,NA,NA,NA,NA,NA,NA,NA,3,"Brazil","Maranhão","Açailândia",-4.70297599,-47.2219367927226,113121,"BRA","BR",76,"BRL","2100055","ChIJGyee5TH0xZIRLnyJmgHMmac",NA,"BRMA2100055",NA,"BRA.10.1_1"
"efabdd1c",2023-01-05,6972,297,NA,NA,150624,73975,56508,NA,NA,NA,NA,NA,NA,NA,NA,NA,NA,NA,NA,NA,NA,NA,NA,NA,NA,NA,NA,NA,3,"Brazil","Maranhão","Açailândia",-4.70297599,-47.2219367927226,113121,"BRA","BR",76,"BRL","2100055","ChIJGyee5TH0xZIRLnyJmgHMmac",NA,"BRMA2100055",NA,"BRA.10.1_1"
"efabdd1c",2023-01-06,6973,297,NA,NA,150635,73977,56510,NA,NA,NA,NA,NA,NA,NA,NA,NA,NA,NA,NA,NA,NA,NA,NA,NA,NA,NA,NA,NA,3,"Brazil","Maranhão","Açailândia",-4.70297599,-47.2219367927226,113121,"BRA","BR",76,"BRL","2100055","ChIJGyee5TH0xZIRLnyJmgHMmac",NA,"BRMA2100055",NA,"BRA.10.1_1"
"efabdd1c",2023-01-07,6973,297,NA,NA,NA,NA,NA,NA,NA,NA,NA,NA,NA,NA,NA,NA,NA,NA,NA,NA,NA,NA,NA,NA,NA,NA,NA,NA,3,"Brazil","Maranhão","Açailândia",-4.70297599,-47.2219367927226,113121,"BRA","BR",76,"BRL","2100055","ChIJGyee5TH0xZIRLnyJmgHMmac",NA,"BRMA2100055",NA,"BRA.10.1_1"
"efabdd1c",2023-01-08,6973,297,NA,NA,NA,NA,NA,NA,NA,NA,NA,NA,NA,NA,NA,NA,NA,NA,NA,NA,NA,NA,NA,NA,NA,NA,NA,NA,3,"Brazil","Maranhão","Açailândia",-4.70297599,-47.2219367927226,113121,"BRA","BR",76,"BRL","2100055","ChIJGyee5TH0xZIRLnyJmgHMmac",NA,"BRMA2100055",NA,"BRA.10.1_1"
"efabdd1c",2023-01-09,6973,297,NA,NA,150636,73977,56510,NA,NA,NA,NA,NA,NA,NA,NA,NA,NA,NA,NA,NA,NA,NA,NA,NA,NA,NA,NA,NA,3,"Brazil","Maranhão","Açailândia",-4.70297599,-47.2219367927226,113121,"BRA","BR",76,"BRL","2100055","ChIJGyee5TH0xZIRLnyJmgHMmac",NA,"BRMA2100055",NA,"BRA.10.1_1"
"efabdd1c",2023-01-10,6973,297,NA,NA,150649,73981,56511,NA,NA,NA,NA,NA,NA,NA,NA,NA,NA,NA,NA,NA,NA,NA,NA,NA,NA,NA,NA,NA,3,"Brazil","Maranhão","Açailândia",-4.70297599,-47.2219367927226,113121,"BRA","BR",76,"BRL","2100055","ChIJGyee5TH0xZIRLnyJmgHMmac",NA,"BRMA2100055",NA,"BRA.10.1_1"
"efabdd1c",2023-01-11,6973,297,NA,NA,150687,73991,56519,NA,NA,NA,NA,NA,NA,NA,NA,NA,NA,NA,NA,NA,NA,NA,NA,NA,NA,NA,NA,NA,3,"Brazil","Maranhão","Açailândia",-4.70297599,-47.2219367927226,113121,"BRA","BR",76,"BRL","2100055","ChIJGyee5TH0xZIRLnyJmgHMmac",NA,"BRMA2100055",NA,"BRA.10.1_1"
"efabdd1c",2023-01-12,6973,297,NA,NA,150720,74000,56527,NA,NA,NA,NA,NA,NA,NA,NA,NA,NA,NA,NA,NA,NA,NA,NA,NA,NA,NA,NA,NA,3,"Brazil","Maranhão","Açailândia",-4.70297599,-47.2219367927226,113121,"BRA","BR",76,"BRL","2100055","ChIJGyee5TH0xZIRLnyJmgHMmac",NA,"BRMA2100055",NA,"BRA.10.1_1"
"efabdd1c",2023-01-13,6973,297,NA,NA,150737,74011,56530,NA,NA,NA,NA,NA,NA,NA,NA,NA,NA,NA,NA,NA,NA,NA,NA,NA,NA,NA,NA,NA,3,"Brazil","Maranhão","Açailândia",-4.70297599,-47.2219367927226,113121,"BRA","BR",76,"BRL","2100055","ChIJGyee5TH0xZIRLnyJmgHMmac",NA,"BRMA2100055",NA,"BRA.10.1_1"
"efabdd1c",2023-01-14,6973,297,NA,NA,NA,NA,NA,NA,NA,NA,NA,NA,NA,NA,NA,NA,NA,NA,NA,NA,NA,NA,NA,NA,NA,NA,NA,NA,3,"Brazil","Maranhão","Açailândia",-4.70297599,-47.2219367927226,113121,"BRA","BR",76,"BRL","2100055","ChIJGyee5TH0xZIRLnyJmgHMmac",NA,"BRMA2100055",NA,"BRA.10.1_1"
"efabdd1c",2023-01-15,6973,297,NA,NA,NA,NA,NA,NA,NA,NA,NA,NA,NA,NA,NA,NA,NA,NA,NA,NA,NA,NA,NA,NA,NA,NA,NA,NA,3,"Brazil","Maranhão","Açailândia",-4.70297599,-47.2219367927226,113121,"BRA","BR",76,"BRL","2100055","ChIJGyee5TH0xZIRLnyJmgHMmac",NA,"BRMA2100055",NA,"BRA.10.1_1"
"efabdd1c",2023-01-16,6976,297,NA,NA,150745,74013,56534,NA,NA,NA,NA,NA,NA,NA,NA,NA,NA,NA,NA,NA,NA,NA,NA,NA,NA,NA,NA,NA,3,"Brazil","Maranhão","Açailândia",-4.70297599,-47.2219367927226,113121,"BRA","BR",76,"BRL","2100055","ChIJGyee5TH0xZIRLnyJmgHMmac",NA,"BRMA2100055",NA,"BRA.10.1_1"
"efabdd1c",2023-01-17,6976,297,NA,NA,150764,74019,56536,NA,NA,NA,NA,NA,NA,NA,NA,NA,NA,NA,NA,NA,NA,NA,NA,NA,NA,NA,NA,NA,3,"Brazil","Maranhão","Açailândia",-4.70297599,-47.2219367927226,113121,"BRA","BR",76,"BRL","2100055","ChIJGyee5TH0xZIRLnyJmgHMmac",NA,"BRMA2100055",NA,"BRA.10.1_1"
"efabdd1c",2023-01-18,6976,297,NA,NA,150791,74023,56543,NA,NA,NA,NA,NA,NA,NA,NA,NA,NA,NA,NA,NA,NA,NA,NA,NA,NA,NA,NA,NA,3,"Brazil","Maranhão","Açailândia",-4.70297599,-47.2219367927226,113121,"BRA","BR",76,"BRL","2100055","ChIJGyee5TH0xZIRLnyJmgHMmac",NA,"BRMA2100055",NA,"BRA.10.1_1"
"efabdd1c",2023-01-19,6976,297,NA,NA,150830,74031,56550,NA,NA,NA,NA,NA,NA,NA,NA,NA,NA,NA,NA,NA,NA,NA,NA,NA,NA,NA,NA,NA,3,"Brazil","Maranhão","Açailândia",-4.70297599,-47.2219367927226,113121,"BRA","BR",76,"BRL","2100055","ChIJGyee5TH0xZIRLnyJmgHMmac",NA,"BRMA2100055",NA,"BRA.10.1_1"
"efabdd1c",2023-01-20,6976,297,NA,NA,150843,74032,56554,NA,NA,NA,NA,NA,NA,NA,NA,NA,NA,NA,NA,NA,NA,NA,NA,NA,NA,NA,NA,NA,3,"Brazil","Maranhão","Açailândia",-4.70297599,-47.2219367927226,113121,"BRA","BR",76,"BRL","2100055","ChIJGyee5TH0xZIRLnyJmgHMmac",NA,"BRMA2100055",NA,"BRA.10.1_1"
"efabdd1c",2023-01-21,6976,297,NA,NA,NA,NA,NA,NA,NA,NA,NA,NA,NA,NA,NA,NA,NA,NA,NA,NA,NA,NA,NA,NA,NA,NA,NA,NA,3,"Brazil","Maranhão","Açailândia",-4.70297599,-47.2219367927226,113121,"BRA","BR",76,"BRL","2100055","ChIJGyee5TH0xZIRLnyJmgHMmac",NA,"BRMA2100055",NA,"BRA.10.1_1"
"efabdd1c",2023-01-22,6976,297,NA,NA,NA,NA,NA,NA,NA,NA,NA,NA,NA,NA,NA,NA,NA,NA,NA,NA,NA,NA,NA,NA,NA,NA,NA,NA,3,"Brazil","Maranhão","Açailândia",-4.70297599,-47.2219367927226,113121,"BRA","BR",76,"BRL","2100055","ChIJGyee5TH0xZIRLnyJmgHMmac",NA,"BRMA2100055",NA,"BRA.10.1_1"
"efabdd1c",2023-01-23,6976,297,NA,NA,150884,74039,56562,NA,NA,NA,NA,NA,NA,NA,NA,NA,NA,NA,NA,NA,NA,NA,NA,NA,NA,NA,NA,NA,3,"Brazil","Maranhão","Açailândia",-4.70297599,-47.2219367927226,113121,"BRA","BR",76,"BRL","2100055","ChIJGyee5TH0xZIRLnyJmgHMmac",NA,"BRMA2100055",NA,"BRA.10.1_1"
"efabdd1c",2023-01-24,6976,297,NA,NA,150913,74044,56565,NA,NA,NA,NA,NA,NA,NA,NA,NA,NA,NA,NA,NA,NA,NA,NA,NA,NA,NA,NA,NA,3,"Brazil","Maranhão","Açailândia",-4.70297599,-47.2219367927226,113121,"BRA","BR",76,"BRL","2100055","ChIJGyee5TH0xZIRLnyJmgHMmac",NA,"BRMA2100055",NA,"BRA.10.1_1"
"efabdd1c",2023-01-25,6976,297,NA,NA,150943,74049,56569,NA,NA,NA,NA,NA,NA,NA,NA,NA,NA,NA,NA,NA,NA,NA,NA,NA,NA,NA,NA,NA,3,"Brazil","Maranhão","Açailândia",-4.70297599,-47.2219367927226,113121,"BRA","BR",76,"BRL","2100055","ChIJGyee5TH0xZIRLnyJmgHMmac",NA,"BRMA2100055",NA,"BRA.10.1_1"
"efabdd1c",2023-01-26,6976,297,NA,NA,150971,74053,56575,NA,NA,NA,NA,NA,NA,NA,NA,NA,NA,NA,NA,NA,NA,NA,NA,NA,NA,NA,NA,NA,3,"Brazil","Maranhão","Açailândia",-4.70297599,-47.2219367927226,113121,"BRA","BR",76,"BRL","2100055","ChIJGyee5TH0xZIRLnyJmgHMmac",NA,"BRMA2100055",NA,"BRA.10.1_1"
"efabdd1c",2023-01-27,6976,297,NA,NA,151038,74070,56591,NA,NA,NA,NA,NA,NA,NA,NA,NA,NA,NA,NA,NA,NA,NA,NA,NA,NA,NA,NA,NA,3,"Brazil","Maranhão","Açailândia",-4.70297599,-47.2219367927226,113121,"BRA","BR",76,"BRL","2100055","ChIJGyee5TH0xZIRLnyJmgHMmac",NA,"BRMA2100055",NA,"BRA.10.1_1"
"efabdd1c",2023-01-28,6976,297,NA,NA,NA,NA,NA,NA,NA,NA,NA,NA,NA,NA,NA,NA,NA,NA,NA,NA,NA,NA,NA,NA,NA,NA,NA,NA,3,"Brazil","Maranhão","Açailândia",-4.70297599,-47.2219367927226,113121,"BRA","BR",76,"BRL","2100055","ChIJGyee5TH0xZIRLnyJmgHMmac",NA,"BRMA2100055",NA,"BRA.10.1_1"
"efabdd1c",2023-01-29,6976,297,NA,NA,NA,NA,NA,NA,NA,NA,NA,NA,NA,NA,NA,NA,NA,NA,NA,NA,NA,NA,NA,NA,NA,NA,NA,NA,3,"Brazil","Maranhão","Açailândia",-4.70297599,-47.2219367927226,113121,"BRA","BR",76,"BRL","2100055","ChIJGyee5TH0xZIRLnyJmgHMmac",NA,"BRMA2100055",NA,"BRA.10.1_1"
"efabdd1c",2023-01-30,6976,297,NA,NA,151070,74074,56600,NA,NA,NA,NA,NA,NA,NA,NA,NA,NA,NA,NA,NA,NA,NA,NA,NA,NA,NA,NA,NA,3,"Brazil","Maranhão","Açailândia",-4.70297599,-47.2219367927226,113121,"BRA","BR",76,"BRL","2100055","ChIJGyee5TH0xZIRLnyJmgHMmac",NA,"BRMA2100055",NA,"BRA.10.1_1"
"efabdd1c",2023-01-31,6976,297,NA,NA,151097,74077,56609,NA,NA,NA,NA,NA,NA,NA,NA,NA,NA,NA,NA,NA,NA,NA,NA,NA,NA,NA,NA,NA,3,"Brazil","Maranhão","Açailândia",-4.70297599,-47.2219367927226,113121,"BRA","BR",76,"BRL","2100055","ChIJGyee5TH0xZIRLnyJmgHMmac",NA,"BRMA2100055",NA,"BRA.10.1_1"
"efabdd1c",2023-02-01,6976,297,NA,NA,151106,74079,56610,NA,NA,NA,NA,NA,NA,NA,NA,NA,NA,NA,NA,NA,NA,NA,NA,NA,NA,NA,NA,NA,3,"Brazil","Maranhão","Açailândia",-4.70297599,-47.2219367927226,113121,"BRA","BR",76,"BRL","2100055","ChIJGyee5TH0xZIRLnyJmgHMmac",NA,"BRMA2100055",NA,"BRA.10.1_1"
"efabdd1c",2023-02-02,6976,297,NA,NA,151139,74083,56613,NA,NA,NA,NA,NA,NA,NA,NA,NA,NA,NA,NA,NA,NA,NA,NA,NA,NA,NA,NA,NA,3,"Brazil","Maranhão","Açailândia",-4.70297599,-47.2219367927226,113121,"BRA","BR",76,"BRL","2100055","ChIJGyee5TH0xZIRLnyJmgHMmac",NA,"BRMA2100055",NA,"BRA.10.1_1"
"efabdd1c",2023-02-03,6976,297,NA,NA,151177,74094,56618,NA,NA,NA,NA,NA,NA,NA,NA,NA,NA,NA,NA,NA,NA,NA,NA,NA,NA,NA,NA,NA,3,"Brazil","Maranhão","Açailândia",-4.70297599,-47.2219367927226,113121,"BRA","BR",76,"BRL","2100055","ChIJGyee5TH0xZIRLnyJmgHMmac",NA,"BRMA2100055",NA,"BRA.10.1_1"
"efabdd1c",2023-02-04,6976,297,NA,NA,NA,NA,NA,NA,NA,NA,NA,NA,NA,NA,NA,NA,NA,NA,NA,NA,NA,NA,NA,NA,NA,NA,NA,NA,3,"Brazil","Maranhão","Açailândia",-4.70297599,-47.2219367927226,113121,"BRA","BR",76,"BRL","2100055","ChIJGyee5TH0xZIRLnyJmgHMmac",NA,"BRMA2100055",NA,"BRA.10.1_1"
"efabdd1c",2023-02-05,6976,297,NA,NA,NA,NA,NA,NA,NA,NA,NA,NA,NA,NA,NA,NA,NA,NA,NA,NA,NA,NA,NA,NA,NA,NA,NA,NA,3,"Brazil","Maranhão","Açailândia",-4.70297599,-47.2219367927226,113121,"BRA","BR",76,"BRL","2100055","ChIJGyee5TH0xZIRLnyJmgHMmac",NA,"BRMA2100055",NA,"BRA.10.1_1"
"efabdd1c",2023-02-06,6976,297,NA,NA,151190,74095,56619,NA,NA,NA,NA,NA,NA,NA,NA,NA,NA,NA,NA,NA,NA,NA,NA,NA,NA,NA,NA,NA,3,"Brazil","Maranhão","Açailândia",-4.70297599,-47.2219367927226,113121,"BRA","BR",76,"BRL","2100055","ChIJGyee5TH0xZIRLnyJmgHMmac",NA,"BRMA2100055",NA,"BRA.10.1_1"
"efabdd1c",2023-02-07,6976,297,NA,NA,151193,74096,56620,NA,NA,NA,NA,NA,NA,NA,NA,NA,NA,NA,NA,NA,NA,NA,NA,NA,NA,NA,NA,NA,3,"Brazil","Maranhão","Açailândia",-4.70297599,-47.2219367927226,113121,"BRA","BR",76,"BRL","2100055","ChIJGyee5TH0xZIRLnyJmgHMmac",NA,"BRMA2100055",NA,"BRA.10.1_1"
"efabdd1c",2023-02-08,6976,297,NA,NA,151195,74096,56621,NA,NA,NA,NA,NA,NA,NA,NA,NA,NA,NA,NA,NA,NA,NA,NA,NA,NA,NA,NA,NA,3,"Brazil","Maranhão","Açailândia",-4.70297599,-47.2219367927226,113121,"BRA","BR",76,"BRL","2100055","ChIJGyee5TH0xZIRLnyJmgHMmac",NA,"BRMA2100055",NA,"BRA.10.1_1"
"efabdd1c",2023-02-09,6976,297,NA,NA,151210,74100,56624,NA,NA,NA,NA,NA,NA,NA,NA,NA,NA,NA,NA,NA,NA,NA,NA,NA,NA,NA,NA,NA,3,"Brazil","Maranhão","Açailândia",-4.70297599,-47.2219367927226,113121,"BRA","BR",76,"BRL","2100055","ChIJGyee5TH0xZIRLnyJmgHMmac",NA,"BRMA2100055",NA,"BRA.10.1_1"
"efabdd1c",2023-02-10,6976,297,NA,NA,151246,74105,56633,NA,NA,NA,NA,NA,NA,NA,NA,NA,NA,NA,NA,NA,NA,NA,NA,NA,NA,NA,NA,NA,3,"Brazil","Maranhão","Açailândia",-4.70297599,-47.2219367927226,113121,"BRA","BR",76,"BRL","2100055","ChIJGyee5TH0xZIRLnyJmgHMmac",NA,"BRMA2100055",NA,"BRA.10.1_1"
"efabdd1c",2023-02-11,6976,297,NA,NA,NA,NA,NA,NA,NA,NA,NA,NA,NA,NA,NA,NA,NA,NA,NA,NA,NA,NA,NA,NA,NA,NA,NA,NA,3,"Brazil","Maranhão","Açailândia",-4.70297599,-47.2219367927226,113121,"BRA","BR",76,"BRL","2100055","ChIJGyee5TH0xZIRLnyJmgHMmac",NA,"BRMA2100055",NA,"BRA.10.1_1"
"efabdd1c",2023-02-12,6976,297,NA,NA,NA,NA,NA,NA,NA,NA,NA,NA,NA,NA,NA,NA,NA,NA,NA,NA,NA,NA,NA,NA,NA,NA,NA,NA,3,"Brazil","Maranhão","Açailândia",-4.70297599,-47.2219367927226,113121,"BRA","BR",76,"BRL","2100055","ChIJGyee5TH0xZIRLnyJmgHMmac",NA,"BRMA2100055",NA,"BRA.10.1_1"
"efabdd1c",2023-02-13,6976,297,NA,NA,151251,74106,56635,NA,NA,NA,NA,NA,NA,NA,NA,NA,NA,NA,NA,NA,NA,NA,NA,NA,NA,NA,NA,NA,3,"Brazil","Maranhão","Açailândia",-4.70297599,-47.2219367927226,113121,"BRA","BR",76,"BRL","2100055","ChIJGyee5TH0xZIRLnyJmgHMmac",NA,"BRMA2100055",NA,"BRA.10.1_1"
"efabdd1c",2023-02-14,6976,297,NA,NA,151260,74107,56639,NA,NA,NA,NA,NA,NA,NA,NA,NA,NA,NA,NA,NA,NA,NA,NA,NA,NA,NA,NA,NA,3,"Brazil","Maranhão","Açailândia",-4.70297599,-47.2219367927226,113121,"BRA","BR",76,"BRL","2100055","ChIJGyee5TH0xZIRLnyJmgHMmac",NA,"BRMA2100055",NA,"BRA.10.1_1"
"efabdd1c",2023-02-15,6976,297,NA,NA,151333,74124,56656,NA,NA,NA,NA,NA,NA,NA,NA,NA,NA,NA,NA,NA,NA,NA,NA,NA,NA,NA,NA,NA,3,"Brazil","Maranhão","Açailândia",-4.70297599,-47.2219367927226,113121,"BRA","BR",76,"BRL","2100055","ChIJGyee5TH0xZIRLnyJmgHMmac",NA,"BRMA2100055",NA,"BRA.10.1_1"
"efabdd1c",2023-02-16,6976,297,NA,NA,151360,74133,56660,NA,NA,NA,NA,NA,NA,NA,NA,NA,NA,NA,NA,NA,NA,NA,NA,NA,NA,NA,NA,NA,3,"Brazil","Maranhão","Açailândia",-4.70297599,-47.2219367927226,113121,"BRA","BR",76,"BRL","2100055","ChIJGyee5TH0xZIRLnyJmgHMmac",NA,"BRMA2100055",NA,"BRA.10.1_1"
"efabdd1c",2023-02-17,6976,297,NA,NA,151370,74134,56662,NA,NA,NA,NA,NA,NA,NA,NA,NA,NA,NA,NA,NA,NA,NA,NA,NA,NA,NA,NA,NA,3,"Brazil","Maranhão","Açailândia",-4.70297599,-47.2219367927226,113121,"BRA","BR",76,"BRL","2100055","ChIJGyee5TH0xZIRLnyJmgHMmac",NA,"BRMA2100055",NA,"BRA.10.1_1"
"efabdd1c",2023-02-18,6976,297,NA,NA,NA,NA,NA,NA,NA,NA,NA,NA,NA,NA,NA,NA,NA,NA,NA,NA,NA,NA,NA,NA,NA,NA,NA,NA,3,"Brazil","Maranhão","Açailândia",-4.70297599,-47.2219367927226,113121,"BRA","BR",76,"BRL","2100055","ChIJGyee5TH0xZIRLnyJmgHMmac",NA,"BRMA2100055",NA,"BRA.10.1_1"
"efabdd1c",2023-02-19,6976,297,NA,NA,NA,NA,NA,NA,NA,NA,NA,NA,NA,NA,NA,NA,NA,NA,NA,NA,NA,NA,NA,NA,NA,NA,NA,NA,3,"Brazil","Maranhão","Açailândia",-4.70297599,-47.2219367927226,113121,"BRA","BR",76,"BRL","2100055","ChIJGyee5TH0xZIRLnyJmgHMmac",NA,"BRMA2100055",NA,"BRA.10.1_1"
"efabdd1c",2023-02-20,6976,297,NA,NA,NA,NA,NA,NA,NA,NA,NA,NA,NA,NA,NA,NA,NA,NA,NA,NA,NA,NA,NA,NA,NA,NA,NA,NA,3,"Brazil","Maranhão","Açailândia",-4.70297599,-47.2219367927226,113121,"BRA","BR",76,"BRL","2100055","ChIJGyee5TH0xZIRLnyJmgHMmac",NA,"BRMA2100055",NA,"BRA.10.1_1"
"efabdd1c",2023-02-21,6976,297,NA,NA,151371,74134,56662,NA,NA,NA,NA,NA,NA,NA,NA,NA,NA,NA,NA,NA,NA,NA,NA,NA,NA,NA,NA,NA,3,"Brazil","Maranhão","Açailândia",-4.70297599,-47.2219367927226,113121,"BRA","BR",76,"BRL","2100055","ChIJGyee5TH0xZIRLnyJmgHMmac",NA,"BRMA2100055",NA,"BRA.10.1_1"
"efabdd1c",2023-02-22,6976,297,NA,NA,NA,NA,NA,NA,NA,NA,NA,NA,NA,NA,NA,NA,NA,NA,NA,NA,NA,NA,NA,NA,NA,NA,NA,NA,3,"Brazil","Maranhão","Açailândia",-4.70297599,-47.2219367927226,113121,"BRA","BR",76,"BRL","2100055","ChIJGyee5TH0xZIRLnyJmgHMmac",NA,"BRMA2100055",NA,"BRA.10.1_1"
"efabdd1c",2023-02-23,6976,297,NA,NA,151393,74136,56667,NA,NA,NA,NA,NA,NA,NA,NA,NA,NA,NA,NA,NA,NA,NA,NA,NA,NA,NA,NA,NA,3,"Brazil","Maranhão","Açailândia",-4.70297599,-47.2219367927226,113121,"BRA","BR",76,"BRL","2100055","ChIJGyee5TH0xZIRLnyJmgHMmac",NA,"BRMA2100055",NA,"BRA.10.1_1"
"efabdd1c",2023-02-24,6976,297,NA,NA,151415,74140,56673,NA,NA,NA,NA,NA,NA,NA,NA,NA,NA,NA,NA,NA,NA,NA,NA,NA,NA,NA,NA,NA,3,"Brazil","Maranhão","Açailândia",-4.70297599,-47.2219367927226,113121,"BRA","BR",76,"BRL","2100055","ChIJGyee5TH0xZIRLnyJmgHMmac",NA,"BRMA2100055",NA,"BRA.10.1_1"
"efabdd1c",2023-02-25,6976,297,NA,NA,NA,NA,NA,NA,NA,NA,NA,NA,NA,NA,NA,NA,NA,NA,NA,NA,NA,NA,NA,NA,NA,NA,NA,NA,3,"Brazil","Maranhão","Açailândia",-4.70297599,-47.2219367927226,113121,"BRA","BR",76,"BRL","2100055","ChIJGyee5TH0xZIRLnyJmgHMmac",NA,"BRMA2100055",NA,"BRA.10.1_1"
"efabdd1c",2023-02-26,6976,297,NA,NA,NA,NA,NA,NA,NA,NA,NA,NA,NA,NA,NA,NA,NA,NA,NA,NA,NA,NA,NA,NA,NA,NA,NA,NA,3,"Brazil","Maranhão","Açailândia",-4.70297599,-47.2219367927226,113121,"BRA","BR",76,"BRL","2100055","ChIJGyee5TH0xZIRLnyJmgHMmac",NA,"BRMA2100055",NA,"BRA.10.1_1"
"efabdd1c",2023-02-27,6976,297,NA,NA,151449,74147,56680,NA,NA,NA,NA,NA,NA,NA,NA,NA,NA,NA,NA,NA,NA,NA,NA,NA,NA,NA,NA,NA,3,"Brazil","Maranhão","Açailândia",-4.70297599,-47.2219367927226,113121,"BRA","BR",76,"BRL","2100055","ChIJGyee5TH0xZIRLnyJmgHMmac",NA,"BRMA2100055",NA,"BRA.10.1_1"
"efabdd1c",2023-02-28,6976,297,NA,NA,151480,74150,56682,NA,NA,NA,NA,NA,NA,NA,NA,NA,NA,NA,NA,NA,NA,NA,NA,NA,NA,NA,NA,NA,3,"Brazil","Maranhão","Açailândia",-4.70297599,-47.2219367927226,113121,"BRA","BR",76,"BRL","2100055","ChIJGyee5TH0xZIRLnyJmgHMmac",NA,"BRMA2100055",NA,"BRA.10.1_1"
"efabdd1c",2023-03-01,6976,297,NA,NA,151518,74159,56689,NA,NA,NA,NA,NA,NA,NA,NA,NA,NA,NA,NA,NA,NA,NA,NA,NA,NA,NA,NA,NA,3,"Brazil","Maranhão","Açailândia",-4.70297599,-47.2219367927226,113121,"BRA","BR",76,"BRL","2100055","ChIJGyee5TH0xZIRLnyJmgHMmac",NA,"BRMA2100055",NA,"BRA.10.1_1"
"efabdd1c",2023-03-02,6976,297,NA,NA,151563,74163,56691,NA,NA,NA,NA,NA,NA,NA,NA,NA,NA,NA,NA,NA,NA,NA,NA,NA,NA,NA,NA,NA,3,"Brazil","Maranhão","Açailândia",-4.70297599,-47.2219367927226,113121,"BRA","BR",76,"BRL","2100055","ChIJGyee5TH0xZIRLnyJmgHMmac",NA,"BRMA2100055",NA,"BRA.10.1_1"
"efabdd1c",2023-03-03,6976,297,NA,NA,151604,74167,56694,NA,NA,NA,NA,NA,NA,NA,NA,NA,NA,NA,NA,NA,NA,NA,NA,NA,NA,NA,NA,NA,3,"Brazil","Maranhão","Açailândia",-4.70297599,-47.2219367927226,113121,"BRA","BR",76,"BRL","2100055","ChIJGyee5TH0xZIRLnyJmgHMmac",NA,"BRMA2100055",NA,"BRA.10.1_1"
"efabdd1c",2023-03-04,6976,297,NA,NA,NA,NA,NA,NA,NA,NA,NA,NA,NA,NA,NA,NA,NA,NA,NA,NA,NA,NA,NA,NA,NA,NA,NA,NA,3,"Brazil","Maranhão","Açailândia",-4.70297599,-47.2219367927226,113121,"BRA","BR",76,"BRL","2100055","ChIJGyee5TH0xZIRLnyJmgHMmac",NA,"BRMA2100055",NA,"BRA.10.1_1"
"efabdd1c",2023-03-05,6976,297,NA,NA,NA,NA,NA,NA,NA,NA,NA,NA,NA,NA,NA,NA,NA,NA,NA,NA,NA,NA,NA,NA,NA,NA,NA,NA,3,"Brazil","Maranhão","Açailândia",-4.70297599,-47.2219367927226,113121,"BRA","BR",76,"BRL","2100055","ChIJGyee5TH0xZIRLnyJmgHMmac",NA,"BRMA2100055",NA,"BRA.10.1_1"
"efabdd1c",2023-03-06,6976,297,NA,NA,151634,74170,56698,NA,NA,NA,NA,NA,NA,NA,NA,NA,NA,NA,NA,NA,NA,NA,NA,NA,NA,NA,NA,NA,3,"Brazil","Maranhão","Açailândia",-4.70297599,-47.2219367927226,113121,"BRA","BR",76,"BRL","2100055","ChIJGyee5TH0xZIRLnyJmgHMmac",NA,"BRMA2100055",NA,"BRA.10.1_1"
"efabdd1c",2023-03-07,6976,297,NA,NA,151679,74172,56702,NA,NA,NA,NA,NA,NA,NA,NA,NA,NA,NA,NA,NA,NA,NA,NA,NA,NA,NA,NA,NA,3,"Brazil","Maranhão","Açailândia",-4.70297599,-47.2219367927226,113121,"BRA","BR",76,"BRL","2100055","ChIJGyee5TH0xZIRLnyJmgHMmac",NA,"BRMA2100055",NA,"BRA.10.1_1"
"efabdd1c",2023-03-08,6976,297,NA,NA,151716,74179,56709,NA,NA,NA,NA,NA,NA,NA,NA,NA,NA,NA,NA,NA,NA,NA,NA,NA,NA,NA,NA,NA,3,"Brazil","Maranhão","Açailândia",-4.70297599,-47.2219367927226,113121,"BRA","BR",76,"BRL","2100055","ChIJGyee5TH0xZIRLnyJmgHMmac",NA,"BRMA2100055",NA,"BRA.10.1_1"
"efabdd1c",2023-03-09,6976,297,NA,NA,151724,74180,56710,NA,NA,NA,NA,NA,NA,NA,NA,NA,NA,NA,NA,NA,NA,NA,NA,NA,NA,NA,NA,NA,3,"Brazil","Maranhão","Açailândia",-4.70297599,-47.2219367927226,113121,"BRA","BR",76,"BRL","2100055","ChIJGyee5TH0xZIRLnyJmgHMmac",NA,"BRMA2100055",NA,"BRA.10.1_1"
"efabdd1c",2023-03-10,6976,297,NA,NA,151760,74182,56711,NA,NA,NA,NA,NA,NA,NA,NA,NA,NA,NA,NA,NA,NA,NA,NA,NA,NA,NA,NA,NA,3,"Brazil","Maranhão","Açailândia",-4.70297599,-47.2219367927226,113121,"BRA","BR",76,"BRL","2100055","ChIJGyee5TH0xZIRLnyJmgHMmac",NA,"BRMA2100055",NA,"BRA.10.1_1"
"efabdd1c",2023-03-11,6976,297,NA,NA,NA,NA,NA,NA,NA,NA,NA,NA,NA,NA,NA,NA,NA,NA,NA,NA,NA,NA,NA,NA,NA,NA,NA,NA,3,"Brazil","Maranhão","Açailândia",-4.70297599,-47.2219367927226,113121,"BRA","BR",76,"BRL","2100055","ChIJGyee5TH0xZIRLnyJmgHMmac",NA,"BRMA2100055",NA,"BRA.10.1_1"
"efabdd1c",2023-03-12,6976,297,NA,NA,NA,NA,NA,NA,NA,NA,NA,NA,NA,NA,NA,NA,NA,NA,NA,NA,NA,NA,NA,NA,NA,NA,NA,NA,3,"Brazil","Maranhão","Açailândia",-4.70297599,-47.2219367927226,113121,"BRA","BR",76,"BRL","2100055","ChIJGyee5TH0xZIRLnyJmgHMmac",NA,"BRMA2100055",NA,"BRA.10.1_1"
"efabdd1c",2023-03-13,6976,297,NA,NA,151804,74185,56715,NA,NA,NA,NA,NA,NA,NA,NA,NA,NA,NA,NA,NA,NA,NA,NA,NA,NA,NA,NA,NA,3,"Brazil","Maranhão","Açailândia",-4.70297599,-47.2219367927226,113121,"BRA","BR",76,"BRL","2100055","ChIJGyee5TH0xZIRLnyJmgHMmac",NA,"BRMA2100055",NA,"BRA.10.1_1"
"efabdd1c",2023-03-14,6976,297,NA,NA,151843,74195,56722,NA,NA,NA,NA,NA,NA,NA,NA,NA,NA,NA,NA,NA,NA,NA,NA,NA,NA,NA,NA,NA,3,"Brazil","Maranhão","Açailândia",-4.70297599,-47.2219367927226,113121,"BRA","BR",76,"BRL","2100055","ChIJGyee5TH0xZIRLnyJmgHMmac",NA,"BRMA2100055",NA,"BRA.10.1_1"
"efabdd1c",2023-03-15,6976,297,NA,NA,151866,74198,56727,NA,NA,NA,NA,NA,NA,NA,NA,NA,NA,NA,NA,NA,NA,NA,NA,NA,NA,NA,NA,NA,3,"Brazil","Maranhão","Açailândia",-4.70297599,-47.2219367927226,113121,"BRA","BR",76,"BRL","2100055","ChIJGyee5TH0xZIRLnyJmgHMmac",NA,"BRMA2100055",NA,"BRA.10.1_1"
"efabdd1c",2023-03-16,6976,297,NA,NA,151901,74205,56734,NA,NA,NA,NA,NA,NA,NA,NA,NA,NA,NA,NA,NA,NA,NA,NA,NA,NA,NA,NA,NA,3,"Brazil","Maranhão","Açailândia",-4.70297599,-47.2219367927226,113121,"BRA","BR",76,"BRL","2100055","ChIJGyee5TH0xZIRLnyJmgHMmac",NA,"BRMA2100055",NA,"BRA.10.1_1"
"efabdd1c",2023-03-17,6976,297,NA,NA,151928,74206,56736,NA,NA,NA,NA,NA,NA,NA,NA,NA,NA,NA,NA,NA,NA,NA,NA,NA,NA,NA,NA,NA,3,"Brazil","Maranhão","Açailândia",-4.70297599,-47.2219367927226,113121,"BRA","BR",76,"BRL","2100055","ChIJGyee5TH0xZIRLnyJmgHMmac",NA,"BRMA2100055",NA,"BRA.10.1_1"
"efabdd1c",2023-03-18,6976,297,NA,NA,NA,NA,NA,NA,NA,NA,NA,NA,NA,NA,NA,NA,NA,NA,NA,NA,NA,NA,NA,NA,NA,NA,NA,NA,3,"Brazil","Maranhão","Açailândia",-4.70297599,-47.2219367927226,113121,"BRA","BR",76,"BRL","2100055","ChIJGyee5TH0xZIRLnyJmgHMmac",NA,"BRMA2100055",NA,"BRA.10.1_1"
"efabdd1c",2023-03-20,NA,NA,NA,NA,151969,74210,56747,NA,NA,NA,NA,NA,NA,NA,NA,NA,NA,NA,NA,NA,NA,NA,NA,NA,NA,NA,NA,NA,3,"Brazil","Maranhão","Açailândia",-4.70297599,-47.2219367927226,113121,"BRA","BR",76,"BRL","2100055","ChIJGyee5TH0xZIRLnyJmgHMmac",NA,"BRMA2100055",NA,"BRA.10.1_1"
"efabdd1c",2023-03-21,NA,NA,NA,NA,151996,74213,56752,NA,NA,NA,NA,NA,NA,NA,NA,NA,NA,NA,NA,NA,NA,NA,NA,NA,NA,NA,NA,NA,3,"Brazil","Maranhão","Açailândia",-4.70297599,-47.2219367927226,113121,"BRA","BR",76,"BRL","2100055","ChIJGyee5TH0xZIRLnyJmgHMmac",NA,"BRMA2100055",NA,"BRA.10.1_1"
"efabdd1c",2023-03-22,NA,NA,NA,NA,152028,74216,56760,NA,NA,NA,NA,NA,NA,NA,NA,NA,NA,NA,NA,NA,NA,NA,NA,NA,NA,NA,NA,NA,3,"Brazil","Maranhão","Açailândia",-4.70297599,-47.2219367927226,113121,"BRA","BR",76,"BRL","2100055","ChIJGyee5TH0xZIRLnyJmgHMmac",NA,"BRMA2100055",NA,"BRA.10.1_1"
"efabdd1c",2023-03-23,NA,NA,NA,NA,152057,74217,56763,NA,NA,NA,NA,NA,NA,NA,NA,NA,NA,NA,NA,NA,NA,NA,NA,NA,NA,NA,NA,NA,3,"Brazil","Maranhão","Açailândia",-4.70297599,-47.2219367927226,113121,"BRA","BR",76,"BRL","2100055","ChIJGyee5TH0xZIRLnyJmgHMmac",NA,"BRMA2100055",NA,"BRA.10.1_1"
"efabdd1c",2023-03-24,NA,NA,NA,NA,152091,74222,56771,NA,NA,NA,NA,NA,NA,NA,NA,NA,NA,NA,NA,NA,NA,NA,NA,NA,NA,NA,NA,NA,3,"Brazil","Maranhão","Açailândia",-4.70297599,-47.2219367927226,113121,"BRA","BR",76,"BRL","2100055","ChIJGyee5TH0xZIRLnyJmgHMmac",NA,"BRMA2100055",NA,"BRA.10.1_1"
"efabdd1c",2023-03-27,NA,NA,NA,NA,152112,74223,56775,NA,NA,NA,NA,NA,NA,NA,NA,NA,NA,NA,NA,NA,NA,NA,NA,NA,NA,NA,NA,NA,3,"Brazil","Maranhão","Açailândia",-4.70297599,-47.2219367927226,113121,"BRA","BR",76,"BRL","2100055","ChIJGyee5TH0xZIRLnyJmgHMmac",NA,"BRMA2100055",NA,"BRA.10.1_1"
"efabdd1c",2023-03-28,NA,NA,NA,NA,152132,74225,56776,NA,NA,NA,NA,NA,NA,NA,NA,NA,NA,NA,NA,NA,NA,NA,NA,NA,NA,NA,NA,NA,3,"Brazil","Maranhão","Açailândia",-4.70297599,-47.2219367927226,113121,"BRA","BR",76,"BRL","2100055","ChIJGyee5TH0xZIRLnyJmgHMmac",NA,"BRMA2100055",NA,"BRA.10.1_1"
"efabdd1c",2023-03-29,NA,NA,NA,NA,152154,74229,56778,NA,NA,NA,NA,NA,NA,NA,NA,NA,NA,NA,NA,NA,NA,NA,NA,NA,NA,NA,NA,NA,3,"Brazil","Maranhão","Açailândia",-4.70297599,-47.2219367927226,113121,"BRA","BR",76,"BRL","2100055","ChIJGyee5TH0xZIRLnyJmgHMmac",NA,"BRMA2100055",NA,"BRA.10.1_1"
"efabdd1c",2023-03-30,NA,NA,NA,NA,152179,74240,56784,NA,NA,NA,NA,NA,NA,NA,NA,NA,NA,NA,NA,NA,NA,NA,NA,NA,NA,NA,NA,NA,3,"Brazil","Maranhão","Açailândia",-4.70297599,-47.2219367927226,113121,"BRA","BR",76,"BRL","2100055","ChIJGyee5TH0xZIRLnyJmgHMmac",NA,"BRMA2100055",NA,"BRA.10.1_1"
"efabdd1c",2023-03-31,NA,NA,NA,NA,152191,74243,56789,NA,NA,NA,NA,NA,NA,NA,NA,NA,NA,NA,NA,NA,NA,NA,NA,NA,NA,NA,NA,NA,3,"Brazil","Maranhão","Açailândia",-4.70297599,-47.2219367927226,113121,"BRA","BR",76,"BRL","2100055","ChIJGyee5TH0xZIRLnyJmgHMmac",NA,"BRMA2100055",NA,"BRA.10.1_1"
"efabdd1c",2023-04-03,NA,NA,NA,NA,152233,74249,56794,NA,NA,NA,NA,NA,NA,NA,NA,NA,NA,NA,NA,NA,NA,NA,NA,NA,NA,NA,NA,NA,3,"Brazil","Maranhão","Açailândia",-4.70297599,-47.2219367927226,113121,"BRA","BR",76,"BRL","2100055","ChIJGyee5TH0xZIRLnyJmgHMmac",NA,"BRMA2100055",NA,"BRA.10.1_1"
"efabdd1c",2023-04-04,NA,NA,NA,NA,152259,74253,56801,NA,NA,NA,NA,NA,NA,NA,NA,NA,NA,NA,NA,NA,NA,NA,NA,NA,NA,NA,NA,NA,3,"Brazil","Maranhão","Açailândia",-4.70297599,-47.2219367927226,113121,"BRA","BR",76,"BRL","2100055","ChIJGyee5TH0xZIRLnyJmgHMmac",NA,"BRMA2100055",NA,"BRA.10.1_1"
"efabdd1c",2023-04-05,NA,NA,NA,NA,152271,74255,56804,NA,NA,NA,NA,NA,NA,NA,NA,NA,NA,NA,NA,NA,NA,NA,NA,NA,NA,NA,NA,NA,3,"Brazil","Maranhão","Açailândia",-4.70297599,-47.2219367927226,113121,"BRA","BR",76,"BRL","2100055","ChIJGyee5TH0xZIRLnyJmgHMmac",NA,"BRMA2100055",NA,"BRA.10.1_1"
"efabdd1c",2023-04-11,NA,NA,NA,NA,152280,74259,56804,NA,NA,NA,NA,NA,NA,NA,NA,NA,NA,NA,NA,NA,NA,NA,NA,NA,NA,NA,NA,NA,3,"Brazil","Maranhão","Açailândia",-4.70297599,-47.2219367927226,113121,"BRA","BR",76,"BRL","2100055","ChIJGyee5TH0xZIRLnyJmgHMmac",NA,"BRMA2100055",NA,"BRA.10.1_1"
"efabdd1c",2023-04-12,NA,NA,NA,NA,152284,74259,56804,NA,NA,NA,NA,NA,NA,NA,NA,NA,NA,NA,NA,NA,NA,NA,NA,NA,NA,NA,NA,NA,3,"Brazil","Maranhão","Açailândia",-4.70297599,-47.2219367927226,113121,"BRA","BR",76,"BRL","2100055","ChIJGyee5TH0xZIRLnyJmgHMmac",NA,"BRMA2100055",NA,"BRA.10.1_1"
"efabdd1c",2023-04-13,NA,NA,NA,NA,152414,74270,56812,NA,NA,NA,NA,NA,NA,NA,NA,NA,NA,NA,NA,NA,NA,NA,NA,NA,NA,NA,NA,NA,3,"Brazil","Maranhão","Açailândia",-4.70297599,-47.2219367927226,113121,"BRA","BR",76,"BRL","2100055","ChIJGyee5TH0xZIRLnyJmgHMmac",NA,"BRMA2100055",NA,"BRA.10.1_1"
"efabdd1c",2023-04-14,NA,NA,NA,NA,152422,74271,56812,NA,NA,NA,NA,NA,NA,NA,NA,NA,NA,NA,NA,NA,NA,NA,NA,NA,NA,NA,NA,NA,3,"Brazil","Maranhão","Açailândia",-4.70297599,-47.2219367927226,113121,"BRA","BR",76,"BRL","2100055","ChIJGyee5TH0xZIRLnyJmgHMmac",NA,"BRMA2100055",NA,"BRA.10.1_1"
"efabdd1c",2023-04-17,NA,NA,NA,NA,152457,74273,56814,NA,NA,NA,NA,NA,NA,NA,NA,NA,NA,NA,NA,NA,NA,NA,NA,NA,NA,NA,NA,NA,3,"Brazil","Maranhão","Açailândia",-4.70297599,-47.2219367927226,113121,"BRA","BR",76,"BRL","2100055","ChIJGyee5TH0xZIRLnyJmgHMmac",NA,"BRMA2100055",NA,"BRA.10.1_1"
"efabdd1c",2023-04-18,NA,NA,NA,NA,152465,74273,56815,NA,NA,NA,NA,NA,NA,NA,NA,NA,NA,NA,NA,NA,NA,NA,NA,NA,NA,NA,NA,NA,3,"Brazil","Maranhão","Açailândia",-4.70297599,-47.2219367927226,113121,"BRA","BR",76,"BRL","2100055","ChIJGyee5TH0xZIRLnyJmgHMmac",NA,"BRMA2100055",NA,"BRA.10.1_1"
"efabdd1c",2023-04-19,NA,NA,NA,NA,152481,74273,56815,NA,NA,NA,NA,NA,NA,NA,NA,NA,NA,NA,NA,NA,NA,NA,NA,NA,NA,NA,NA,NA,3,"Brazil","Maranhão","Açailândia",-4.70297599,-47.2219367927226,113121,"BRA","BR",76,"BRL","2100055","ChIJGyee5TH0xZIRLnyJmgHMmac",NA,"BRMA2100055",NA,"BRA.10.1_1"
"efabdd1c",2023-04-20,NA,NA,NA,NA,152505,74274,56816,NA,NA,NA,NA,NA,NA,NA,NA,NA,NA,NA,NA,NA,NA,NA,NA,NA,NA,NA,NA,NA,3,"Brazil","Maranhão","Açailândia",-4.70297599,-47.2219367927226,113121,"BRA","BR",76,"BRL","2100055","ChIJGyee5TH0xZIRLnyJmgHMmac",NA,"BRMA2100055",NA,"BRA.10.1_1"
"efabdd1c",2023-04-24,NA,NA,NA,NA,152527,74278,56820,NA,NA,NA,NA,NA,NA,NA,NA,NA,NA,NA,NA,NA,NA,NA,NA,NA,NA,NA,NA,NA,3,"Brazil","Maranhão","Açailândia",-4.70297599,-47.2219367927226,113121,"BRA","BR",76,"BRL","2100055","ChIJGyee5TH0xZIRLnyJmgHMmac",NA,"BRMA2100055",NA,"BRA.10.1_1"
"efabdd1c",2023-04-25,NA,NA,NA,NA,152570,74281,56823,NA,NA,NA,NA,NA,NA,NA,NA,NA,NA,NA,NA,NA,NA,NA,NA,NA,NA,NA,NA,NA,3,"Brazil","Maranhão","Açailândia",-4.70297599,-47.2219367927226,113121,"BRA","BR",76,"BRL","2100055","ChIJGyee5TH0xZIRLnyJmgHMmac",NA,"BRMA2100055",NA,"BRA.10.1_1"
"efabdd1c",2023-04-26,NA,NA,NA,NA,152633,74286,56828,NA,NA,NA,NA,NA,NA,NA,NA,NA,NA,NA,NA,NA,NA,NA,NA,NA,NA,NA,NA,NA,3,"Brazil","Maranhão","Açailândia",-4.70297599,-47.2219367927226,113121,"BRA","BR",76,"BRL","2100055","ChIJGyee5TH0xZIRLnyJmgHMmac",NA,"BRMA2100055",NA,"BRA.10.1_1"
"efabdd1c",2023-04-27,NA,NA,NA,NA,152702,74291,56833,NA,NA,NA,NA,NA,NA,NA,NA,NA,NA,NA,NA,NA,NA,NA,NA,NA,NA,NA,NA,NA,3,"Brazil","Maranhão","Açailândia",-4.70297599,-47.2219367927226,113121,"BRA","BR",76,"BRL","2100055","ChIJGyee5TH0xZIRLnyJmgHMmac",NA,"BRMA2100055",NA,"BRA.10.1_1"
"efabdd1c",2023-04-28,NA,NA,NA,NA,152731,74293,56839,NA,NA,NA,NA,NA,NA,NA,NA,NA,NA,NA,NA,NA,NA,NA,NA,NA,NA,NA,NA,NA,3,"Brazil","Maranhão","Açailândia",-4.70297599,-47.2219367927226,113121,"BRA","BR",76,"BRL","2100055","ChIJGyee5TH0xZIRLnyJmgHMmac",NA,"BRMA2100055",NA,"BRA.10.1_1"
"efabdd1c",2023-05-02,NA,NA,NA,NA,152786,74298,56845,NA,NA,NA,NA,NA,NA,NA,NA,NA,NA,NA,NA,NA,NA,NA,NA,NA,NA,NA,NA,NA,3,"Brazil","Maranhão","Açailândia",-4.70297599,-47.2219367927226,113121,"BRA","BR",76,"BRL","2100055","ChIJGyee5TH0xZIRLnyJmgHMmac",NA,"BRMA2100055",NA,"BRA.10.1_1"
"efabdd1c",2023-05-03,NA,NA,NA,NA,152927,74308,56849,NA,NA,NA,NA,NA,NA,NA,NA,NA,NA,NA,NA,NA,NA,NA,NA,NA,NA,NA,NA,NA,3,"Brazil","Maranhão","Açailândia",-4.70297599,-47.2219367927226,113121,"BRA","BR",76,"BRL","2100055","ChIJGyee5TH0xZIRLnyJmgHMmac",NA,"BRMA2100055",NA,"BRA.10.1_1"
"efabdd1c",2023-05-04,NA,NA,NA,NA,152969,74315,56854,NA,NA,NA,NA,NA,NA,NA,NA,NA,NA,NA,NA,NA,NA,NA,NA,NA,NA,NA,NA,NA,3,"Brazil","Maranhão","Açailândia",-4.70297599,-47.2219367927226,113121,"BRA","BR",76,"BRL","2100055","ChIJGyee5TH0xZIRLnyJmgHMmac",NA,"BRMA2100055",NA,"BRA.10.1_1"
"efabdd1c",2023-05-08,NA,NA,NA,NA,153026,74318,56857,NA,NA,NA,NA,NA,NA,NA,NA,NA,NA,NA,NA,NA,NA,NA,NA,NA,NA,NA,NA,NA,3,"Brazil","Maranhão","Açailândia",-4.70297599,-47.2219367927226,113121,"BRA","BR",76,"BRL","2100055","ChIJGyee5TH0xZIRLnyJmgHMmac",NA,"BRMA2100055",NA,"BRA.10.1_1"
"efabdd1c",2023-05-09,NA,NA,NA,NA,153119,74328,56872,NA,NA,NA,NA,NA,NA,NA,NA,NA,NA,NA,NA,NA,NA,NA,NA,NA,NA,NA,NA,NA,3,"Brazil","Maranhão","Açailândia",-4.70297599,-47.2219367927226,113121,"BRA","BR",76,"BRL","2100055","ChIJGyee5TH0xZIRLnyJmgHMmac",NA,"BRMA2100055",NA,"BRA.10.1_1"
"efabdd1c",2023-05-10,NA,NA,NA,NA,153161,74331,56876,NA,NA,NA,NA,NA,NA,NA,NA,NA,NA,NA,NA,NA,NA,NA,NA,NA,NA,NA,NA,NA,3,"Brazil","Maranhão","Açailândia",-4.70297599,-47.2219367927226,113121,"BRA","BR",76,"BRL","2100055","ChIJGyee5TH0xZIRLnyJmgHMmac",NA,"BRMA2100055",NA,"BRA.10.1_1"
"efabdd1c",2023-05-11,NA,NA,NA,NA,153194,74333,56880,NA,NA,NA,NA,NA,NA,NA,NA,NA,NA,NA,NA,NA,NA,NA,NA,NA,NA,NA,NA,NA,3,"Brazil","Maranhão","Açailândia",-4.70297599,-47.2219367927226,113121,"BRA","BR",76,"BRL","2100055","ChIJGyee5TH0xZIRLnyJmgHMmac",NA,"BRMA2100055",NA,"BRA.10.1_1"
"efabdd1c",2023-05-15,NA,NA,NA,NA,153223,74336,56881,NA,NA,NA,NA,NA,NA,NA,NA,NA,NA,NA,NA,NA,NA,NA,NA,NA,NA,NA,NA,NA,3,"Brazil","Maranhão","Açailândia",-4.70297599,-47.2219367927226,113121,"BRA","BR",76,"BRL","2100055","ChIJGyee5TH0xZIRLnyJmgHMmac",NA,"BRMA2100055",NA,"BRA.10.1_1"
"efabdd1c",2023-05-16,NA,NA,NA,NA,153267,74338,56884,NA,NA,NA,NA,NA,NA,NA,NA,NA,NA,NA,NA,NA,NA,NA,NA,NA,NA,NA,NA,NA,3,"Brazil","Maranhão","Açailândia",-4.70297599,-47.2219367927226,113121,"BRA","BR",76,"BRL","2100055","ChIJGyee5TH0xZIRLnyJmgHMmac",NA,"BRMA2100055",NA,"BRA.10.1_1"
"efabdd1c",2023-05-17,NA,NA,NA,NA,153288,74339,56884,NA,NA,NA,NA,NA,NA,NA,NA,NA,NA,NA,NA,NA,NA,NA,NA,NA,NA,NA,NA,NA,3,"Brazil","Maranhão","Açailândia",-4.70297599,-47.2219367927226,113121,"BRA","BR",76,"BRL","2100055","ChIJGyee5TH0xZIRLnyJmgHMmac",NA,"BRMA2100055",NA,"BRA.10.1_1"
"efabdd1c",2023-05-18,NA,NA,NA,NA,153328,74348,56890,NA,NA,NA,NA,NA,NA,NA,NA,NA,NA,NA,NA,NA,NA,NA,NA,NA,NA,NA,NA,NA,3,"Brazil","Maranhão","Açailândia",-4.70297599,-47.2219367927226,113121,"BRA","BR",76,"BRL","2100055","ChIJGyee5TH0xZIRLnyJmgHMmac",NA,"BRMA2100055",NA,"BRA.10.1_1"
"efabdd1c",2023-05-19,NA,NA,NA,NA,153351,74348,56894,NA,NA,NA,NA,NA,NA,NA,NA,NA,NA,NA,NA,NA,NA,NA,NA,NA,NA,NA,NA,NA,3,"Brazil","Maranhão","Açailândia",-4.70297599,-47.2219367927226,113121,"BRA","BR",76,"BRL","2100055","ChIJGyee5TH0xZIRLnyJmgHMmac",NA,"BRMA2100055",NA,"BRA.10.1_1"
"efabdd1c",2023-05-22,NA,NA,NA,NA,153395,74359,56898,NA,NA,NA,NA,NA,NA,NA,NA,NA,NA,NA,NA,NA,NA,NA,NA,NA,NA,NA,NA,NA,3,"Brazil","Maranhão","Açailândia",-4.70297599,-47.2219367927226,113121,"BRA","BR",76,"BRL","2100055","ChIJGyee5TH0xZIRLnyJmgHMmac",NA,"BRMA2100055",NA,"BRA.10.1_1"
"efabdd1c",2023-05-23,NA,NA,NA,NA,153472,74366,56904,NA,NA,NA,NA,NA,NA,NA,NA,NA,NA,NA,NA,NA,NA,NA,NA,NA,NA,NA,NA,NA,3,"Brazil","Maranhão","Açailândia",-4.70297599,-47.2219367927226,113121,"BRA","BR",76,"BRL","2100055","ChIJGyee5TH0xZIRLnyJmgHMmac",NA,"BRMA2100055",NA,"BRA.10.1_1"
"efabdd1c",2023-05-24,NA,NA,NA,NA,153501,74367,56909,NA,NA,NA,NA,NA,NA,NA,NA,NA,NA,NA,NA,NA,NA,NA,NA,NA,NA,NA,NA,NA,3,"Brazil","Maranhão","Açailândia",-4.70297599,-47.2219367927226,113121,"BRA","BR",76,"BRL","2100055","ChIJGyee5TH0xZIRLnyJmgHMmac",NA,"BRMA2100055",NA,"BRA.10.1_1"
"efabdd1c",2023-05-25,NA,NA,NA,NA,153527,74367,56910,NA,NA,NA,NA,NA,NA,NA,NA,NA,NA,NA,NA,NA,NA,NA,NA,NA,NA,NA,NA,NA,3,"Brazil","Maranhão","Açailândia",-4.70297599,-47.2219367927226,113121,"BRA","BR",76,"BRL","2100055","ChIJGyee5TH0xZIRLnyJmgHMmac",NA,"BRMA2100055",NA,"BRA.10.1_1"
"efabdd1c",2023-05-26,NA,NA,NA,NA,153551,74368,56913,NA,NA,NA,NA,NA,NA,NA,NA,NA,NA,NA,NA,NA,NA,NA,NA,NA,NA,NA,NA,NA,3,"Brazil","Maranhão","Açailândia",-4.70297599,-47.2219367927226,113121,"BRA","BR",76,"BRL","2100055","ChIJGyee5TH0xZIRLnyJmgHMmac",NA,"BRMA2100055",NA,"BRA.10.1_1"
"efabdd1c",2023-05-29,NA,NA,NA,NA,153584,74373,56921,NA,NA,NA,NA,NA,NA,NA,NA,NA,NA,NA,NA,NA,NA,NA,NA,NA,NA,NA,NA,NA,3,"Brazil","Maranhão","Açailândia",-4.70297599,-47.2219367927226,113121,"BRA","BR",76,"BRL","2100055","ChIJGyee5TH0xZIRLnyJmgHMmac",NA,"BRMA2100055",NA,"BRA.10.1_1"
"efabdd1c",2023-05-30,NA,NA,NA,NA,153618,74374,56927,NA,NA,NA,NA,NA,NA,NA,NA,NA,NA,NA,NA,NA,NA,NA,NA,NA,NA,NA,NA,NA,3,"Brazil","Maranhão","Açailândia",-4.70297599,-47.2219367927226,113121,"BRA","BR",76,"BRL","2100055","ChIJGyee5TH0xZIRLnyJmgHMmac",NA,"BRMA2100055",NA,"BRA.10.1_1"
"efabdd1c",2023-06-02,NA,NA,NA,NA,153638,74374,56927,NA,NA,NA,NA,NA,NA,NA,NA,NA,NA,NA,NA,NA,NA,NA,NA,NA,NA,NA,NA,NA,3,"Brazil","Maranhão","Açailândia",-4.70297599,-47.2219367927226,113121,"BRA","BR",76,"BRL","2100055","ChIJGyee5TH0xZIRLnyJmgHMmac",NA,"BRMA2100055",NA,"BRA.10.1_1"
"efabdd1c",2023-06-12,NA,NA,NA,NA,153689,74377,56932,NA,NA,NA,NA,NA,NA,NA,NA,NA,NA,NA,NA,NA,NA,NA,NA,NA,NA,NA,NA,NA,3,"Brazil","Maranhão","Açailândia",-4.70297599,-47.2219367927226,113121,"BRA","BR",76,"BRL","2100055","ChIJGyee5TH0xZIRLnyJmgHMmac",NA,"BRMA2100055",NA,"BRA.10.1_1"
"efabdd1c",2023-06-13,NA,NA,NA,NA,153724,74385,56943,NA,NA,NA,NA,NA,NA,NA,NA,NA,NA,NA,NA,NA,NA,NA,NA,NA,NA,NA,NA,NA,3,"Brazil","Maranhão","Açailândia",-4.70297599,-47.2219367927226,113121,"BRA","BR",76,"BRL","2100055","ChIJGyee5TH0xZIRLnyJmgHMmac",NA,"BRMA2100055",NA,"BRA.10.1_1"
"efabdd1c",2023-06-14,NA,NA,NA,NA,153749,74387,56951,NA,NA,NA,NA,NA,NA,NA,NA,NA,NA,NA,NA,NA,NA,NA,NA,NA,NA,NA,NA,NA,3,"Brazil","Maranhão","Açailândia",-4.70297599,-47.2219367927226,113121,"BRA","BR",76,"BRL","2100055","ChIJGyee5TH0xZIRLnyJmgHMmac",NA,"BRMA2100055",NA,"BRA.10.1_1"
"efabdd1c",2023-06-15,NA,NA,NA,NA,153762,74389,56951,NA,NA,NA,NA,NA,NA,NA,NA,NA,NA,NA,NA,NA,NA,NA,NA,NA,NA,NA,NA,NA,3,"Brazil","Maranhão","Açailândia",-4.70297599,-47.2219367927226,113121,"BRA","BR",76,"BRL","2100055","ChIJGyee5TH0xZIRLnyJmgHMmac",NA,"BRMA2100055",NA,"BRA.10.1_1"
"efabdd1c",2023-06-16,NA,NA,NA,NA,153785,74394,56953,NA,NA,NA,NA,NA,NA,NA,NA,NA,NA,NA,NA,NA,NA,NA,NA,NA,NA,NA,NA,NA,3,"Brazil","Maranhão","Açailândia",-4.70297599,-47.2219367927226,113121,"BRA","BR",76,"BRL","2100055","ChIJGyee5TH0xZIRLnyJmgHMmac",NA,"BRMA2100055",NA,"BRA.10.1_1"
"efabdd1c",2023-06-19,NA,NA,NA,NA,153796,74396,56956,NA,NA,NA,NA,NA,NA,NA,NA,NA,NA,NA,NA,NA,NA,NA,NA,NA,NA,NA,NA,NA,3,"Brazil","Maranhão","Açailândia",-4.70297599,-47.2219367927226,113121,"BRA","BR",76,"BRL","2100055","ChIJGyee5TH0xZIRLnyJmgHMmac",NA,"BRMA2100055",NA,"BRA.10.1_1"
"efabdd1c",2023-06-20,NA,NA,NA,NA,153805,74397,56963,NA,NA,NA,NA,NA,NA,NA,NA,NA,NA,NA,NA,NA,NA,NA,NA,NA,NA,NA,NA,NA,3,"Brazil","Maranhão","Açailândia",-4.70297599,-47.2219367927226,113121,"BRA","BR",76,"BRL","2100055","ChIJGyee5TH0xZIRLnyJmgHMmac",NA,"BRMA2100055",NA,"BRA.10.1_1"
"efabdd1c",2023-06-21,NA,NA,NA,NA,153835,74398,56968,NA,NA,NA,NA,NA,NA,NA,NA,NA,NA,NA,NA,NA,NA,NA,NA,NA,NA,NA,NA,NA,3,"Brazil","Maranhão","Açailândia",-4.70297599,-47.2219367927226,113121,"BRA","BR",76,"BRL","2100055","ChIJGyee5TH0xZIRLnyJmgHMmac",NA,"BRMA2100055",NA,"BRA.10.1_1"
"efabdd1c",2023-06-22,NA,NA,NA,NA,153850,74398,56972,NA,NA,NA,NA,NA,NA,NA,NA,NA,NA,NA,NA,NA,NA,NA,NA,NA,NA,NA,NA,NA,3,"Brazil","Maranhão","Açailândia",-4.70297599,-47.2219367927226,113121,"BRA","BR",76,"BRL","2100055","ChIJGyee5TH0xZIRLnyJmgHMmac",NA,"BRMA2100055",NA,"BRA.10.1_1"
"efabdd1c",2023-06-23,NA,NA,NA,NA,153865,74399,56973,NA,NA,NA,NA,NA,NA,NA,NA,NA,NA,NA,NA,NA,NA,NA,NA,NA,NA,NA,NA,NA,3,"Brazil","Maranhão","Açailândia",-4.70297599,-47.2219367927226,113121,"BRA","BR",76,"BRL","2100055","ChIJGyee5TH0xZIRLnyJmgHMmac",NA,"BRMA2100055",NA,"BRA.10.1_1"
"efabdd1c",2023-06-26,NA,NA,NA,NA,153906,74402,56975,NA,NA,NA,NA,NA,NA,NA,NA,NA,NA,NA,NA,NA,NA,NA,NA,NA,NA,NA,NA,NA,3,"Brazil","Maranhão","Açailândia",-4.70297599,-47.2219367927226,113121,"BRA","BR",76,"BRL","2100055","ChIJGyee5TH0xZIRLnyJmgHMmac",NA,"BRMA2100055",NA,"BRA.10.1_1"
"efabdd1c",2023-06-27,NA,NA,NA,NA,153951,74402,56979,NA,NA,NA,NA,NA,NA,NA,NA,NA,NA,NA,NA,NA,NA,NA,NA,NA,NA,NA,NA,NA,3,"Brazil","Maranhão","Açailândia",-4.70297599,-47.2219367927226,113121,"BRA","BR",76,"BRL","2100055","ChIJGyee5TH0xZIRLnyJmgHMmac",NA,"BRMA2100055",NA,"BRA.10.1_1"
"efabdd1c",2023-06-28,NA,NA,NA,NA,153968,74403,56983,NA,NA,NA,NA,NA,NA,NA,NA,NA,NA,NA,NA,NA,NA,NA,NA,NA,NA,NA,NA,NA,3,"Brazil","Maranhão","Açailândia",-4.70297599,-47.2219367927226,113121,"BRA","BR",76,"BRL","2100055","ChIJGyee5TH0xZIRLnyJmgHMmac",NA,"BRMA2100055",NA,"BRA.10.1_1"
"efabdd1c",2023-06-29,NA,NA,NA,NA,153980,74406,56986,NA,NA,NA,NA,NA,NA,NA,NA,NA,NA,NA,NA,NA,NA,NA,NA,NA,NA,NA,NA,NA,3,"Brazil","Maranhão","Açailândia",-4.70297599,-47.2219367927226,113121,"BRA","BR",76,"BRL","2100055","ChIJGyee5TH0xZIRLnyJmgHMmac",NA,"BRMA2100055",NA,"BRA.10.1_1"
"efabdd1c",2023-06-30,NA,NA,NA,NA,153990,74407,56989,NA,NA,NA,NA,NA,NA,NA,NA,NA,NA,NA,NA,NA,NA,NA,NA,NA,NA,NA,NA,NA,3,"Brazil","Maranhão","Açailândia",-4.70297599,-47.2219367927226,113121,"BRA","BR",76,"BRL","2100055","ChIJGyee5TH0xZIRLnyJmgHMmac",NA,"BRMA2100055",NA,"BRA.10.1_1"
"efabdd1c",2023-07-03,NA,NA,NA,NA,154006,74411,56994,NA,NA,NA,NA,NA,NA,NA,NA,NA,NA,NA,NA,NA,NA,NA,NA,NA,NA,NA,NA,NA,3,"Brazil","Maranhão","Açailândia",-4.70297599,-47.2219367927226,113121,"BRA","BR",76,"BRL","2100055","ChIJGyee5TH0xZIRLnyJmgHMmac",NA,"BRMA2100055",NA,"BRA.10.1_1"
"efabdd1c",2023-07-04,NA,NA,NA,NA,154026,74411,56999,NA,NA,NA,NA,NA,NA,NA,NA,NA,NA,NA,NA,NA,NA,NA,NA,NA,NA,NA,NA,NA,3,"Brazil","Maranhão","Açailândia",-4.70297599,-47.2219367927226,113121,"BRA","BR",76,"BRL","2100055","ChIJGyee5TH0xZIRLnyJmgHMmac",NA,"BRMA2100055",NA,"BRA.10.1_1"
"efabdd1c",2023-07-05,NA,NA,NA,NA,154029,74412,57001,NA,NA,NA,NA,NA,NA,NA,NA,NA,NA,NA,NA,NA,NA,NA,NA,NA,NA,NA,NA,NA,3,"Brazil","Maranhão","Açailândia",-4.70297599,-47.2219367927226,113121,"BRA","BR",76,"BRL","2100055","ChIJGyee5TH0xZIRLnyJmgHMmac",NA,"BRMA2100055",NA,"BRA.10.1_1"
"efabdd1c",2023-07-06,NA,NA,NA,NA,154046,74415,57003,NA,NA,NA,NA,NA,NA,NA,NA,NA,NA,NA,NA,NA,NA,NA,NA,NA,NA,NA,NA,NA,3,"Brazil","Maranhão","Açailândia",-4.70297599,-47.2219367927226,113121,"BRA","BR",76,"BRL","2100055","ChIJGyee5TH0xZIRLnyJmgHMmac",NA,"BRMA2100055",NA,"BRA.10.1_1"
"efabdd1c",2023-07-07,NA,NA,NA,NA,154048,74416,57003,NA,NA,NA,NA,NA,NA,NA,NA,NA,NA,NA,NA,NA,NA,NA,NA,NA,NA,NA,NA,NA,3,"Brazil","Maranhão","Açailândia",-4.70297599,-47.2219367927226,113121,"BRA","BR",76,"BRL","2100055","ChIJGyee5TH0xZIRLnyJmgHMmac",NA,"BRMA2100055",NA,"BRA.10.1_1"
"efabdd1c",2023-07-10,NA,NA,NA,NA,154054,74418,57006,NA,NA,NA,NA,NA,NA,NA,NA,NA,NA,NA,NA,NA,NA,NA,NA,NA,NA,NA,NA,NA,3,"Brazil","Maranhão","Açailândia",-4.70297599,-47.2219367927226,113121,"BRA","BR",76,"BRL","2100055","ChIJGyee5TH0xZIRLnyJmgHMmac",NA,"BRMA2100055",NA,"BRA.10.1_1"
"efabdd1c",2023-07-11,NA,NA,NA,NA,154073,74422,57010,NA,NA,NA,NA,NA,NA,NA,NA,NA,NA,NA,NA,NA,NA,NA,NA,NA,NA,NA,NA,NA,3,"Brazil","Maranhão","Açailândia",-4.70297599,-47.2219367927226,113121,"BRA","BR",76,"BRL","2100055","ChIJGyee5TH0xZIRLnyJmgHMmac",NA,"BRMA2100055",NA,"BRA.10.1_1"
"efabdd1c",2023-07-12,NA,NA,NA,NA,154077,74424,57012,NA,NA,NA,NA,NA,NA,NA,NA,NA,NA,NA,NA,NA,NA,NA,NA,NA,NA,NA,NA,NA,3,"Brazil","Maranhão","Açailândia",-4.70297599,-47.2219367927226,113121,"BRA","BR",76,"BRL","2100055","ChIJGyee5TH0xZIRLnyJmgHMmac",NA,"BRMA2100055",NA,"BRA.10.1_1"
"efabdd1c",2023-07-13,NA,NA,NA,NA,154115,74425,57013,NA,NA,NA,NA,NA,NA,NA,NA,NA,NA,NA,NA,NA,NA,NA,NA,NA,NA,NA,NA,NA,3,"Brazil","Maranhão","Açailândia",-4.70297599,-47.2219367927226,113121,"BRA","BR",76,"BRL","2100055","ChIJGyee5TH0xZIRLnyJmgHMmac",NA,"BRMA2100055",NA,"BRA.10.1_1"
"efabdd1c",2023-07-14,NA,NA,NA,NA,154144,74429,57014,NA,NA,NA,NA,NA,NA,NA,NA,NA,NA,NA,NA,NA,NA,NA,NA,NA,NA,NA,NA,NA,3,"Brazil","Maranhão","Açailândia",-4.70297599,-47.2219367927226,113121,"BRA","BR",76,"BRL","2100055","ChIJGyee5TH0xZIRLnyJmgHMmac",NA,"BRMA2100055",NA,"BRA.10.1_1"
"efabdd1c",2023-07-17,NA,NA,NA,NA,154153,74431,57014,NA,NA,NA,NA,NA,NA,NA,NA,NA,NA,NA,NA,NA,NA,NA,NA,NA,NA,NA,NA,NA,3,"Brazil","Maranhão","Açailândia",-4.70297599,-47.2219367927226,113121,"BRA","BR",76,"BRL","2100055","ChIJGyee5TH0xZIRLnyJmgHMmac",NA,"BRMA2100055",NA,"BRA.10.1_1"
"efabdd1c",2023-07-18,NA,NA,NA,NA,154177,74433,57019,NA,NA,NA,NA,NA,NA,NA,NA,NA,NA,NA,NA,NA,NA,NA,NA,NA,NA,NA,NA,NA,3,"Brazil","Maranhão","Açailândia",-4.70297599,-47.2219367927226,113121,"BRA","BR",76,"BRL","2100055","ChIJGyee5TH0xZIRLnyJmgHMmac",NA,"BRMA2100055",NA,"BRA.10.1_1"
"efabdd1c",2023-07-19,NA,NA,NA,NA,154188,74435,57023,NA,NA,NA,NA,NA,NA,NA,NA,NA,NA,NA,NA,NA,NA,NA,NA,NA,NA,NA,NA,NA,3,"Brazil","Maranhão","Açailândia",-4.70297599,-47.2219367927226,113121,"BRA","BR",76,"BRL","2100055","ChIJGyee5TH0xZIRLnyJmgHMmac",NA,"BRMA2100055",NA,"BRA.10.1_1"
"efabdd1c",2023-07-20,NA,NA,NA,NA,154194,74437,57023,NA,NA,NA,NA,NA,NA,NA,NA,NA,NA,NA,NA,NA,NA,NA,NA,NA,NA,NA,NA,NA,3,"Brazil","Maranhão","Açailândia",-4.70297599,-47.2219367927226,113121,"BRA","BR",76,"BRL","2100055","ChIJGyee5TH0xZIRLnyJmgHMmac",NA,"BRMA2100055",NA,"BRA.10.1_1"
"efabdd1c",2023-07-21,NA,NA,NA,NA,154212,74443,57027,NA,NA,NA,NA,NA,NA,NA,NA,NA,NA,NA,NA,NA,NA,NA,NA,NA,NA,NA,NA,NA,3,"Brazil","Maranhão","Açailândia",-4.70297599,-47.2219367927226,113121,"BRA","BR",76,"BRL","2100055","ChIJGyee5TH0xZIRLnyJmgHMmac",NA,"BRMA2100055",NA,"BRA.10.1_1"
"efabdd1c",2023-07-24,NA,NA,NA,NA,154233,74447,57032,NA,NA,NA,NA,NA,NA,NA,NA,NA,NA,NA,NA,NA,NA,NA,NA,NA,NA,NA,NA,NA,3,"Brazil","Maranhão","Açailândia",-4.70297599,-47.2219367927226,113121,"BRA","BR",76,"BRL","2100055","ChIJGyee5TH0xZIRLnyJmgHMmac",NA,"BRMA2100055",NA,"BRA.10.1_1"
"efabdd1c",2023-07-25,NA,NA,NA,NA,154255,74450,57040,NA,NA,NA,NA,NA,NA,NA,NA,NA,NA,NA,NA,NA,NA,NA,NA,NA,NA,NA,NA,NA,3,"Brazil","Maranhão","Açailândia",-4.70297599,-47.2219367927226,113121,"BRA","BR",76,"BRL","2100055","ChIJGyee5TH0xZIRLnyJmgHMmac",NA,"BRMA2100055",NA,"BRA.10.1_1"
"efabdd1c",2023-07-26,NA,NA,NA,NA,154273,74450,57043,NA,NA,NA,NA,NA,NA,NA,NA,NA,NA,NA,NA,NA,NA,NA,NA,NA,NA,NA,NA,NA,3,"Brazil","Maranhão","Açailândia",-4.70297599,-47.2219367927226,113121,"BRA","BR",76,"BRL","2100055","ChIJGyee5TH0xZIRLnyJmgHMmac",NA,"BRMA2100055",NA,"BRA.10.1_1"
"efabdd1c",2023-07-27,NA,NA,NA,NA,154295,74452,57046,NA,NA,NA,NA,NA,NA,NA,NA,NA,NA,NA,NA,NA,NA,NA,NA,NA,NA,NA,NA,NA,3,"Brazil","Maranhão","Açailândia",-4.70297599,-47.2219367927226,113121,"BRA","BR",76,"BRL","2100055","ChIJGyee5TH0xZIRLnyJmgHMmac",NA,"BRMA2100055",NA,"BRA.10.1_1"
"efabdd1c",2023-07-30,NA,NA,NA,NA,154296,74453,57046,NA,NA,NA,NA,NA,NA,NA,NA,NA,NA,NA,NA,NA,NA,NA,NA,NA,NA,NA,NA,NA,3,"Brazil","Maranhão","Açailândia",-4.70297599,-47.2219367927226,113121,"BRA","BR",76,"BRL","2100055","ChIJGyee5TH0xZIRLnyJmgHMmac",NA,"BRMA2100055",NA,"BRA.10.1_1"
"efabdd1c",2023-07-31,NA,NA,NA,NA,154323,74455,57048,NA,NA,NA,NA,NA,NA,NA,NA,NA,NA,NA,NA,NA,NA,NA,NA,NA,NA,NA,NA,NA,3,"Brazil","Maranhão","Açailândia",-4.70297599,-47.2219367927226,113121,"BRA","BR",76,"BRL","2100055","ChIJGyee5TH0xZIRLnyJmgHMmac",NA,"BRMA2100055",NA,"BRA.10.1_1"
"efabdd1c",2023-08-01,NA,NA,NA,NA,154342,74459,57049,NA,NA,NA,NA,NA,NA,NA,NA,NA,NA,NA,NA,NA,NA,NA,NA,NA,NA,NA,NA,NA,3,"Brazil","Maranhão","Açailândia",-4.70297599,-47.2219367927226,113121,"BRA","BR",76,"BRL","2100055","ChIJGyee5TH0xZIRLnyJmgHMmac",NA,"BRMA2100055",NA,"BRA.10.1_1"
"efabdd1c",2023-08-02,NA,NA,NA,NA,154350,74460,57050,NA,NA,NA,NA,NA,NA,NA,NA,NA,NA,NA,NA,NA,NA,NA,NA,NA,NA,NA,NA,NA,3,"Brazil","Maranhão","Açailândia",-4.70297599,-47.2219367927226,113121,"BRA","BR",76,"BRL","2100055","ChIJGyee5TH0xZIRLnyJmgHMmac",NA,"BRMA2100055",NA,"BRA.10.1_1"
"efabdd1c",2023-08-03,NA,NA,NA,NA,154363,74463,57051,NA,NA,NA,NA,NA,NA,NA,NA,NA,NA,NA,NA,NA,NA,NA,NA,NA,NA,NA,NA,NA,3,"Brazil","Maranhão","Açailândia",-4.70297599,-47.2219367927226,113121,"BRA","BR",76,"BRL","2100055","ChIJGyee5TH0xZIRLnyJmgHMmac",NA,"BRMA2100055",NA,"BRA.10.1_1"
"efabdd1c",2023-08-04,NA,NA,NA,NA,154381,74465,57058,NA,NA,NA,NA,NA,NA,NA,NA,NA,NA,NA,NA,NA,NA,NA,NA,NA,NA,NA,NA,NA,3,"Brazil","Maranhão","Açailândia",-4.70297599,-47.2219367927226,113121,"BRA","BR",76,"BRL","2100055","ChIJGyee5TH0xZIRLnyJmgHMmac",NA,"BRMA2100055",NA,"BRA.10.1_1"
"efabdd1c",2023-08-07,NA,NA,NA,NA,154434,74465,57059,NA,NA,NA,NA,NA,NA,NA,NA,NA,NA,NA,NA,NA,NA,NA,NA,NA,NA,NA,NA,NA,3,"Brazil","Maranhão","Açailândia",-4.70297599,-47.2219367927226,113121,"BRA","BR",76,"BRL","2100055","ChIJGyee5TH0xZIRLnyJmgHMmac",NA,"BRMA2100055",NA,"BRA.10.1_1"
"efabdd1c",2023-08-08,NA,NA,NA,NA,154454,74468,57062,NA,NA,NA,NA,NA,NA,NA,NA,NA,NA,NA,NA,NA,NA,NA,NA,NA,NA,NA,NA,NA,3,"Brazil","Maranhão","Açailândia",-4.70297599,-47.2219367927226,113121,"BRA","BR",76,"BRL","2100055","ChIJGyee5TH0xZIRLnyJmgHMmac",NA,"BRMA2100055",NA,"BRA.10.1_1"
"efabdd1c",2023-08-09,NA,NA,NA,NA,154479,74475,57064,NA,NA,NA,NA,NA,NA,NA,NA,NA,NA,NA,NA,NA,NA,NA,NA,NA,NA,NA,NA,NA,3,"Brazil","Maranhão","Açailândia",-4.70297599,-47.2219367927226,113121,"BRA","BR",76,"BRL","2100055","ChIJGyee5TH0xZIRLnyJmgHMmac",NA,"BRMA2100055",NA,"BRA.10.1_1"
"efabdd1c",2023-08-10,NA,NA,NA,NA,154497,74479,57068,NA,NA,NA,NA,NA,NA,NA,NA,NA,NA,NA,NA,NA,NA,NA,NA,NA,NA,NA,NA,NA,3,"Brazil","Maranhão","Açailândia",-4.70297599,-47.2219367927226,113121,"BRA","BR",76,"BRL","2100055","ChIJGyee5TH0xZIRLnyJmgHMmac",NA,"BRMA2100055",NA,"BRA.10.1_1"
"efabdd1c",2023-08-11,NA,NA,NA,NA,154506,74480,57073,NA,NA,NA,NA,NA,NA,NA,NA,NA,NA,NA,NA,NA,NA,NA,NA,NA,NA,NA,NA,NA,3,"Brazil","Maranhão","Açailândia",-4.70297599,-47.2219367927226,113121,"BRA","BR",76,"BRL","2100055","ChIJGyee5TH0xZIRLnyJmgHMmac",NA,"BRMA2100055",NA,"BRA.10.1_1"
"efabdd1c",2023-08-14,NA,NA,NA,NA,154519,74480,57074,NA,NA,NA,NA,NA,NA,NA,NA,NA,NA,NA,NA,NA,NA,NA,NA,NA,NA,NA,NA,NA,3,"Brazil","Maranhão","Açailândia",-4.70297599,-47.2219367927226,113121,"BRA","BR",76,"BRL","2100055","ChIJGyee5TH0xZIRLnyJmgHMmac",NA,"BRMA2100055",NA,"BRA.10.1_1"
"efabdd1c",2023-08-15,NA,NA,NA,NA,154522,74480,57075,NA,NA,NA,NA,NA,NA,NA,NA,NA,NA,NA,NA,NA,NA,NA,NA,NA,NA,NA,NA,NA,3,"Brazil","Maranhão","Açailândia",-4.70297599,-47.2219367927226,113121,"BRA","BR",76,"BRL","2100055","ChIJGyee5TH0xZIRLnyJmgHMmac",NA,"BRMA2100055",NA,"BRA.10.1_1"
"efabdd1c",2023-08-16,NA,NA,NA,NA,154548,74490,57080,NA,NA,NA,NA,NA,NA,NA,NA,NA,NA,NA,NA,NA,NA,NA,NA,NA,NA,NA,NA,NA,3,"Brazil","Maranhão","Açailândia",-4.70297599,-47.2219367927226,113121,"BRA","BR",76,"BRL","2100055","ChIJGyee5TH0xZIRLnyJmgHMmac",NA,"BRMA2100055",NA,"BRA.10.1_1"
"efabdd1c",2023-08-17,NA,NA,NA,NA,154589,74499,57085,NA,NA,NA,NA,NA,NA,NA,NA,NA,NA,NA,NA,NA,NA,NA,NA,NA,NA,NA,NA,NA,3,"Brazil","Maranhão","Açailândia",-4.70297599,-47.2219367927226,113121,"BRA","BR",76,"BRL","2100055","ChIJGyee5TH0xZIRLnyJmgHMmac",NA,"BRMA2100055",NA,"BRA.10.1_1"
"efabdd1c",2023-08-18,NA,NA,NA,NA,154607,74502,57091,NA,NA,NA,NA,NA,NA,NA,NA,NA,NA,NA,NA,NA,NA,NA,NA,NA,NA,NA,NA,NA,3,"Brazil","Maranhão","Açailândia",-4.70297599,-47.2219367927226,113121,"BRA","BR",76,"BRL","2100055","ChIJGyee5TH0xZIRLnyJmgHMmac",NA,"BRMA2100055",NA,"BRA.10.1_1"
"efabdd1c",2023-08-21,NA,NA,NA,NA,154634,74507,57092,NA,NA,NA,NA,NA,NA,NA,NA,NA,NA,NA,NA,NA,NA,NA,NA,NA,NA,NA,NA,NA,3,"Brazil","Maranhão","Açailândia",-4.70297599,-47.2219367927226,113121,"BRA","BR",76,"BRL","2100055","ChIJGyee5TH0xZIRLnyJmgHMmac",NA,"BRMA2100055",NA,"BRA.10.1_1"
"efabdd1c",2023-08-22,NA,NA,NA,NA,154652,74511,57095,NA,NA,NA,NA,NA,NA,NA,NA,NA,NA,NA,NA,NA,NA,NA,NA,NA,NA,NA,NA,NA,3,"Brazil","Maranhão","Açailândia",-4.70297599,-47.2219367927226,113121,"BRA","BR",76,"BRL","2100055","ChIJGyee5TH0xZIRLnyJmgHMmac",NA,"BRMA2100055",NA,"BRA.10.1_1"
"efabdd1c",2023-08-23,NA,NA,NA,NA,154664,74513,57096,NA,NA,NA,NA,NA,NA,NA,NA,NA,NA,NA,NA,NA,NA,NA,NA,NA,NA,NA,NA,NA,3,"Brazil","Maranhão","Açailândia",-4.70297599,-47.2219367927226,113121,"BRA","BR",76,"BRL","2100055","ChIJGyee5TH0xZIRLnyJmgHMmac",NA,"BRMA2100055",NA,"BRA.10.1_1"
"efabdd1c",2023-08-24,NA,NA,NA,NA,154679,74515,57099,NA,NA,NA,NA,NA,NA,NA,NA,NA,NA,NA,NA,NA,NA,NA,NA,NA,NA,NA,NA,NA,3,"Brazil","Maranhão","Açailândia",-4.70297599,-47.2219367927226,113121,"BRA","BR",76,"BRL","2100055","ChIJGyee5TH0xZIRLnyJmgHMmac",NA,"BRMA2100055",NA,"BRA.10.1_1"
"efabdd1c",2023-08-25,NA,NA,NA,NA,154696,74516,57107,NA,NA,NA,NA,NA,NA,NA,NA,NA,NA,NA,NA,NA,NA,NA,NA,NA,NA,NA,NA,NA,3,"Brazil","Maranhão","Açailândia",-4.70297599,-47.2219367927226,113121,"BRA","BR",76,"BRL","2100055","ChIJGyee5TH0xZIRLnyJmgHMmac",NA,"BRMA2100055",NA,"BRA.10.1_1"
"efabdd1c",2023-08-26,NA,NA,NA,NA,154702,74516,57107,NA,NA,NA,NA,NA,NA,NA,NA,NA,NA,NA,NA,NA,NA,NA,NA,NA,NA,NA,NA,NA,3,"Brazil","Maranhão","Açailândia",-4.70297599,-47.2219367927226,113121,"BRA","BR",76,"BRL","2100055","ChIJGyee5TH0xZIRLnyJmgHMmac",NA,"BRMA2100055",NA,"BRA.10.1_1"
"efabdd1c",2023-08-28,NA,NA,NA,NA,154717,74516,57109,NA,NA,NA,NA,NA,NA,NA,NA,NA,NA,NA,NA,NA,NA,NA,NA,NA,NA,NA,NA,NA,3,"Brazil","Maranhão","Açailândia",-4.70297599,-47.2219367927226,113121,"BRA","BR",76,"BRL","2100055","ChIJGyee5TH0xZIRLnyJmgHMmac",NA,"BRMA2100055",NA,"BRA.10.1_1"
"efabdd1c",2023-08-29,NA,NA,NA,NA,154735,74517,57111,NA,NA,NA,NA,NA,NA,NA,NA,NA,NA,NA,NA,NA,NA,NA,NA,NA,NA,NA,NA,NA,3,"Brazil","Maranhão","Açailândia",-4.70297599,-47.2219367927226,113121,"BRA","BR",76,"BRL","2100055","ChIJGyee5TH0xZIRLnyJmgHMmac",NA,"BRMA2100055",NA,"BRA.10.1_1"
"efabdd1c",2023-08-30,NA,NA,NA,NA,154750,74519,57116,NA,NA,NA,NA,NA,NA,NA,NA,NA,NA,NA,NA,NA,NA,NA,NA,NA,NA,NA,NA,NA,3,"Brazil","Maranhão","Açailândia",-4.70297599,-47.2219367927226,113121,"BRA","BR",76,"BRL","2100055","ChIJGyee5TH0xZIRLnyJmgHMmac",NA,"BRMA2100055",NA,"BRA.10.1_1"
"efabdd1c",2023-08-31,NA,NA,NA,NA,154756,74520,57117,NA,NA,NA,NA,NA,NA,NA,NA,NA,NA,NA,NA,NA,NA,NA,NA,NA,NA,NA,NA,NA,3,"Brazil","Maranhão","Açailândia",-4.70297599,-47.2219367927226,113121,"BRA","BR",76,"BRL","2100055","ChIJGyee5TH0xZIRLnyJmgHMmac",NA,"BRMA2100055",NA,"BRA.10.1_1"
"efabdd1c",2023-09-01,NA,NA,NA,NA,154760,74521,57119,NA,NA,NA,NA,NA,NA,NA,NA,NA,NA,NA,NA,NA,NA,NA,NA,NA,NA,NA,NA,NA,3,"Brazil","Maranhão","Açailândia",-4.70297599,-47.2219367927226,113121,"BRA","BR",76,"BRL","2100055","ChIJGyee5TH0xZIRLnyJmgHMmac",NA,"BRMA2100055",NA,"BRA.10.1_1"
"efabdd1c",2023-09-04,NA,NA,NA,NA,154766,74523,57120,NA,NA,NA,NA,NA,NA,NA,NA,NA,NA,NA,NA,NA,NA,NA,NA,NA,NA,NA,NA,NA,3,"Brazil","Maranhão","Açailândia",-4.70297599,-47.2219367927226,113121,"BRA","BR",76,"BRL","2100055","ChIJGyee5TH0xZIRLnyJmgHMmac",NA,"BRMA2100055",NA,"BRA.10.1_1"
"efabdd1c",2023-09-05,NA,NA,NA,NA,154768,74523,57122,NA,NA,NA,NA,NA,NA,NA,NA,NA,NA,NA,NA,NA,NA,NA,NA,NA,NA,NA,NA,NA,3,"Brazil","Maranhão","Açailândia",-4.70297599,-47.2219367927226,113121,"BRA","BR",76,"BRL","2100055","ChIJGyee5TH0xZIRLnyJmgHMmac",NA,"BRMA2100055",NA,"BRA.10.1_1"
"efabdd1c",2023-09-06,NA,NA,NA,NA,154783,74524,57123,NA,NA,NA,NA,NA,NA,NA,NA,NA,NA,NA,NA,NA,NA,NA,NA,NA,NA,NA,NA,NA,3,"Brazil","Maranhão","Açailândia",-4.70297599,-47.2219367927226,113121,"BRA","BR",76,"BRL","2100055","ChIJGyee5TH0xZIRLnyJmgHMmac",NA,"BRMA2100055",NA,"BRA.10.1_1"
"efabdd1c",2023-09-11,NA,NA,NA,NA,154795,74528,57123,NA,NA,NA,NA,NA,NA,NA,NA,NA,NA,NA,NA,NA,NA,NA,NA,NA,NA,NA,NA,NA,3,"Brazil","Maranhão","Açailândia",-4.70297599,-47.2219367927226,113121,"BRA","BR",76,"BRL","2100055","ChIJGyee5TH0xZIRLnyJmgHMmac",NA,"BRMA2100055",NA,"BRA.10.1_1"
"efabdd1c",2023-09-12,NA,NA,NA,NA,154816,74532,57125,NA,NA,NA,NA,NA,NA,NA,NA,NA,NA,NA,NA,NA,NA,NA,NA,NA,NA,NA,NA,NA,3,"Brazil","Maranhão","Açailândia",-4.70297599,-47.2219367927226,113121,"BRA","BR",76,"BRL","2100055","ChIJGyee5TH0xZIRLnyJmgHMmac",NA,"BRMA2100055",NA,"BRA.10.1_1"
"efabdd1c",2023-09-13,NA,NA,NA,NA,154826,74533,57126,NA,NA,NA,NA,NA,NA,NA,NA,NA,NA,NA,NA,NA,NA,NA,NA,NA,NA,NA,NA,NA,3,"Brazil","Maranhão","Açailândia",-4.70297599,-47.2219367927226,113121,"BRA","BR",76,"BRL","2100055","ChIJGyee5TH0xZIRLnyJmgHMmac",NA,"BRMA2100055",NA,"BRA.10.1_1"
"efabdd1c",2023-09-18,NA,NA,NA,NA,154829,74536,57126,NA,NA,NA,NA,NA,NA,NA,NA,NA,NA,NA,NA,NA,NA,NA,NA,NA,NA,NA,NA,NA,3,"Brazil","Maranhão","Açailândia",-4.70297599,-47.2219367927226,113121,"BRA","BR",76,"BRL","2100055","ChIJGyee5TH0xZIRLnyJmgHMmac",NA,"BRMA2100055",NA,"BRA.10.1_1"
"efabdd1c",2023-09-19,NA,NA,NA,NA,154835,74538,57127,NA,NA,NA,NA,NA,NA,NA,NA,NA,NA,NA,NA,NA,NA,NA,NA,NA,NA,NA,NA,NA,3,"Brazil","Maranhão","Açailândia",-4.70297599,-47.2219367927226,113121,"BRA","BR",76,"BRL","2100055","ChIJGyee5TH0xZIRLnyJmgHMmac",NA,"BRMA2100055",NA,"BRA.10.1_1"
"efabdd1c",2023-09-20,NA,NA,NA,NA,154848,74539,57129,NA,NA,NA,NA,NA,NA,NA,NA,NA,NA,NA,NA,NA,NA,NA,NA,NA,NA,NA,NA,NA,3,"Brazil","Maranhão","Açailândia",-4.70297599,-47.2219367927226,113121,"BRA","BR",76,"BRL","2100055","ChIJGyee5TH0xZIRLnyJmgHMmac",NA,"BRMA2100055",NA,"BRA.10.1_1"
"efabdd1c",2023-09-21,NA,NA,NA,NA,154876,74546,57135,NA,NA,NA,NA,NA,NA,NA,NA,NA,NA,NA,NA,NA,NA,NA,NA,NA,NA,NA,NA,NA,3,"Brazil","Maranhão","Açailândia",-4.70297599,-47.2219367927226,113121,"BRA","BR",76,"BRL","2100055","ChIJGyee5TH0xZIRLnyJmgHMmac",NA,"BRMA2100055",NA,"BRA.10.1_1"
"efabdd1c",2023-09-22,NA,NA,NA,NA,154886,74547,57138,NA,NA,NA,NA,NA,NA,NA,NA,NA,NA,NA,NA,NA,NA,NA,NA,NA,NA,NA,NA,NA,3,"Brazil","Maranhão","Açailândia",-4.70297599,-47.2219367927226,113121,"BRA","BR",76,"BRL","2100055","ChIJGyee5TH0xZIRLnyJmgHMmac",NA,"BRMA2100055",NA,"BRA.10.1_1"
"efabdd1c",2023-09-25,NA,NA,NA,NA,154893,74550,57140,NA,NA,NA,NA,NA,NA,NA,NA,NA,NA,NA,NA,NA,NA,NA,NA,NA,NA,NA,NA,NA,3,"Brazil","Maranhão","Açailândia",-4.70297599,-47.2219367927226,113121,"BRA","BR",76,"BRL","2100055","ChIJGyee5TH0xZIRLnyJmgHMmac",NA,"BRMA2100055",NA,"BRA.10.1_1"
"efabdd1c",2023-09-26,NA,NA,NA,NA,154906,74553,57145,NA,NA,NA,NA,NA,NA,NA,NA,NA,NA,NA,NA,NA,NA,NA,NA,NA,NA,NA,NA,NA,3,"Brazil","Maranhão","Açailândia",-4.70297599,-47.2219367927226,113121,"BRA","BR",76,"BRL","2100055","ChIJGyee5TH0xZIRLnyJmgHMmac",NA,"BRMA2100055",NA,"BRA.10.1_1"
"efabdd1c",2023-09-27,NA,NA,NA,NA,154921,74556,57147,NA,NA,NA,NA,NA,NA,NA,NA,NA,NA,NA,NA,NA,NA,NA,NA,NA,NA,NA,NA,NA,3,"Brazil","Maranhão","Açailândia",-4.70297599,-47.2219367927226,113121,"BRA","BR",76,"BRL","2100055","ChIJGyee5TH0xZIRLnyJmgHMmac",NA,"BRMA2100055",NA,"BRA.10.1_1"
"efabdd1c",2023-09-28,NA,NA,NA,NA,154938,74557,57149,NA,NA,NA,NA,NA,NA,NA,NA,NA,NA,NA,NA,NA,NA,NA,NA,NA,NA,NA,NA,NA,3,"Brazil","Maranhão","Açailândia",-4.70297599,-47.2219367927226,113121,"BRA","BR",76,"BRL","2100055","ChIJGyee5TH0xZIRLnyJmgHMmac",NA,"BRMA2100055",NA,"BRA.10.1_1"
